Geography Name,Geography Type,Year,Hour of Day,Avg. Demand (kW)
880c42c20bfffff,H3,2025,0,1.2
880c42c20bfffff,H3,2025,1,1.1
880c42c20bfffff,H3,2025,2,0.9
880c42c20bfffff,H3,2025,3,0.9
880c42c20bfffff,H3,2025,4,0.8
880c42c20bfffff,H3,2025,5,0.7
880c42c20bfffff,H3,2025,6,0.7
880c42c20bfffff,H3,2025,7,0.6
880c42c20bfffff,H3,2025,8,0.5
880c42c20bfffff,H3,2025,9,0.5
880c42c20bfffff,H3,2025,10,0.5
880c42c20bfffff,H3,2025,11,0.6
880c42c20bfffff,H3,2025,12,0.6
880c42c20bfffff,H3,2025,13,0.7
880c42c20bfffff,H3,2025,14,0.7
880c42c20bfffff,H3,2025,15,0.9
880c42c20bfffff,H3,2025,16,1.0
880c42c20bfffff,H3,2025,17,1.4
880c42c20bfffff,H3,2025,18,1.6
880c42c20bfffff,H3,2025,19,1.8
880c42c20bfffff,H3,2025,20,1.8
880c42c20bfffff,H3,2025,21,1.8
880c42c20bfffff,H3,2025,22,1.7
880c42c20bfffff,H3,2025,23,1.5
880c553825fffff,H3,2025,0,1.2
880c553825fffff,H3,2025,1,1.1
880c553825fffff,H3,2025,2,1.0
880c553825fffff,H3,2025,3,0.9
880c553825fffff,H3,2025,4,0.8
880c553825fffff,H3,2025,5,0.7
880c553825fffff,H3,2025,6,0.7
880c553825fffff,H3,2025,7,0.6
880c553825fffff,H3,2025,8,0.5
880c553825fffff,H3,2025,9,0.5
880c553825fffff,H3,2025,10,0.5
880c553825fffff,H3,2025,11,0.6
880c553825fffff,H3,2025,12,0.6
880c553825fffff,H3,2025,13,0.7
880c553825fffff,H3,2025,14,0.7
880c553825fffff,H3,2025,15,0.9
880c553825fffff,H3,2025,16,1.0
880c553825fffff,H3,2025,17,1.4
880c553825fffff,H3,2025,18,1.6
880c553825fffff,H3,2025,19,1.8
880c553825fffff,H3,2025,20,1.8
880c553825fffff,H3,2025,21,1.8
880c553825fffff,H3,2025,22,1.7
880c553825fffff,H3,2025,23,1.5
880c73310bfffff,H3,2025,0,3.9
880c73310bfffff,H3,2025,1,3.4
880c73310bfffff,H3,2025,2,3.0
880c73310bfffff,H3,2025,3,2.6
880c73310bfffff,H3,2025,4,2.4
880c73310bfffff,H3,2025,5,2.2
880c73310bfffff,H3,2025,6,1.9
880c73310bfffff,H3,2025,7,1.7
880c73310bfffff,H3,2025,8,1.5
880c73310bfffff,H3,2025,9,1.5
880c73310bfffff,H3,2025,10,1.6
880c73310bfffff,H3,2025,11,1.8
880c73310bfffff,H3,2025,12,2.0
880c73310bfffff,H3,2025,13,2.3
880c73310bfffff,H3,2025,14,2.5
880c73310bfffff,H3,2025,15,3.0
880c73310bfffff,H3,2025,16,3.6
880c73310bfffff,H3,2025,17,4.7
880c73310bfffff,H3,2025,18,5.5
880c73310bfffff,H3,2025,19,5.8
880c73310bfffff,H3,2025,20,5.9
880c73310bfffff,H3,2025,21,5.7
880c73310bfffff,H3,2025,22,5.2
880c73310bfffff,H3,2025,23,4.7
880c733855fffff,H3,2025,0,20.2
880c733855fffff,H3,2025,1,17.7
880c733855fffff,H3,2025,2,15.5
880c733855fffff,H3,2025,3,13.9
880c733855fffff,H3,2025,4,12.6
880c733855fffff,H3,2025,5,11.5
880c733855fffff,H3,2025,6,10.1
880c733855fffff,H3,2025,7,8.1
880c733855fffff,H3,2025,8,6.8
880c733855fffff,H3,2025,9,6.6
880c733855fffff,H3,2025,10,7.0
880c733855fffff,H3,2025,11,8.1
880c733855fffff,H3,2025,12,9.3
880c733855fffff,H3,2025,13,10.5
880c733855fffff,H3,2025,14,11.6
880c733855fffff,H3,2025,15,13.6
880c733855fffff,H3,2025,16,17.0
880c733855fffff,H3,2025,17,22.3
880c733855fffff,H3,2025,18,26.2
880c733855fffff,H3,2025,19,28.2
880c733855fffff,H3,2025,20,29.4
880c733855fffff,H3,2025,21,28.8
880c733855fffff,H3,2025,22,26.7
880c733855fffff,H3,2025,23,23.9
880c7339d7fffff,H3,2025,0,2.4
880c7339d7fffff,H3,2025,1,2.2
880c7339d7fffff,H3,2025,2,1.8
880c7339d7fffff,H3,2025,3,1.6
880c7339d7fffff,H3,2025,4,1.5
880c7339d7fffff,H3,2025,5,1.4
880c7339d7fffff,H3,2025,6,1.2
880c7339d7fffff,H3,2025,7,1.0
880c7339d7fffff,H3,2025,8,0.8
880c7339d7fffff,H3,2025,9,0.8
880c7339d7fffff,H3,2025,10,0.9
880c7339d7fffff,H3,2025,11,1.0
880c7339d7fffff,H3,2025,12,1.1
880c7339d7fffff,H3,2025,13,1.2
880c7339d7fffff,H3,2025,14,1.4
880c7339d7fffff,H3,2025,15,1.7
880c7339d7fffff,H3,2025,16,2.0
880c7339d7fffff,H3,2025,17,2.7
880c7339d7fffff,H3,2025,18,3.2
880c7339d7fffff,H3,2025,19,3.4
880c7339d7fffff,H3,2025,20,3.5
880c7339d7fffff,H3,2025,21,3.4
880c7339d7fffff,H3,2025,22,3.2
880c7339d7fffff,H3,2025,23,2.8
880c733a33fffff,H3,2025,0,3.0
880c733a33fffff,H3,2025,1,2.6
880c733a33fffff,H3,2025,2,2.3
880c733a33fffff,H3,2025,3,2.0
880c733a33fffff,H3,2025,4,1.8
880c733a33fffff,H3,2025,5,1.7
880c733a33fffff,H3,2025,6,1.5
880c733a33fffff,H3,2025,7,1.1
880c733a33fffff,H3,2025,8,1.0
880c733a33fffff,H3,2025,9,0.9
880c733a33fffff,H3,2025,10,1.0
880c733a33fffff,H3,2025,11,1.1
880c733a33fffff,H3,2025,12,1.4
880c733a33fffff,H3,2025,13,1.5
880c733a33fffff,H3,2025,14,1.7
880c733a33fffff,H3,2025,15,2.0
880c733a33fffff,H3,2025,16,2.5
880c733a33fffff,H3,2025,17,3.3
880c733a33fffff,H3,2025,18,3.9
880c733a33fffff,H3,2025,19,4.1
880c733a33fffff,H3,2025,20,4.3
880c733a33fffff,H3,2025,21,4.2
880c733a33fffff,H3,2025,22,4.0
880c733a33fffff,H3,2025,23,3.5
880c733a35fffff,H3,2025,0,2.0
880c733a35fffff,H3,2025,1,1.8
880c733a35fffff,H3,2025,2,1.6
880c733a35fffff,H3,2025,3,1.4
880c733a35fffff,H3,2025,4,1.2
880c733a35fffff,H3,2025,5,1.1
880c733a35fffff,H3,2025,6,1.0
880c733a35fffff,H3,2025,7,0.8
880c733a35fffff,H3,2025,8,0.7
880c733a35fffff,H3,2025,9,0.7
880c733a35fffff,H3,2025,10,0.7
880c733a35fffff,H3,2025,11,0.8
880c733a35fffff,H3,2025,12,0.9
880c733a35fffff,H3,2025,13,1.0
880c733a35fffff,H3,2025,14,1.2
880c733a35fffff,H3,2025,15,1.4
880c733a35fffff,H3,2025,16,1.7
880c733a35fffff,H3,2025,17,2.3
880c733a35fffff,H3,2025,18,2.7
880c733a35fffff,H3,2025,19,2.8
880c733a35fffff,H3,2025,20,3.0
880c733a35fffff,H3,2025,21,3.0
880c733a35fffff,H3,2025,22,2.7
880c733a35fffff,H3,2025,23,2.4
880c7385b3fffff,H3,2025,0,1.2
880c7385b3fffff,H3,2025,1,1.1
880c7385b3fffff,H3,2025,2,1.0
880c7385b3fffff,H3,2025,3,0.9
880c7385b3fffff,H3,2025,4,0.8
880c7385b3fffff,H3,2025,5,0.7
880c7385b3fffff,H3,2025,6,0.7
880c7385b3fffff,H3,2025,7,0.6
880c7385b3fffff,H3,2025,8,0.5
880c7385b3fffff,H3,2025,9,0.5
880c7385b3fffff,H3,2025,10,0.5
880c7385b3fffff,H3,2025,11,0.6
880c7385b3fffff,H3,2025,12,0.6
880c7385b3fffff,H3,2025,13,0.7
880c7385b3fffff,H3,2025,14,0.8
880c7385b3fffff,H3,2025,15,0.9
880c7385b3fffff,H3,2025,16,1.1
880c7385b3fffff,H3,2025,17,1.5
880c7385b3fffff,H3,2025,18,1.7
880c7385b3fffff,H3,2025,19,1.8
880c7385b3fffff,H3,2025,20,1.9
880c7385b3fffff,H3,2025,21,1.8
880c7385b3fffff,H3,2025,22,1.7
880c7385b3fffff,H3,2025,23,1.5
880c73b23dfffff,H3,2025,0,2.2
880c73b23dfffff,H3,2025,1,1.8
880c73b23dfffff,H3,2025,2,1.6
880c73b23dfffff,H3,2025,3,1.5
880c73b23dfffff,H3,2025,4,1.2
880c73b23dfffff,H3,2025,5,1.2
880c73b23dfffff,H3,2025,6,1.0
880c73b23dfffff,H3,2025,7,0.8
880c73b23dfffff,H3,2025,8,0.7
880c73b23dfffff,H3,2025,9,0.7
880c73b23dfffff,H3,2025,10,0.7
880c73b23dfffff,H3,2025,11,0.8
880c73b23dfffff,H3,2025,12,0.9
880c73b23dfffff,H3,2025,13,1.0
880c73b23dfffff,H3,2025,14,1.2
880c73b23dfffff,H3,2025,15,1.4
880c73b23dfffff,H3,2025,16,1.8
880c73b23dfffff,H3,2025,17,2.3
880c73b23dfffff,H3,2025,18,2.7
880c73b23dfffff,H3,2025,19,3.0
880c73b23dfffff,H3,2025,20,3.1
880c73b23dfffff,H3,2025,21,3.0
880c73b23dfffff,H3,2025,22,2.7
880c73b23dfffff,H3,2025,23,2.5
880d58486bfffff,H3,2025,0,4.2
880d58486bfffff,H3,2025,1,3.6
880d58486bfffff,H3,2025,2,3.2
880d58486bfffff,H3,2025,3,2.8
880d58486bfffff,H3,2025,4,2.6
880d58486bfffff,H3,2025,5,2.4
880d58486bfffff,H3,2025,6,2.0
880d58486bfffff,H3,2025,7,1.7
880d58486bfffff,H3,2025,8,1.5
880d58486bfffff,H3,2025,9,1.4
880d58486bfffff,H3,2025,10,1.5
880d58486bfffff,H3,2025,11,1.7
880d58486bfffff,H3,2025,12,1.9
880d58486bfffff,H3,2025,13,2.2
880d58486bfffff,H3,2025,14,2.5
880d58486bfffff,H3,2025,15,2.8
880d58486bfffff,H3,2025,16,3.6
880d58486bfffff,H3,2025,17,4.7
880d58486bfffff,H3,2025,18,5.5
880d58486bfffff,H3,2025,19,5.9
880d58486bfffff,H3,2025,20,6.1
880d58486bfffff,H3,2025,21,6.0
880d58486bfffff,H3,2025,22,5.6
880d58486bfffff,H3,2025,23,4.9
880d5a91e7fffff,H3,2025,0,9.1
880d5a91e7fffff,H3,2025,1,8.0
880d5a91e7fffff,H3,2025,2,6.8
880d5a91e7fffff,H3,2025,3,6.1
880d5a91e7fffff,H3,2025,4,5.6
880d5a91e7fffff,H3,2025,5,5.1
880d5a91e7fffff,H3,2025,6,4.5
880d5a91e7fffff,H3,2025,7,3.8
880d5a91e7fffff,H3,2025,8,3.3
880d5a91e7fffff,H3,2025,9,3.2
880d5a91e7fffff,H3,2025,10,3.4
880d5a91e7fffff,H3,2025,11,3.9
880d5a91e7fffff,H3,2025,12,4.5
880d5a91e7fffff,H3,2025,13,5.0
880d5a91e7fffff,H3,2025,14,5.6
880d5a91e7fffff,H3,2025,15,6.6
880d5a91e7fffff,H3,2025,16,8.1
880d5a91e7fffff,H3,2025,17,10.6
880d5a91e7fffff,H3,2025,18,12.3
880d5a91e7fffff,H3,2025,19,13.1
880d5a91e7fffff,H3,2025,20,13.5
880d5a91e7fffff,H3,2025,21,13.2
880d5a91e7fffff,H3,2025,22,12.2
880d5a91e7fffff,H3,2025,23,10.7
880d5a9addfffff,H3,2025,0,1.2
880d5a9addfffff,H3,2025,1,1.0
880d5a9addfffff,H3,2025,2,0.9
880d5a9addfffff,H3,2025,3,0.9
880d5a9addfffff,H3,2025,4,0.8
880d5a9addfffff,H3,2025,5,0.7
880d5a9addfffff,H3,2025,6,0.7
880d5a9addfffff,H3,2025,7,0.5
880d5a9addfffff,H3,2025,8,0.5
880d5a9addfffff,H3,2025,9,0.3
880d5a9addfffff,H3,2025,10,0.5
880d5a9addfffff,H3,2025,11,0.5
880d5a9addfffff,H3,2025,12,0.6
880d5a9addfffff,H3,2025,13,0.7
880d5a9addfffff,H3,2025,14,0.7
880d5a9addfffff,H3,2025,15,0.8
880d5a9addfffff,H3,2025,16,1.0
880d5a9addfffff,H3,2025,17,1.4
880d5a9addfffff,H3,2025,18,1.6
880d5a9addfffff,H3,2025,19,1.7
880d5a9addfffff,H3,2025,20,1.8
880d5a9addfffff,H3,2025,21,1.8
880d5a9addfffff,H3,2025,22,1.6
880d5a9addfffff,H3,2025,23,1.5
880d5b863bfffff,H3,2025,0,3.1
880d5b863bfffff,H3,2025,1,2.7
880d5b863bfffff,H3,2025,2,2.4
880d5b863bfffff,H3,2025,3,2.2
880d5b863bfffff,H3,2025,4,1.9
880d5b863bfffff,H3,2025,5,1.7
880d5b863bfffff,H3,2025,6,1.6
880d5b863bfffff,H3,2025,7,1.2
880d5b863bfffff,H3,2025,8,1.1
880d5b863bfffff,H3,2025,9,1.0
880d5b863bfffff,H3,2025,10,1.1
880d5b863bfffff,H3,2025,11,1.2
880d5b863bfffff,H3,2025,12,1.5
880d5b863bfffff,H3,2025,13,1.7
880d5b863bfffff,H3,2025,14,1.8
880d5b863bfffff,H3,2025,15,2.2
880d5b863bfffff,H3,2025,16,2.7
880d5b863bfffff,H3,2025,17,3.5
880d5b863bfffff,H3,2025,18,4.2
880d5b863bfffff,H3,2025,19,4.4
880d5b863bfffff,H3,2025,20,4.7
880d5b863bfffff,H3,2025,21,4.5
880d5b863bfffff,H3,2025,22,4.2
880d5b863bfffff,H3,2025,23,3.6
8812c900b3fffff,H3,2025,0,1.2
8812c900b3fffff,H3,2025,1,1.1
8812c900b3fffff,H3,2025,2,1.0
8812c900b3fffff,H3,2025,3,0.9
8812c900b3fffff,H3,2025,4,0.8
8812c900b3fffff,H3,2025,5,0.7
8812c900b3fffff,H3,2025,6,0.7
8812c900b3fffff,H3,2025,7,0.6
8812c900b3fffff,H3,2025,8,0.5
8812c900b3fffff,H3,2025,9,0.5
8812c900b3fffff,H3,2025,10,0.5
8812c900b3fffff,H3,2025,11,0.6
8812c900b3fffff,H3,2025,12,0.6
8812c900b3fffff,H3,2025,13,0.7
8812c900b3fffff,H3,2025,14,0.8
8812c900b3fffff,H3,2025,15,0.9
8812c900b3fffff,H3,2025,16,1.0
8812c900b3fffff,H3,2025,17,1.4
8812c900b3fffff,H3,2025,18,1.7
8812c900b3fffff,H3,2025,19,1.8
8812c900b3fffff,H3,2025,20,1.8
8812c900b3fffff,H3,2025,21,1.8
8812c900b3fffff,H3,2025,22,1.7
8812c900b3fffff,H3,2025,23,1.5
8812c93953fffff,H3,2025,0,4.2
8812c93953fffff,H3,2025,1,3.6
8812c93953fffff,H3,2025,2,3.2
8812c93953fffff,H3,2025,3,2.8
8812c93953fffff,H3,2025,4,2.6
8812c93953fffff,H3,2025,5,2.4
8812c93953fffff,H3,2025,6,2.2
8812c93953fffff,H3,2025,7,1.7
8812c93953fffff,H3,2025,8,1.4
8812c93953fffff,H3,2025,9,1.4
8812c93953fffff,H3,2025,10,1.5
8812c93953fffff,H3,2025,11,1.7
8812c93953fffff,H3,2025,12,1.9
8812c93953fffff,H3,2025,13,2.2
8812c93953fffff,H3,2025,14,2.4
8812c93953fffff,H3,2025,15,2.8
8812c93953fffff,H3,2025,16,3.5
8812c93953fffff,H3,2025,17,4.7
8812c93953fffff,H3,2025,18,5.5
8812c93953fffff,H3,2025,19,5.8
8812c93953fffff,H3,2025,20,6.1
8812c93953fffff,H3,2025,21,6.0
8812c93953fffff,H3,2025,22,5.6
8812c93953fffff,H3,2025,23,5.0
8812ca0925fffff,H3,2025,0,3.4
8812ca0925fffff,H3,2025,1,3.0
8812ca0925fffff,H3,2025,2,2.6
8812ca0925fffff,H3,2025,3,2.3
8812ca0925fffff,H3,2025,4,2.2
8812ca0925fffff,H3,2025,5,1.9
8812ca0925fffff,H3,2025,6,1.7
8812ca0925fffff,H3,2025,7,1.4
8812ca0925fffff,H3,2025,8,1.1
8812ca0925fffff,H3,2025,9,1.1
8812ca0925fffff,H3,2025,10,1.2
8812ca0925fffff,H3,2025,11,1.4
8812ca0925fffff,H3,2025,12,1.6
8812ca0925fffff,H3,2025,13,1.8
8812ca0925fffff,H3,2025,14,2.0
8812ca0925fffff,H3,2025,15,2.4
8812ca0925fffff,H3,2025,16,3.0
8812ca0925fffff,H3,2025,17,3.9
8812ca0925fffff,H3,2025,18,4.5
8812ca0925fffff,H3,2025,19,4.8
8812ca0925fffff,H3,2025,20,5.0
8812ca0925fffff,H3,2025,21,4.9
8812ca0925fffff,H3,2025,22,4.5
8812ca0925fffff,H3,2025,23,4.0
8812cb5a95fffff,H3,2025,0,3.8
8812cb5a95fffff,H3,2025,1,3.3
8812cb5a95fffff,H3,2025,2,2.8
8812cb5a95fffff,H3,2025,3,2.5
8812cb5a95fffff,H3,2025,4,2.3
8812cb5a95fffff,H3,2025,5,2.0
8812cb5a95fffff,H3,2025,6,1.8
8812cb5a95fffff,H3,2025,7,1.5
8812cb5a95fffff,H3,2025,8,1.2
8812cb5a95fffff,H3,2025,9,1.2
8812cb5a95fffff,H3,2025,10,1.4
8812cb5a95fffff,H3,2025,11,1.6
8812cb5a95fffff,H3,2025,12,1.8
8812cb5a95fffff,H3,2025,13,2.0
8812cb5a95fffff,H3,2025,14,2.3
8812cb5a95fffff,H3,2025,15,2.6
8812cb5a95fffff,H3,2025,16,3.2
8812cb5a95fffff,H3,2025,17,4.1
8812cb5a95fffff,H3,2025,18,5.0
8812cb5a95fffff,H3,2025,19,5.7
8812cb5a95fffff,H3,2025,20,5.9
8812cb5a95fffff,H3,2025,21,5.8
8812cb5a95fffff,H3,2025,22,5.1
8812cb5a95fffff,H3,2025,23,4.5
8812cb8b09fffff,H3,2025,0,2.3
8812cb8b09fffff,H3,2025,1,2.0
8812cb8b09fffff,H3,2025,2,1.8
8812cb8b09fffff,H3,2025,3,1.6
8812cb8b09fffff,H3,2025,4,1.5
8812cb8b09fffff,H3,2025,5,1.2
8812cb8b09fffff,H3,2025,6,1.1
8812cb8b09fffff,H3,2025,7,0.9
8812cb8b09fffff,H3,2025,8,0.8
8812cb8b09fffff,H3,2025,9,0.8
8812cb8b09fffff,H3,2025,10,0.8
8812cb8b09fffff,H3,2025,11,0.9
8812cb8b09fffff,H3,2025,12,1.0
8812cb8b09fffff,H3,2025,13,1.1
8812cb8b09fffff,H3,2025,14,1.4
8812cb8b09fffff,H3,2025,15,1.6
8812cb8b09fffff,H3,2025,16,1.9
8812cb8b09fffff,H3,2025,17,2.5
8812cb8b09fffff,H3,2025,18,3.0
8812cb8b09fffff,H3,2025,19,3.2
8812cb8b09fffff,H3,2025,20,3.4
8812cb8b09fffff,H3,2025,21,3.3
8812cb8b09fffff,H3,2025,22,3.1
8812cb8b09fffff,H3,2025,23,2.7
8812cbab23fffff,H3,2025,0,2.0
8812cbab23fffff,H3,2025,1,1.8
8812cbab23fffff,H3,2025,2,1.6
8812cbab23fffff,H3,2025,3,1.5
8812cbab23fffff,H3,2025,4,1.2
8812cbab23fffff,H3,2025,5,1.1
8812cbab23fffff,H3,2025,6,1.0
8812cbab23fffff,H3,2025,7,0.8
8812cbab23fffff,H3,2025,8,0.7
8812cbab23fffff,H3,2025,9,0.7
8812cbab23fffff,H3,2025,10,0.7
8812cbab23fffff,H3,2025,11,0.8
8812cbab23fffff,H3,2025,12,0.9
8812cbab23fffff,H3,2025,13,1.0
8812cbab23fffff,H3,2025,14,1.2
8812cbab23fffff,H3,2025,15,1.4
8812cbab23fffff,H3,2025,16,1.7
8812cbab23fffff,H3,2025,17,2.3
8812cbab23fffff,H3,2025,18,2.7
8812cbab23fffff,H3,2025,19,2.8
8812cbab23fffff,H3,2025,20,3.0
8812cbab23fffff,H3,2025,21,3.0
8812cbab23fffff,H3,2025,22,2.7
8812cbab23fffff,H3,2025,23,2.5
8812d800e9fffff,H3,2025,0,1.6
8812d800e9fffff,H3,2025,1,1.4
8812d800e9fffff,H3,2025,2,1.2
8812d800e9fffff,H3,2025,3,1.1
8812d800e9fffff,H3,2025,4,1.0
8812d800e9fffff,H3,2025,5,0.9
8812d800e9fffff,H3,2025,6,0.8
8812d800e9fffff,H3,2025,7,0.7
8812d800e9fffff,H3,2025,8,0.6
8812d800e9fffff,H3,2025,9,0.6
8812d800e9fffff,H3,2025,10,0.6
8812d800e9fffff,H3,2025,11,0.7
8812d800e9fffff,H3,2025,12,0.7
8812d800e9fffff,H3,2025,13,0.8
8812d800e9fffff,H3,2025,14,0.9
8812d800e9fffff,H3,2025,15,1.0
8812d800e9fffff,H3,2025,16,1.4
8812d800e9fffff,H3,2025,17,1.7
8812d800e9fffff,H3,2025,18,2.0
8812d800e9fffff,H3,2025,19,2.2
8812d800e9fffff,H3,2025,20,2.3
8812d800e9fffff,H3,2025,21,2.3
8812d800e9fffff,H3,2025,22,2.0
8812d800e9fffff,H3,2025,23,1.8
8812d84debfffff,H3,2025,0,1.2
8812d84debfffff,H3,2025,1,1.0
8812d84debfffff,H3,2025,2,0.9
8812d84debfffff,H3,2025,3,0.8
8812d84debfffff,H3,2025,4,0.8
8812d84debfffff,H3,2025,5,0.7
8812d84debfffff,H3,2025,6,0.6
8812d84debfffff,H3,2025,7,0.6
8812d84debfffff,H3,2025,8,0.5
8812d84debfffff,H3,2025,9,0.5
8812d84debfffff,H3,2025,10,0.5
8812d84debfffff,H3,2025,11,0.6
8812d84debfffff,H3,2025,12,0.6
8812d84debfffff,H3,2025,13,0.7
8812d84debfffff,H3,2025,14,0.8
8812d84debfffff,H3,2025,15,0.9
8812d84debfffff,H3,2025,16,1.1
8812d84debfffff,H3,2025,17,1.4
8812d84debfffff,H3,2025,18,1.6
8812d84debfffff,H3,2025,19,1.8
8812d84debfffff,H3,2025,20,1.8
8812d84debfffff,H3,2025,21,1.8
8812d84debfffff,H3,2025,22,1.6
8812d84debfffff,H3,2025,23,1.5
8812d87937fffff,H3,2025,0,5.0
8812d87937fffff,H3,2025,1,4.4
8812d87937fffff,H3,2025,2,3.9
8812d87937fffff,H3,2025,3,3.4
8812d87937fffff,H3,2025,4,3.2
8812d87937fffff,H3,2025,5,2.8
8812d87937fffff,H3,2025,6,2.5
8812d87937fffff,H3,2025,7,2.0
8812d87937fffff,H3,2025,8,1.7
8812d87937fffff,H3,2025,9,1.6
8812d87937fffff,H3,2025,10,1.8
8812d87937fffff,H3,2025,11,2.0
8812d87937fffff,H3,2025,12,2.3
8812d87937fffff,H3,2025,13,2.6
8812d87937fffff,H3,2025,14,3.0
8812d87937fffff,H3,2025,15,3.4
8812d87937fffff,H3,2025,16,4.2
8812d87937fffff,H3,2025,17,5.6
8812d87937fffff,H3,2025,18,6.6
8812d87937fffff,H3,2025,19,7.0
8812d87937fffff,H3,2025,20,7.3
8812d87937fffff,H3,2025,21,7.2
8812d87937fffff,H3,2025,22,6.6
8812d87937fffff,H3,2025,23,5.9
8812d91563fffff,H3,2025,0,1.2
8812d91563fffff,H3,2025,1,1.1
8812d91563fffff,H3,2025,2,0.9
8812d91563fffff,H3,2025,3,0.9
8812d91563fffff,H3,2025,4,0.8
8812d91563fffff,H3,2025,5,0.7
8812d91563fffff,H3,2025,6,0.7
8812d91563fffff,H3,2025,7,0.6
8812d91563fffff,H3,2025,8,0.5
8812d91563fffff,H3,2025,9,0.5
8812d91563fffff,H3,2025,10,0.5
8812d91563fffff,H3,2025,11,0.6
8812d91563fffff,H3,2025,12,0.6
8812d91563fffff,H3,2025,13,0.7
8812d91563fffff,H3,2025,14,0.7
8812d91563fffff,H3,2025,15,0.9
8812d91563fffff,H3,2025,16,1.0
8812d91563fffff,H3,2025,17,1.4
8812d91563fffff,H3,2025,18,1.6
8812d91563fffff,H3,2025,19,1.8
8812d91563fffff,H3,2025,20,1.8
8812d91563fffff,H3,2025,21,1.8
8812d91563fffff,H3,2025,22,1.7
8812d91563fffff,H3,2025,23,1.5
8812d9452dfffff,H3,2025,0,1.9
8812d9452dfffff,H3,2025,1,1.7
8812d9452dfffff,H3,2025,2,1.5
8812d9452dfffff,H3,2025,3,1.4
8812d9452dfffff,H3,2025,4,1.2
8812d9452dfffff,H3,2025,5,1.1
8812d9452dfffff,H3,2025,6,1.0
8812d9452dfffff,H3,2025,7,0.8
8812d9452dfffff,H3,2025,8,0.7
8812d9452dfffff,H3,2025,9,0.7
8812d9452dfffff,H3,2025,10,0.7
8812d9452dfffff,H3,2025,11,0.8
8812d9452dfffff,H3,2025,12,0.9
8812d9452dfffff,H3,2025,13,1.0
8812d9452dfffff,H3,2025,14,1.1
8812d9452dfffff,H3,2025,15,1.4
8812d9452dfffff,H3,2025,16,1.7
8812d9452dfffff,H3,2025,17,2.2
8812d9452dfffff,H3,2025,18,2.6
8812d9452dfffff,H3,2025,19,2.7
8812d9452dfffff,H3,2025,20,2.8
8812d9452dfffff,H3,2025,21,2.8
8812d9452dfffff,H3,2025,22,2.6
8812d9452dfffff,H3,2025,23,2.3
8812d9ad61fffff,H3,2025,0,2.6
8812d9ad61fffff,H3,2025,1,2.3
8812d9ad61fffff,H3,2025,2,2.0
8812d9ad61fffff,H3,2025,3,1.8
8812d9ad61fffff,H3,2025,4,1.6
8812d9ad61fffff,H3,2025,5,1.5
8812d9ad61fffff,H3,2025,6,1.4
8812d9ad61fffff,H3,2025,7,1.0
8812d9ad61fffff,H3,2025,8,0.9
8812d9ad61fffff,H3,2025,9,0.9
8812d9ad61fffff,H3,2025,10,0.9
8812d9ad61fffff,H3,2025,11,1.0
8812d9ad61fffff,H3,2025,12,1.2
8812d9ad61fffff,H3,2025,13,1.4
8812d9ad61fffff,H3,2025,14,1.6
8812d9ad61fffff,H3,2025,15,1.8
8812d9ad61fffff,H3,2025,16,2.3
8812d9ad61fffff,H3,2025,17,3.0
8812d9ad61fffff,H3,2025,18,3.5
8812d9ad61fffff,H3,2025,19,3.8
8812d9ad61fffff,H3,2025,20,3.9
8812d9ad61fffff,H3,2025,21,3.8
8812d9ad61fffff,H3,2025,22,3.5
8812d9ad61fffff,H3,2025,23,3.1
8812d9c767fffff,H3,2025,0,3.8
8812d9c767fffff,H3,2025,1,3.3
8812d9c767fffff,H3,2025,2,2.8
8812d9c767fffff,H3,2025,3,2.5
8812d9c767fffff,H3,2025,4,2.3
8812d9c767fffff,H3,2025,5,2.0
8812d9c767fffff,H3,2025,6,1.8
8812d9c767fffff,H3,2025,7,1.5
8812d9c767fffff,H3,2025,8,1.2
8812d9c767fffff,H3,2025,9,1.2
8812d9c767fffff,H3,2025,10,1.2
8812d9c767fffff,H3,2025,11,1.5
8812d9c767fffff,H3,2025,12,1.7
8812d9c767fffff,H3,2025,13,1.9
8812d9c767fffff,H3,2025,14,2.2
8812d9c767fffff,H3,2025,15,2.5
8812d9c767fffff,H3,2025,16,3.2
8812d9c767fffff,H3,2025,17,4.1
8812d9c767fffff,H3,2025,18,4.8
8812d9c767fffff,H3,2025,19,5.1
8812d9c767fffff,H3,2025,20,5.5
8812d9c767fffff,H3,2025,21,5.3
8812d9c767fffff,H3,2025,22,4.9
8812d9c767fffff,H3,2025,23,4.4
8812da6023fffff,H3,2025,0,3.0
8812da6023fffff,H3,2025,1,2.6
8812da6023fffff,H3,2025,2,2.3
8812da6023fffff,H3,2025,3,2.0
8812da6023fffff,H3,2025,4,1.8
8812da6023fffff,H3,2025,5,1.7
8812da6023fffff,H3,2025,6,1.5
8812da6023fffff,H3,2025,7,1.1
8812da6023fffff,H3,2025,8,1.0
8812da6023fffff,H3,2025,9,0.9
8812da6023fffff,H3,2025,10,1.0
8812da6023fffff,H3,2025,11,1.1
8812da6023fffff,H3,2025,12,1.4
8812da6023fffff,H3,2025,13,1.5
8812da6023fffff,H3,2025,14,1.7
8812da6023fffff,H3,2025,15,2.0
8812da6023fffff,H3,2025,16,2.5
8812da6023fffff,H3,2025,17,3.3
8812da6023fffff,H3,2025,18,3.9
8812da6023fffff,H3,2025,19,4.1
8812da6023fffff,H3,2025,20,4.3
8812da6023fffff,H3,2025,21,4.2
8812da6023fffff,H3,2025,22,3.9
8812da6023fffff,H3,2025,23,3.4
8812da8a1bfffff,H3,2025,0,1.2
8812da8a1bfffff,H3,2025,1,1.1
8812da8a1bfffff,H3,2025,2,1.0
8812da8a1bfffff,H3,2025,3,0.9
8812da8a1bfffff,H3,2025,4,0.8
8812da8a1bfffff,H3,2025,5,0.8
8812da8a1bfffff,H3,2025,6,0.7
8812da8a1bfffff,H3,2025,7,0.6
8812da8a1bfffff,H3,2025,8,0.5
8812da8a1bfffff,H3,2025,9,0.5
8812da8a1bfffff,H3,2025,10,0.5
8812da8a1bfffff,H3,2025,11,0.6
8812da8a1bfffff,H3,2025,12,0.7
8812da8a1bfffff,H3,2025,13,0.7
8812da8a1bfffff,H3,2025,14,0.8
8812da8a1bfffff,H3,2025,15,0.9
8812da8a1bfffff,H3,2025,16,1.1
8812da8a1bfffff,H3,2025,17,1.5
8812da8a1bfffff,H3,2025,18,1.7
8812da8a1bfffff,H3,2025,19,1.8
8812da8a1bfffff,H3,2025,20,1.9
8812da8a1bfffff,H3,2025,21,1.8
8812da8a1bfffff,H3,2025,22,1.7
8812da8a1bfffff,H3,2025,23,1.6
8812db0c39fffff,H3,2025,0,8.1
8812db0c39fffff,H3,2025,1,7.0
8812db0c39fffff,H3,2025,2,6.1
8812db0c39fffff,H3,2025,3,5.6
8812db0c39fffff,H3,2025,4,5.0
8812db0c39fffff,H3,2025,5,4.5
8812db0c39fffff,H3,2025,6,4.0
8812db0c39fffff,H3,2025,7,3.2
8812db0c39fffff,H3,2025,8,2.7
8812db0c39fffff,H3,2025,9,2.6
8812db0c39fffff,H3,2025,10,2.8
8812db0c39fffff,H3,2025,11,3.2
8812db0c39fffff,H3,2025,12,3.8
8812db0c39fffff,H3,2025,13,4.1
8812db0c39fffff,H3,2025,14,4.7
8812db0c39fffff,H3,2025,15,5.5
8812db0c39fffff,H3,2025,16,6.8
8812db0c39fffff,H3,2025,17,8.9
8812db0c39fffff,H3,2025,18,10.5
8812db0c39fffff,H3,2025,19,11.2
8812db0c39fffff,H3,2025,20,11.7
8812db0c39fffff,H3,2025,21,11.5
8812db0c39fffff,H3,2025,22,10.7
8812db0c39fffff,H3,2025,23,9.4
8812db0db3fffff,H3,2025,0,3.1
8812db0db3fffff,H3,2025,1,2.7
8812db0db3fffff,H3,2025,2,2.4
8812db0db3fffff,H3,2025,3,2.2
8812db0db3fffff,H3,2025,4,1.9
8812db0db3fffff,H3,2025,5,1.8
8812db0db3fffff,H3,2025,6,1.6
8812db0db3fffff,H3,2025,7,1.2
8812db0db3fffff,H3,2025,8,1.0
8812db0db3fffff,H3,2025,9,1.0
8812db0db3fffff,H3,2025,10,1.1
8812db0db3fffff,H3,2025,11,1.2
8812db0db3fffff,H3,2025,12,1.5
8812db0db3fffff,H3,2025,13,1.6
8812db0db3fffff,H3,2025,14,1.8
8812db0db3fffff,H3,2025,15,2.2
8812db0db3fffff,H3,2025,16,2.6
8812db0db3fffff,H3,2025,17,3.4
8812db0db3fffff,H3,2025,18,4.1
8812db0db3fffff,H3,2025,19,4.3
8812db0db3fffff,H3,2025,20,4.5
8812db0db3fffff,H3,2025,21,4.4
8812db0db3fffff,H3,2025,22,4.1
8812db0db3fffff,H3,2025,23,3.6
8812db0eadfffff,H3,2025,0,1.6
8812db0eadfffff,H3,2025,1,1.4
8812db0eadfffff,H3,2025,2,1.2
8812db0eadfffff,H3,2025,3,1.1
8812db0eadfffff,H3,2025,4,1.0
8812db0eadfffff,H3,2025,5,0.9
8812db0eadfffff,H3,2025,6,0.8
8812db0eadfffff,H3,2025,7,0.7
8812db0eadfffff,H3,2025,8,0.6
8812db0eadfffff,H3,2025,9,0.6
8812db0eadfffff,H3,2025,10,0.6
8812db0eadfffff,H3,2025,11,0.7
8812db0eadfffff,H3,2025,12,0.8
8812db0eadfffff,H3,2025,13,0.9
8812db0eadfffff,H3,2025,14,0.9
8812db0eadfffff,H3,2025,15,1.1
8812db0eadfffff,H3,2025,16,1.4
8812db0eadfffff,H3,2025,17,1.8
8812db0eadfffff,H3,2025,18,2.2
8812db0eadfffff,H3,2025,19,2.3
8812db0eadfffff,H3,2025,20,2.4
8812db0eadfffff,H3,2025,21,2.3
8812db0eadfffff,H3,2025,22,2.2
8812db0eadfffff,H3,2025,23,1.9
8812db341bfffff,H3,2025,0,3.6
8812db341bfffff,H3,2025,1,3.2
8812db341bfffff,H3,2025,2,2.7
8812db341bfffff,H3,2025,3,2.5
8812db341bfffff,H3,2025,4,2.3
8812db341bfffff,H3,2025,5,2.0
8812db341bfffff,H3,2025,6,1.8
8812db341bfffff,H3,2025,7,1.5
8812db341bfffff,H3,2025,8,1.2
8812db341bfffff,H3,2025,9,1.2
8812db341bfffff,H3,2025,10,1.2
8812db341bfffff,H3,2025,11,1.5
8812db341bfffff,H3,2025,12,1.7
8812db341bfffff,H3,2025,13,1.9
8812db341bfffff,H3,2025,14,2.2
8812db341bfffff,H3,2025,15,2.5
8812db341bfffff,H3,2025,16,3.2
8812db341bfffff,H3,2025,17,4.1
8812db341bfffff,H3,2025,18,4.8
8812db341bfffff,H3,2025,19,5.1
8812db341bfffff,H3,2025,20,5.3
8812db341bfffff,H3,2025,21,5.2
8812db341bfffff,H3,2025,22,4.8
8812db341bfffff,H3,2025,23,4.3
8812db34e3fffff,H3,2025,0,1.7
8812db34e3fffff,H3,2025,1,1.5
8812db34e3fffff,H3,2025,2,1.2
8812db34e3fffff,H3,2025,3,1.1
8812db34e3fffff,H3,2025,4,1.0
8812db34e3fffff,H3,2025,5,0.9
8812db34e3fffff,H3,2025,6,0.9
8812db34e3fffff,H3,2025,7,0.7
8812db34e3fffff,H3,2025,8,0.6
8812db34e3fffff,H3,2025,9,0.6
8812db34e3fffff,H3,2025,10,0.7
8812db34e3fffff,H3,2025,11,0.7
8812db34e3fffff,H3,2025,12,0.8
8812db34e3fffff,H3,2025,13,0.9
8812db34e3fffff,H3,2025,14,1.0
8812db34e3fffff,H3,2025,15,1.2
8812db34e3fffff,H3,2025,16,1.6
8812db34e3fffff,H3,2025,17,2.0
8812db34e3fffff,H3,2025,18,2.3
8812db34e3fffff,H3,2025,19,2.5
8812db34e3fffff,H3,2025,20,2.5
8812db34e3fffff,H3,2025,21,2.5
8812db34e3fffff,H3,2025,22,2.3
8812db34e3fffff,H3,2025,23,2.0
8812db71e3fffff,H3,2025,0,4.0
8812db71e3fffff,H3,2025,1,3.4
8812db71e3fffff,H3,2025,2,3.0
8812db71e3fffff,H3,2025,3,2.7
8812db71e3fffff,H3,2025,4,2.4
8812db71e3fffff,H3,2025,5,2.2
8812db71e3fffff,H3,2025,6,2.0
8812db71e3fffff,H3,2025,7,1.6
8812db71e3fffff,H3,2025,8,1.5
8812db71e3fffff,H3,2025,9,1.4
8812db71e3fffff,H3,2025,10,1.5
8812db71e3fffff,H3,2025,11,1.7
8812db71e3fffff,H3,2025,12,2.0
8812db71e3fffff,H3,2025,13,2.3
8812db71e3fffff,H3,2025,14,2.5
8812db71e3fffff,H3,2025,15,2.8
8812db71e3fffff,H3,2025,16,3.5
8812db71e3fffff,H3,2025,17,4.7
8812db71e3fffff,H3,2025,18,5.5
8812db71e3fffff,H3,2025,19,5.8
8812db71e3fffff,H3,2025,20,6.0
8812db71e3fffff,H3,2025,21,5.8
8812db71e3fffff,H3,2025,22,5.3
8812db71e3fffff,H3,2025,23,4.8
8812db7647fffff,H3,2025,0,1.6
8812db7647fffff,H3,2025,1,1.4
8812db7647fffff,H3,2025,2,1.2
8812db7647fffff,H3,2025,3,1.0
8812db7647fffff,H3,2025,4,1.0
8812db7647fffff,H3,2025,5,0.9
8812db7647fffff,H3,2025,6,0.8
8812db7647fffff,H3,2025,7,0.7
8812db7647fffff,H3,2025,8,0.6
8812db7647fffff,H3,2025,9,0.6
8812db7647fffff,H3,2025,10,0.6
8812db7647fffff,H3,2025,11,0.7
8812db7647fffff,H3,2025,12,0.7
8812db7647fffff,H3,2025,13,0.8
8812db7647fffff,H3,2025,14,0.9
8812db7647fffff,H3,2025,15,1.0
8812db7647fffff,H3,2025,16,1.4
8812db7647fffff,H3,2025,17,1.7
8812db7647fffff,H3,2025,18,2.0
8812db7647fffff,H3,2025,19,2.2
8812db7647fffff,H3,2025,20,2.3
8812db7647fffff,H3,2025,21,2.3
8812db7647fffff,H3,2025,22,2.0
8812db7647fffff,H3,2025,23,1.8
8812db76c1fffff,H3,2025,0,2.2
8812db76c1fffff,H3,2025,1,1.8
8812db76c1fffff,H3,2025,2,1.6
8812db76c1fffff,H3,2025,3,1.5
8812db76c1fffff,H3,2025,4,1.2
8812db76c1fffff,H3,2025,5,1.1
8812db76c1fffff,H3,2025,6,1.0
8812db76c1fffff,H3,2025,7,0.9
8812db76c1fffff,H3,2025,8,0.7
8812db76c1fffff,H3,2025,9,0.7
8812db76c1fffff,H3,2025,10,0.8
8812db76c1fffff,H3,2025,11,0.9
8812db76c1fffff,H3,2025,12,1.0
8812db76c1fffff,H3,2025,13,1.1
8812db76c1fffff,H3,2025,14,1.2
8812db76c1fffff,H3,2025,15,1.5
8812db76c1fffff,H3,2025,16,1.8
8812db76c1fffff,H3,2025,17,2.4
8812db76c1fffff,H3,2025,18,2.8
8812db76c1fffff,H3,2025,19,3.0
8812db76c1fffff,H3,2025,20,3.1
8812db76c1fffff,H3,2025,21,3.1
8812db76c1fffff,H3,2025,22,2.8
8812db76c1fffff,H3,2025,23,2.5
8812db7753fffff,H3,2025,0,4.5
8812db7753fffff,H3,2025,1,4.0
8812db7753fffff,H3,2025,2,3.4
8812db7753fffff,H3,2025,3,3.1
8812db7753fffff,H3,2025,4,2.8
8812db7753fffff,H3,2025,5,2.5
8812db7753fffff,H3,2025,6,2.3
8812db7753fffff,H3,2025,7,1.8
8812db7753fffff,H3,2025,8,1.6
8812db7753fffff,H3,2025,9,1.5
8812db7753fffff,H3,2025,10,1.6
8812db7753fffff,H3,2025,11,1.8
8812db7753fffff,H3,2025,12,2.2
8812db7753fffff,H3,2025,13,2.4
8812db7753fffff,H3,2025,14,2.6
8812db7753fffff,H3,2025,15,3.1
8812db7753fffff,H3,2025,16,3.9
8812db7753fffff,H3,2025,17,5.0
8812db7753fffff,H3,2025,18,5.9
8812db7753fffff,H3,2025,19,6.4
8812db7753fffff,H3,2025,20,6.6
8812db7753fffff,H3,2025,21,6.5
8812db7753fffff,H3,2025,22,6.0
8812db7753fffff,H3,2025,23,5.3
8812db8c59fffff,H3,2025,0,1.7
8812db8c59fffff,H3,2025,1,1.5
8812db8c59fffff,H3,2025,2,1.2
8812db8c59fffff,H3,2025,3,1.1
8812db8c59fffff,H3,2025,4,1.0
8812db8c59fffff,H3,2025,5,0.9
8812db8c59fffff,H3,2025,6,0.9
8812db8c59fffff,H3,2025,7,0.7
8812db8c59fffff,H3,2025,8,0.6
8812db8c59fffff,H3,2025,9,0.6
8812db8c59fffff,H3,2025,10,0.6
8812db8c59fffff,H3,2025,11,0.7
8812db8c59fffff,H3,2025,12,0.8
8812db8c59fffff,H3,2025,13,0.9
8812db8c59fffff,H3,2025,14,1.0
8812db8c59fffff,H3,2025,15,1.1
8812db8c59fffff,H3,2025,16,1.5
8812db8c59fffff,H3,2025,17,1.9
8812db8c59fffff,H3,2025,18,2.3
8812db8c59fffff,H3,2025,19,2.4
8812db8c59fffff,H3,2025,20,2.5
8812db8c59fffff,H3,2025,21,2.4
8812db8c59fffff,H3,2025,22,2.3
8812db8c59fffff,H3,2025,23,2.0
882600b297fffff,H3,2025,0,6.6
882600b297fffff,H3,2025,1,5.8
882600b297fffff,H3,2025,2,5.1
882600b297fffff,H3,2025,3,4.5
882600b297fffff,H3,2025,4,4.1
882600b297fffff,H3,2025,5,3.8
882600b297fffff,H3,2025,6,3.3
882600b297fffff,H3,2025,7,2.7
882600b297fffff,H3,2025,8,2.3
882600b297fffff,H3,2025,9,2.2
882600b297fffff,H3,2025,10,2.4
882600b297fffff,H3,2025,11,2.7
882600b297fffff,H3,2025,12,3.1
882600b297fffff,H3,2025,13,3.4
882600b297fffff,H3,2025,14,3.9
882600b297fffff,H3,2025,15,4.5
882600b297fffff,H3,2025,16,5.7
882600b297fffff,H3,2025,17,7.4
882600b297fffff,H3,2025,18,8.8
882600b297fffff,H3,2025,19,9.3
882600b297fffff,H3,2025,20,9.8
882600b297fffff,H3,2025,21,9.5
882600b297fffff,H3,2025,22,8.9
882600b297fffff,H3,2025,23,7.8
882600b761fffff,H3,2025,0,2.6
882600b761fffff,H3,2025,1,2.3
882600b761fffff,H3,2025,2,1.9
882600b761fffff,H3,2025,3,1.8
882600b761fffff,H3,2025,4,1.6
882600b761fffff,H3,2025,5,1.5
882600b761fffff,H3,2025,6,1.2
882600b761fffff,H3,2025,7,1.0
882600b761fffff,H3,2025,8,0.9
882600b761fffff,H3,2025,9,0.8
882600b761fffff,H3,2025,10,0.9
882600b761fffff,H3,2025,11,1.0
882600b761fffff,H3,2025,12,1.2
882600b761fffff,H3,2025,13,1.4
882600b761fffff,H3,2025,14,1.5
882600b761fffff,H3,2025,15,1.8
882600b761fffff,H3,2025,16,2.2
882600b761fffff,H3,2025,17,2.8
882600b761fffff,H3,2025,18,3.4
882600b761fffff,H3,2025,19,3.6
882600b761fffff,H3,2025,20,3.8
882600b761fffff,H3,2025,21,3.6
882600b761fffff,H3,2025,22,3.4
882600b761fffff,H3,2025,23,3.1
8826016e8dfffff,H3,2025,0,2.6
8826016e8dfffff,H3,2025,1,2.3
8826016e8dfffff,H3,2025,2,1.9
8826016e8dfffff,H3,2025,3,1.8
8826016e8dfffff,H3,2025,4,1.6
8826016e8dfffff,H3,2025,5,1.5
8826016e8dfffff,H3,2025,6,1.2
8826016e8dfffff,H3,2025,7,1.0
8826016e8dfffff,H3,2025,8,0.9
8826016e8dfffff,H3,2025,9,0.9
8826016e8dfffff,H3,2025,10,0.9
8826016e8dfffff,H3,2025,11,1.0
8826016e8dfffff,H3,2025,12,1.2
8826016e8dfffff,H3,2025,13,1.4
8826016e8dfffff,H3,2025,14,1.5
8826016e8dfffff,H3,2025,15,1.8
8826016e8dfffff,H3,2025,16,2.3
8826016e8dfffff,H3,2025,17,3.0
8826016e8dfffff,H3,2025,18,3.4
8826016e8dfffff,H3,2025,19,3.6
8826016e8dfffff,H3,2025,20,3.9
8826016e8dfffff,H3,2025,21,3.8
8826016e8dfffff,H3,2025,22,3.4
8826016e8dfffff,H3,2025,23,3.1
882601771dfffff,H3,2025,0,1.6
882601771dfffff,H3,2025,1,1.4
882601771dfffff,H3,2025,2,1.1
882601771dfffff,H3,2025,3,1.0
882601771dfffff,H3,2025,4,0.9
882601771dfffff,H3,2025,5,0.9
882601771dfffff,H3,2025,6,0.8
882601771dfffff,H3,2025,7,0.7
882601771dfffff,H3,2025,8,0.6
882601771dfffff,H3,2025,9,0.5
882601771dfffff,H3,2025,10,0.6
882601771dfffff,H3,2025,11,0.7
882601771dfffff,H3,2025,12,0.7
882601771dfffff,H3,2025,13,0.8
882601771dfffff,H3,2025,14,0.9
882601771dfffff,H3,2025,15,1.0
882601771dfffff,H3,2025,16,1.2
882601771dfffff,H3,2025,17,1.7
882601771dfffff,H3,2025,18,2.0
882601771dfffff,H3,2025,19,2.2
882601771dfffff,H3,2025,20,2.3
882601771dfffff,H3,2025,21,2.2
882601771dfffff,H3,2025,22,2.0
882601771dfffff,H3,2025,23,1.8
882602a153fffff,H3,2025,0,1.4
882602a153fffff,H3,2025,1,1.2
882602a153fffff,H3,2025,2,1.0
882602a153fffff,H3,2025,3,0.9
882602a153fffff,H3,2025,4,0.9
882602a153fffff,H3,2025,5,0.8
882602a153fffff,H3,2025,6,0.7
882602a153fffff,H3,2025,7,0.6
882602a153fffff,H3,2025,8,0.5
882602a153fffff,H3,2025,9,0.5
882602a153fffff,H3,2025,10,0.6
882602a153fffff,H3,2025,11,0.6
882602a153fffff,H3,2025,12,0.7
882602a153fffff,H3,2025,13,0.8
882602a153fffff,H3,2025,14,0.8
882602a153fffff,H3,2025,15,1.0
882602a153fffff,H3,2025,16,1.2
882602a153fffff,H3,2025,17,1.6
882602a153fffff,H3,2025,18,1.8
882602a153fffff,H3,2025,19,2.0
882602a153fffff,H3,2025,20,2.0
882602a153fffff,H3,2025,21,2.0
882602a153fffff,H3,2025,22,1.9
882602a153fffff,H3,2025,23,1.7
8826039119fffff,H3,2025,0,1.4
8826039119fffff,H3,2025,1,1.1
8826039119fffff,H3,2025,2,1.0
8826039119fffff,H3,2025,3,0.9
8826039119fffff,H3,2025,4,0.8
8826039119fffff,H3,2025,5,0.8
8826039119fffff,H3,2025,6,0.7
8826039119fffff,H3,2025,7,0.6
8826039119fffff,H3,2025,8,0.5
8826039119fffff,H3,2025,9,0.5
8826039119fffff,H3,2025,10,0.5
8826039119fffff,H3,2025,11,0.6
8826039119fffff,H3,2025,12,0.7
8826039119fffff,H3,2025,13,0.7
8826039119fffff,H3,2025,14,0.8
8826039119fffff,H3,2025,15,0.9
8826039119fffff,H3,2025,16,1.1
8826039119fffff,H3,2025,17,1.5
8826039119fffff,H3,2025,18,1.7
8826039119fffff,H3,2025,19,1.8
8826039119fffff,H3,2025,20,1.9
8826039119fffff,H3,2025,21,1.9
8826039119fffff,H3,2025,22,1.8
8826039119fffff,H3,2025,23,1.6
882604325bfffff,H3,2025,0,1.5
882604325bfffff,H3,2025,1,1.2
882604325bfffff,H3,2025,2,1.1
882604325bfffff,H3,2025,3,1.0
882604325bfffff,H3,2025,4,0.9
882604325bfffff,H3,2025,5,0.8
882604325bfffff,H3,2025,6,0.8
882604325bfffff,H3,2025,7,0.6
882604325bfffff,H3,2025,8,0.5
882604325bfffff,H3,2025,9,0.5
882604325bfffff,H3,2025,10,0.6
882604325bfffff,H3,2025,11,0.6
882604325bfffff,H3,2025,12,0.7
882604325bfffff,H3,2025,13,0.8
882604325bfffff,H3,2025,14,0.9
882604325bfffff,H3,2025,15,1.0
882604325bfffff,H3,2025,16,1.2
882604325bfffff,H3,2025,17,1.6
882604325bfffff,H3,2025,18,1.9
882604325bfffff,H3,2025,19,2.0
882604325bfffff,H3,2025,20,2.2
882604325bfffff,H3,2025,21,2.2
882604325bfffff,H3,2025,22,1.9
882604325bfffff,H3,2025,23,1.8
882604980bfffff,H3,2025,0,2.0
882604980bfffff,H3,2025,1,1.7
882604980bfffff,H3,2025,2,1.5
882604980bfffff,H3,2025,3,1.4
882604980bfffff,H3,2025,4,1.2
882604980bfffff,H3,2025,5,1.1
882604980bfffff,H3,2025,6,1.0
882604980bfffff,H3,2025,7,0.8
882604980bfffff,H3,2025,8,0.7
882604980bfffff,H3,2025,9,0.7
882604980bfffff,H3,2025,10,0.7
882604980bfffff,H3,2025,11,0.8
882604980bfffff,H3,2025,12,0.9
882604980bfffff,H3,2025,13,1.0
882604980bfffff,H3,2025,14,1.1
882604980bfffff,H3,2025,15,1.4
882604980bfffff,H3,2025,16,1.7
882604980bfffff,H3,2025,17,2.3
882604980bfffff,H3,2025,18,2.6
882604980bfffff,H3,2025,19,2.8
882604980bfffff,H3,2025,20,3.0
882604980bfffff,H3,2025,21,2.8
882604980bfffff,H3,2025,22,2.6
882604980bfffff,H3,2025,23,2.4
8826068463fffff,H3,2025,0,4.1
8826068463fffff,H3,2025,1,3.5
8826068463fffff,H3,2025,2,3.1
8826068463fffff,H3,2025,3,2.8
8826068463fffff,H3,2025,4,2.5
8826068463fffff,H3,2025,5,2.3
8826068463fffff,H3,2025,6,2.0
8826068463fffff,H3,2025,7,1.7
8826068463fffff,H3,2025,8,1.4
8826068463fffff,H3,2025,9,1.4
8826068463fffff,H3,2025,10,1.5
8826068463fffff,H3,2025,11,1.7
8826068463fffff,H3,2025,12,1.9
8826068463fffff,H3,2025,13,2.2
8826068463fffff,H3,2025,14,2.4
8826068463fffff,H3,2025,15,2.8
8826068463fffff,H3,2025,16,3.5
8826068463fffff,H3,2025,17,4.7
8826068463fffff,H3,2025,18,5.3
8826068463fffff,H3,2025,19,5.8
8826068463fffff,H3,2025,20,6.0
8826068463fffff,H3,2025,21,5.9
8826068463fffff,H3,2025,22,5.5
8826068463fffff,H3,2025,23,4.8
8826085103fffff,H3,2025,0,11.5
8826085103fffff,H3,2025,1,10.0
8826085103fffff,H3,2025,2,8.8
8826085103fffff,H3,2025,3,7.8
8826085103fffff,H3,2025,4,7.0
8826085103fffff,H3,2025,5,6.5
8826085103fffff,H3,2025,6,5.8
8826085103fffff,H3,2025,7,4.7
8826085103fffff,H3,2025,8,4.0
8826085103fffff,H3,2025,9,3.9
8826085103fffff,H3,2025,10,4.2
8826085103fffff,H3,2025,11,4.8
8826085103fffff,H3,2025,12,5.6
8826085103fffff,H3,2025,13,6.1
8826085103fffff,H3,2025,14,6.8
8826085103fffff,H3,2025,15,8.1
8826085103fffff,H3,2025,16,10.0
8826085103fffff,H3,2025,17,13.1
8826085103fffff,H3,2025,18,15.3
8826085103fffff,H3,2025,19,16.5
8826085103fffff,H3,2025,20,17.2
8826085103fffff,H3,2025,21,16.7
8826085103fffff,H3,2025,22,15.3
8826085103fffff,H3,2025,23,13.5
88260a1037fffff,H3,2025,0,2.8
88260a1037fffff,H3,2025,1,2.5
88260a1037fffff,H3,2025,2,2.2
88260a1037fffff,H3,2025,3,2.0
88260a1037fffff,H3,2025,4,1.8
88260a1037fffff,H3,2025,5,1.6
88260a1037fffff,H3,2025,6,1.5
88260a1037fffff,H3,2025,7,1.1
88260a1037fffff,H3,2025,8,0.9
88260a1037fffff,H3,2025,9,0.9
88260a1037fffff,H3,2025,10,1.0
88260a1037fffff,H3,2025,11,1.1
88260a1037fffff,H3,2025,12,1.4
88260a1037fffff,H3,2025,13,1.5
88260a1037fffff,H3,2025,14,1.7
88260a1037fffff,H3,2025,15,1.9
88260a1037fffff,H3,2025,16,2.4
88260a1037fffff,H3,2025,17,3.2
88260a1037fffff,H3,2025,18,3.8
88260a1037fffff,H3,2025,19,4.0
88260a1037fffff,H3,2025,20,4.2
88260a1037fffff,H3,2025,21,4.1
88260a1037fffff,H3,2025,22,3.9
88260a1037fffff,H3,2025,23,3.4
88260a114bfffff,H3,2025,0,8.0
88260a114bfffff,H3,2025,1,6.9
88260a114bfffff,H3,2025,2,6.0
88260a114bfffff,H3,2025,3,5.5
88260a114bfffff,H3,2025,4,4.9
88260a114bfffff,H3,2025,5,4.5
88260a114bfffff,H3,2025,6,4.0
88260a114bfffff,H3,2025,7,3.2
88260a114bfffff,H3,2025,8,2.7
88260a114bfffff,H3,2025,9,2.6
88260a114bfffff,H3,2025,10,2.7
88260a114bfffff,H3,2025,11,3.2
88260a114bfffff,H3,2025,12,3.6
88260a114bfffff,H3,2025,13,4.1
88260a114bfffff,H3,2025,14,4.5
88260a114bfffff,H3,2025,15,5.3
88260a114bfffff,H3,2025,16,6.7
88260a114bfffff,H3,2025,17,8.8
88260a114bfffff,H3,2025,18,10.3
88260a114bfffff,H3,2025,19,11.1
88260a114bfffff,H3,2025,20,11.6
88260a114bfffff,H3,2025,21,11.2
88260a114bfffff,H3,2025,22,10.5
88260a114bfffff,H3,2025,23,9.3
88260a11abfffff,H3,2025,0,1.4
88260a11abfffff,H3,2025,1,1.1
88260a11abfffff,H3,2025,2,1.0
88260a11abfffff,H3,2025,3,0.9
88260a11abfffff,H3,2025,4,0.8
88260a11abfffff,H3,2025,5,0.8
88260a11abfffff,H3,2025,6,0.7
88260a11abfffff,H3,2025,7,0.6
88260a11abfffff,H3,2025,8,0.5
88260a11abfffff,H3,2025,9,0.5
88260a11abfffff,H3,2025,10,0.5
88260a11abfffff,H3,2025,11,0.6
88260a11abfffff,H3,2025,12,0.7
88260a11abfffff,H3,2025,13,0.7
88260a11abfffff,H3,2025,14,0.8
88260a11abfffff,H3,2025,15,0.9
88260a11abfffff,H3,2025,16,1.1
88260a11abfffff,H3,2025,17,1.5
88260a11abfffff,H3,2025,18,1.8
88260a11abfffff,H3,2025,19,1.9
88260a11abfffff,H3,2025,20,1.9
88260a11abfffff,H3,2025,21,1.9
88260a11abfffff,H3,2025,22,1.8
88260a11abfffff,H3,2025,23,1.6
88260a1337fffff,H3,2025,0,55.0
88260a1337fffff,H3,2025,0,0.9
88260a1337fffff,H3,2025,1,48.2
88260a1337fffff,H3,2025,1,0.8
88260a1337fffff,H3,2025,2,42.0
88260a1337fffff,H3,2025,2,0.7
88260a1337fffff,H3,2025,3,37.8
88260a1337fffff,H3,2025,3,0.6
88260a1337fffff,H3,2025,4,34.3
88260a1337fffff,H3,2025,4,0.6
88260a1337fffff,H3,2025,5,31.1
88260a1337fffff,H3,2025,5,0.6
88260a1337fffff,H3,2025,6,27.6
88260a1337fffff,H3,2025,6,0.5
88260a1337fffff,H3,2025,7,22.0
88260a1337fffff,H3,2025,7,0.3
88260a1337fffff,H3,2025,8,18.5
88260a1337fffff,H3,2025,8,0.3
88260a1337fffff,H3,2025,9,17.8
88260a1337fffff,H3,2025,9,0.3
88260a1337fffff,H3,2025,10,19.3
88260a1337fffff,H3,2025,10,0.3
88260a1337fffff,H3,2025,11,22.0
88260a1337fffff,H3,2025,11,0.3
88260a1337fffff,H3,2025,12,25.6
88260a1337fffff,H3,2025,12,0.5
88260a1337fffff,H3,2025,13,28.4
88260a1337fffff,H3,2025,13,0.5
88260a1337fffff,H3,2025,14,31.8
88260a1337fffff,H3,2025,14,0.6
88260a1337fffff,H3,2025,15,37.4
88260a1337fffff,H3,2025,15,0.7
88260a1337fffff,H3,2025,16,46.6
88260a1337fffff,H3,2025,16,0.8
88260a1337fffff,H3,2025,17,61.0
88260a1337fffff,H3,2025,17,1.0
88260a1337fffff,H3,2025,18,71.6
88260a1337fffff,H3,2025,18,1.2
88260a1337fffff,H3,2025,19,76.9
88260a1337fffff,H3,2025,19,1.2
88260a1337fffff,H3,2025,20,80.1
88260a1337fffff,H3,2025,20,1.4
88260a1337fffff,H3,2025,21,78.4
88260a1337fffff,H3,2025,21,1.4
88260a1337fffff,H3,2025,22,72.8
88260a1337fffff,H3,2025,22,1.2
88260a1337fffff,H3,2025,23,64.9
88260a1337fffff,H3,2025,23,1.0
88260ac4e7fffff,H3,2025,0,2.0
88260ac4e7fffff,H3,2025,1,1.8
88260ac4e7fffff,H3,2025,2,1.6
88260ac4e7fffff,H3,2025,3,1.4
88260ac4e7fffff,H3,2025,4,1.2
88260ac4e7fffff,H3,2025,5,1.1
88260ac4e7fffff,H3,2025,6,1.0
88260ac4e7fffff,H3,2025,7,0.8
88260ac4e7fffff,H3,2025,8,0.7
88260ac4e7fffff,H3,2025,9,0.7
88260ac4e7fffff,H3,2025,10,0.8
88260ac4e7fffff,H3,2025,11,0.9
88260ac4e7fffff,H3,2025,12,1.0
88260ac4e7fffff,H3,2025,13,1.1
88260ac4e7fffff,H3,2025,14,1.2
88260ac4e7fffff,H3,2025,15,1.5
88260ac4e7fffff,H3,2025,16,1.8
88260ac4e7fffff,H3,2025,17,2.3
88260ac4e7fffff,H3,2025,18,2.7
88260ac4e7fffff,H3,2025,19,2.8
88260ac4e7fffff,H3,2025,20,3.0
88260ac4e7fffff,H3,2025,21,3.0
88260ac4e7fffff,H3,2025,22,2.7
88260ac4e7fffff,H3,2025,23,2.4
88260ba4a5fffff,H3,2025,0,3.5
88260ba4a5fffff,H3,2025,1,3.2
88260ba4a5fffff,H3,2025,2,2.7
88260ba4a5fffff,H3,2025,3,2.5
88260ba4a5fffff,H3,2025,4,2.3
88260ba4a5fffff,H3,2025,5,2.0
88260ba4a5fffff,H3,2025,6,1.8
88260ba4a5fffff,H3,2025,7,1.5
88260ba4a5fffff,H3,2025,8,1.2
88260ba4a5fffff,H3,2025,9,1.1
88260ba4a5fffff,H3,2025,10,1.2
88260ba4a5fffff,H3,2025,11,1.5
88260ba4a5fffff,H3,2025,12,1.7
88260ba4a5fffff,H3,2025,13,1.8
88260ba4a5fffff,H3,2025,14,2.0
88260ba4a5fffff,H3,2025,15,2.4
88260ba4a5fffff,H3,2025,16,3.1
88260ba4a5fffff,H3,2025,17,4.0
88260ba4a5fffff,H3,2025,18,4.7
88260ba4a5fffff,H3,2025,19,5.0
88260ba4a5fffff,H3,2025,20,5.2
88260ba4a5fffff,H3,2025,21,5.1
88260ba4a5fffff,H3,2025,22,4.8
88260ba4a5fffff,H3,2025,23,4.2
88260d8007fffff,H3,2025,0,2.4
88260d8007fffff,H3,2025,1,2.0
88260d8007fffff,H3,2025,2,1.8
88260d8007fffff,H3,2025,3,1.6
88260d8007fffff,H3,2025,4,1.5
88260d8007fffff,H3,2025,5,1.4
88260d8007fffff,H3,2025,6,1.1
88260d8007fffff,H3,2025,7,0.9
88260d8007fffff,H3,2025,8,0.8
88260d8007fffff,H3,2025,9,0.8
88260d8007fffff,H3,2025,10,0.8
88260d8007fffff,H3,2025,11,0.9
88260d8007fffff,H3,2025,12,1.1
88260d8007fffff,H3,2025,13,1.2
88260d8007fffff,H3,2025,14,1.4
88260d8007fffff,H3,2025,15,1.6
88260d8007fffff,H3,2025,16,1.9
88260d8007fffff,H3,2025,17,2.6
88260d8007fffff,H3,2025,18,3.1
88260d8007fffff,H3,2025,19,3.3
88260d8007fffff,H3,2025,20,3.4
88260d8007fffff,H3,2025,21,3.3
88260d8007fffff,H3,2025,22,3.1
88260d8007fffff,H3,2025,23,2.7
88260d823dfffff,H3,2025,0,26.0
88260d823dfffff,H3,2025,1,22.7
88260d823dfffff,H3,2025,2,19.8
88260d823dfffff,H3,2025,3,17.8
88260d823dfffff,H3,2025,4,16.1
88260d823dfffff,H3,2025,5,14.7
88260d823dfffff,H3,2025,6,13.1
88260d823dfffff,H3,2025,7,10.5
88260d823dfffff,H3,2025,8,8.9
88260d823dfffff,H3,2025,9,8.6
88260d823dfffff,H3,2025,10,9.3
88260d823dfffff,H3,2025,11,10.7
88260d823dfffff,H3,2025,12,12.3
88260d823dfffff,H3,2025,13,13.8
88260d823dfffff,H3,2025,14,15.3
88260d823dfffff,H3,2025,15,18.0
88260d823dfffff,H3,2025,16,22.3
88260d823dfffff,H3,2025,17,29.1
88260d823dfffff,H3,2025,18,34.1
88260d823dfffff,H3,2025,19,36.6
88260d823dfffff,H3,2025,20,38.1
88260d823dfffff,H3,2025,21,37.3
88260d823dfffff,H3,2025,22,34.5
88260d823dfffff,H3,2025,23,30.7
88260d82a7fffff,H3,2025,0,1.4
88260d82a7fffff,H3,2025,1,1.2
88260d82a7fffff,H3,2025,2,1.0
88260d82a7fffff,H3,2025,3,0.9
88260d82a7fffff,H3,2025,4,0.9
88260d82a7fffff,H3,2025,5,0.8
88260d82a7fffff,H3,2025,6,0.7
88260d82a7fffff,H3,2025,7,0.6
88260d82a7fffff,H3,2025,8,0.5
88260d82a7fffff,H3,2025,9,0.5
88260d82a7fffff,H3,2025,10,0.5
88260d82a7fffff,H3,2025,11,0.6
88260d82a7fffff,H3,2025,12,0.7
88260d82a7fffff,H3,2025,13,0.7
88260d82a7fffff,H3,2025,14,0.8
88260d82a7fffff,H3,2025,15,0.9
88260d82a7fffff,H3,2025,16,1.1
88260d82a7fffff,H3,2025,17,1.6
88260d82a7fffff,H3,2025,18,1.8
88260d82a7fffff,H3,2025,19,1.9
88260d82a7fffff,H3,2025,20,2.0
88260d82a7fffff,H3,2025,21,1.9
88260d82a7fffff,H3,2025,22,1.8
88260d82a7fffff,H3,2025,23,1.6
88260d82bdfffff,H3,2025,0,2.5
88260d82bdfffff,H3,2025,1,2.2
88260d82bdfffff,H3,2025,2,1.9
88260d82bdfffff,H3,2025,3,1.7
88260d82bdfffff,H3,2025,4,1.6
88260d82bdfffff,H3,2025,5,1.4
88260d82bdfffff,H3,2025,6,1.2
88260d82bdfffff,H3,2025,7,1.0
88260d82bdfffff,H3,2025,8,0.9
88260d82bdfffff,H3,2025,9,0.9
88260d82bdfffff,H3,2025,10,0.9
88260d82bdfffff,H3,2025,11,1.1
88260d82bdfffff,H3,2025,12,1.2
88260d82bdfffff,H3,2025,13,1.4
88260d82bdfffff,H3,2025,14,1.6
88260d82bdfffff,H3,2025,15,1.8
88260d82bdfffff,H3,2025,16,2.3
88260d82bdfffff,H3,2025,17,2.8
88260d82bdfffff,H3,2025,18,3.4
88260d82bdfffff,H3,2025,19,3.6
88260d82bdfffff,H3,2025,20,3.8
88260d82bdfffff,H3,2025,21,3.6
88260d82bdfffff,H3,2025,22,3.4
88260d82bdfffff,H3,2025,23,3.0
88260d8469fffff,H3,2025,0,1.4
88260d8469fffff,H3,2025,1,1.2
88260d8469fffff,H3,2025,2,1.0
88260d8469fffff,H3,2025,3,0.9
88260d8469fffff,H3,2025,4,0.9
88260d8469fffff,H3,2025,5,0.8
88260d8469fffff,H3,2025,6,0.7
88260d8469fffff,H3,2025,7,0.6
88260d8469fffff,H3,2025,8,0.5
88260d8469fffff,H3,2025,9,0.5
88260d8469fffff,H3,2025,10,0.5
88260d8469fffff,H3,2025,11,0.6
88260d8469fffff,H3,2025,12,0.7
88260d8469fffff,H3,2025,13,0.7
88260d8469fffff,H3,2025,14,0.8
88260d8469fffff,H3,2025,15,0.9
88260d8469fffff,H3,2025,16,1.1
88260d8469fffff,H3,2025,17,1.5
88260d8469fffff,H3,2025,18,1.8
88260d8469fffff,H3,2025,19,1.9
88260d8469fffff,H3,2025,20,2.0
88260d8469fffff,H3,2025,21,1.9
88260d8469fffff,H3,2025,22,1.8
88260d8469fffff,H3,2025,23,1.6
88260d8705fffff,H3,2025,0,8.6
88260d8705fffff,H3,2025,1,7.6
88260d8705fffff,H3,2025,2,6.6
88260d8705fffff,H3,2025,3,5.9
88260d8705fffff,H3,2025,4,5.5
88260d8705fffff,H3,2025,5,4.9
88260d8705fffff,H3,2025,6,4.3
88260d8705fffff,H3,2025,7,3.4
88260d8705fffff,H3,2025,8,2.8
88260d8705fffff,H3,2025,9,2.8
88260d8705fffff,H3,2025,10,3.0
88260d8705fffff,H3,2025,11,3.4
88260d8705fffff,H3,2025,12,4.0
88260d8705fffff,H3,2025,13,4.4
88260d8705fffff,H3,2025,14,5.0
88260d8705fffff,H3,2025,15,5.8
88260d8705fffff,H3,2025,16,7.3
88260d8705fffff,H3,2025,17,9.5
88260d8705fffff,H3,2025,18,11.2
88260d8705fffff,H3,2025,19,12.0
88260d8705fffff,H3,2025,20,12.6
88260d8705fffff,H3,2025,21,12.3
88260d8705fffff,H3,2025,22,11.5
88260d8705fffff,H3,2025,23,10.2
88260d8709fffff,H3,2025,0,23.2
88260d8709fffff,H3,2025,1,20.3
88260d8709fffff,H3,2025,2,17.7
88260d8709fffff,H3,2025,3,16.0
88260d8709fffff,H3,2025,4,14.4
88260d8709fffff,H3,2025,5,13.1
88260d8709fffff,H3,2025,6,11.6
88260d8709fffff,H3,2025,7,9.3
88260d8709fffff,H3,2025,8,7.7
88260d8709fffff,H3,2025,9,7.5
88260d8709fffff,H3,2025,10,8.1
88260d8709fffff,H3,2025,11,9.2
88260d8709fffff,H3,2025,12,10.7
88260d8709fffff,H3,2025,13,11.9
88260d8709fffff,H3,2025,14,13.3
88260d8709fffff,H3,2025,15,15.7
88260d8709fffff,H3,2025,16,19.4
88260d8709fffff,H3,2025,17,25.6
88260d8709fffff,H3,2025,18,30.0
88260d8709fffff,H3,2025,19,32.3
88260d8709fffff,H3,2025,20,33.6
88260d8709fffff,H3,2025,21,33.0
88260d8709fffff,H3,2025,22,30.7
88260d8709fffff,H3,2025,23,27.4
88260e26c5fffff,H3,2025,0,2.8
88260e26c5fffff,H3,2025,1,2.5
88260e26c5fffff,H3,2025,2,2.2
88260e26c5fffff,H3,2025,3,1.9
88260e26c5fffff,H3,2025,4,1.7
88260e26c5fffff,H3,2025,5,1.6
88260e26c5fffff,H3,2025,6,1.4
88260e26c5fffff,H3,2025,7,1.1
88260e26c5fffff,H3,2025,8,0.9
88260e26c5fffff,H3,2025,9,0.9
88260e26c5fffff,H3,2025,10,1.0
88260e26c5fffff,H3,2025,11,1.1
88260e26c5fffff,H3,2025,12,1.2
88260e26c5fffff,H3,2025,13,1.5
88260e26c5fffff,H3,2025,14,1.6
88260e26c5fffff,H3,2025,15,1.9
88260e26c5fffff,H3,2025,16,2.4
88260e26c5fffff,H3,2025,17,3.1
88260e26c5fffff,H3,2025,18,3.6
88260e26c5fffff,H3,2025,19,3.9
88260e26c5fffff,H3,2025,20,4.1
88260e26c5fffff,H3,2025,21,4.0
88260e26c5fffff,H3,2025,22,3.6
88260e26c5fffff,H3,2025,23,3.3
88260e26e5fffff,H3,2025,0,1.6
88260e26e5fffff,H3,2025,1,1.5
88260e26e5fffff,H3,2025,2,1.2
88260e26e5fffff,H3,2025,3,1.1
88260e26e5fffff,H3,2025,4,1.0
88260e26e5fffff,H3,2025,5,0.9
88260e26e5fffff,H3,2025,6,0.8
88260e26e5fffff,H3,2025,7,0.7
88260e26e5fffff,H3,2025,8,0.6
88260e26e5fffff,H3,2025,9,0.6
88260e26e5fffff,H3,2025,10,0.6
88260e26e5fffff,H3,2025,11,0.7
88260e26e5fffff,H3,2025,12,0.8
88260e26e5fffff,H3,2025,13,0.9
88260e26e5fffff,H3,2025,14,0.9
88260e26e5fffff,H3,2025,15,1.1
88260e26e5fffff,H3,2025,16,1.4
88260e26e5fffff,H3,2025,17,1.8
88260e26e5fffff,H3,2025,18,2.2
88260e26e5fffff,H3,2025,19,2.4
88260e26e5fffff,H3,2025,20,2.5
88260e26e5fffff,H3,2025,21,2.5
88260e26e5fffff,H3,2025,22,2.3
88260e26e5fffff,H3,2025,23,1.9
88261216a9fffff,H3,2025,0,3.8
88261216a9fffff,H3,2025,1,3.2
88261216a9fffff,H3,2025,2,2.7
88261216a9fffff,H3,2025,3,2.5
88261216a9fffff,H3,2025,4,2.2
88261216a9fffff,H3,2025,5,2.0
88261216a9fffff,H3,2025,6,1.9
88261216a9fffff,H3,2025,7,1.7
88261216a9fffff,H3,2025,8,1.7
88261216a9fffff,H3,2025,9,1.8
88261216a9fffff,H3,2025,10,1.9
88261216a9fffff,H3,2025,11,2.2
88261216a9fffff,H3,2025,12,2.5
88261216a9fffff,H3,2025,13,2.7
88261216a9fffff,H3,2025,14,2.8
88261216a9fffff,H3,2025,15,3.3
88261216a9fffff,H3,2025,16,3.9
88261216a9fffff,H3,2025,17,4.9
88261216a9fffff,H3,2025,18,5.7
88261216a9fffff,H3,2025,19,5.8
88261216a9fffff,H3,2025,20,5.9
88261216a9fffff,H3,2025,21,5.7
88261216a9fffff,H3,2025,22,5.2
88261216a9fffff,H3,2025,23,4.5
8826127269fffff,H3,2025,0,1.8
8826127269fffff,H3,2025,1,1.6
8826127269fffff,H3,2025,2,1.4
8826127269fffff,H3,2025,3,1.2
8826127269fffff,H3,2025,4,1.0
8826127269fffff,H3,2025,5,1.0
8826127269fffff,H3,2025,6,0.9
8826127269fffff,H3,2025,7,0.7
8826127269fffff,H3,2025,8,0.7
8826127269fffff,H3,2025,9,0.6
8826127269fffff,H3,2025,10,0.7
8826127269fffff,H3,2025,11,0.8
8826127269fffff,H3,2025,12,0.9
8826127269fffff,H3,2025,13,1.0
8826127269fffff,H3,2025,14,1.0
8826127269fffff,H3,2025,15,1.2
8826127269fffff,H3,2025,16,1.6
8826127269fffff,H3,2025,17,2.0
8826127269fffff,H3,2025,18,2.4
8826127269fffff,H3,2025,19,2.6
8826127269fffff,H3,2025,20,2.6
8826127269fffff,H3,2025,21,2.6
8826127269fffff,H3,2025,22,2.4
8826127269fffff,H3,2025,23,2.0
8826159463fffff,H3,2025,0,2.2
8826159463fffff,H3,2025,1,1.8
8826159463fffff,H3,2025,2,1.6
8826159463fffff,H3,2025,3,1.5
8826159463fffff,H3,2025,4,1.2
8826159463fffff,H3,2025,5,1.1
8826159463fffff,H3,2025,6,1.0
8826159463fffff,H3,2025,7,0.9
8826159463fffff,H3,2025,8,0.7
8826159463fffff,H3,2025,9,0.7
8826159463fffff,H3,2025,10,0.8
8826159463fffff,H3,2025,11,0.9
8826159463fffff,H3,2025,12,1.0
8826159463fffff,H3,2025,13,1.1
8826159463fffff,H3,2025,14,1.2
8826159463fffff,H3,2025,15,1.5
8826159463fffff,H3,2025,16,1.8
8826159463fffff,H3,2025,17,2.4
8826159463fffff,H3,2025,18,2.7
8826159463fffff,H3,2025,19,3.0
8826159463fffff,H3,2025,20,3.1
8826159463fffff,H3,2025,21,3.0
8826159463fffff,H3,2025,22,2.8
8826159463fffff,H3,2025,23,2.5
882616519dfffff,H3,2025,0,3.1
882616519dfffff,H3,2025,1,2.6
882616519dfffff,H3,2025,2,2.3
882616519dfffff,H3,2025,3,2.0
882616519dfffff,H3,2025,4,1.9
882616519dfffff,H3,2025,5,1.7
882616519dfffff,H3,2025,6,1.5
882616519dfffff,H3,2025,7,1.2
882616519dfffff,H3,2025,8,1.0
882616519dfffff,H3,2025,9,1.0
882616519dfffff,H3,2025,10,1.0
882616519dfffff,H3,2025,11,1.2
882616519dfffff,H3,2025,12,1.4
882616519dfffff,H3,2025,13,1.6
882616519dfffff,H3,2025,14,1.7
882616519dfffff,H3,2025,15,2.0
882616519dfffff,H3,2025,16,2.6
882616519dfffff,H3,2025,17,3.4
882616519dfffff,H3,2025,18,4.0
882616519dfffff,H3,2025,19,4.2
882616519dfffff,H3,2025,20,4.4
882616519dfffff,H3,2025,21,4.3
882616519dfffff,H3,2025,22,4.0
882616519dfffff,H3,2025,23,3.5
88261651a5fffff,H3,2025,0,9.8
88261651a5fffff,H3,2025,1,8.5
88261651a5fffff,H3,2025,2,7.4
88261651a5fffff,H3,2025,3,6.6
88261651a5fffff,H3,2025,4,6.0
88261651a5fffff,H3,2025,5,5.5
88261651a5fffff,H3,2025,6,4.9
88261651a5fffff,H3,2025,7,4.0
88261651a5fffff,H3,2025,8,3.4
88261651a5fffff,H3,2025,9,3.4
88261651a5fffff,H3,2025,10,3.6
88261651a5fffff,H3,2025,11,4.2
88261651a5fffff,H3,2025,12,4.8
88261651a5fffff,H3,2025,13,5.3
88261651a5fffff,H3,2025,14,5.9
88261651a5fffff,H3,2025,15,6.9
88261651a5fffff,H3,2025,16,8.6
88261651a5fffff,H3,2025,17,11.2
88261651a5fffff,H3,2025,18,13.1
88261651a5fffff,H3,2025,19,14.0
88261651a5fffff,H3,2025,20,14.4
88261651a5fffff,H3,2025,21,14.1
88261651a5fffff,H3,2025,22,13.1
88261651a5fffff,H3,2025,23,11.6
882616cde5fffff,H3,2025,0,5.0
882616cde5fffff,H3,2025,1,4.3
882616cde5fffff,H3,2025,2,3.8
882616cde5fffff,H3,2025,3,3.4
882616cde5fffff,H3,2025,4,3.1
882616cde5fffff,H3,2025,5,2.8
882616cde5fffff,H3,2025,6,2.5
882616cde5fffff,H3,2025,7,2.0
882616cde5fffff,H3,2025,8,1.7
882616cde5fffff,H3,2025,9,1.6
882616cde5fffff,H3,2025,10,1.8
882616cde5fffff,H3,2025,11,2.0
882616cde5fffff,H3,2025,12,2.4
882616cde5fffff,H3,2025,13,2.6
882616cde5fffff,H3,2025,14,3.0
882616cde5fffff,H3,2025,15,3.4
882616cde5fffff,H3,2025,16,4.3
882616cde5fffff,H3,2025,17,5.6
882616cde5fffff,H3,2025,18,6.6
882616cde5fffff,H3,2025,19,7.0
882616cde5fffff,H3,2025,20,7.4
882616cde5fffff,H3,2025,21,7.2
882616cde5fffff,H3,2025,22,6.6
882616cde5fffff,H3,2025,23,5.9
882619c69dfffff,H3,2025,0,2.3
882619c69dfffff,H3,2025,1,2.0
882619c69dfffff,H3,2025,2,1.8
882619c69dfffff,H3,2025,3,1.6
882619c69dfffff,H3,2025,4,1.5
882619c69dfffff,H3,2025,5,1.4
882619c69dfffff,H3,2025,6,1.1
882619c69dfffff,H3,2025,7,0.9
882619c69dfffff,H3,2025,8,0.8
882619c69dfffff,H3,2025,9,0.8
882619c69dfffff,H3,2025,10,0.8
882619c69dfffff,H3,2025,11,0.9
882619c69dfffff,H3,2025,12,1.0
882619c69dfffff,H3,2025,13,1.2
882619c69dfffff,H3,2025,14,1.4
882619c69dfffff,H3,2025,15,1.6
882619c69dfffff,H3,2025,16,1.9
882619c69dfffff,H3,2025,17,2.6
882619c69dfffff,H3,2025,18,3.1
882619c69dfffff,H3,2025,19,3.3
882619c69dfffff,H3,2025,20,3.4
882619c69dfffff,H3,2025,21,3.3
882619c69dfffff,H3,2025,22,3.1
882619c69dfffff,H3,2025,23,2.7
88261a75b3fffff,H3,2025,0,1.4
88261a75b3fffff,H3,2025,1,1.1
88261a75b3fffff,H3,2025,2,1.0
88261a75b3fffff,H3,2025,3,0.9
88261a75b3fffff,H3,2025,4,0.8
88261a75b3fffff,H3,2025,5,0.8
88261a75b3fffff,H3,2025,6,0.7
88261a75b3fffff,H3,2025,7,0.6
88261a75b3fffff,H3,2025,8,0.5
88261a75b3fffff,H3,2025,9,0.5
88261a75b3fffff,H3,2025,10,0.5
88261a75b3fffff,H3,2025,11,0.6
88261a75b3fffff,H3,2025,12,0.6
88261a75b3fffff,H3,2025,13,0.7
88261a75b3fffff,H3,2025,14,0.8
88261a75b3fffff,H3,2025,15,0.9
88261a75b3fffff,H3,2025,16,1.1
88261a75b3fffff,H3,2025,17,1.5
88261a75b3fffff,H3,2025,18,1.7
88261a75b3fffff,H3,2025,19,1.8
88261a75b3fffff,H3,2025,20,1.9
88261a75b3fffff,H3,2025,21,1.9
88261a75b3fffff,H3,2025,22,1.8
88261a75b3fffff,H3,2025,23,1.6
88261d6903fffff,H3,2025,0,1.6
88261d6903fffff,H3,2025,1,1.4
88261d6903fffff,H3,2025,2,1.2
88261d6903fffff,H3,2025,3,1.0
88261d6903fffff,H3,2025,4,1.0
88261d6903fffff,H3,2025,5,0.9
88261d6903fffff,H3,2025,6,0.8
88261d6903fffff,H3,2025,7,0.7
88261d6903fffff,H3,2025,8,0.6
88261d6903fffff,H3,2025,9,0.6
88261d6903fffff,H3,2025,10,0.6
88261d6903fffff,H3,2025,11,0.7
88261d6903fffff,H3,2025,12,0.8
88261d6903fffff,H3,2025,13,0.8
88261d6903fffff,H3,2025,14,0.9
88261d6903fffff,H3,2025,15,1.1
88261d6903fffff,H3,2025,16,1.4
88261d6903fffff,H3,2025,17,1.8
88261d6903fffff,H3,2025,18,2.0
88261d6903fffff,H3,2025,19,2.3
88261d6903fffff,H3,2025,20,2.3
88261d6903fffff,H3,2025,21,2.3
88261d6903fffff,H3,2025,22,2.2
88261d6903fffff,H3,2025,23,1.8
88261d692bfffff,H3,2025,0,1.5
88261d692bfffff,H3,2025,1,1.2
88261d692bfffff,H3,2025,2,1.1
88261d692bfffff,H3,2025,3,1.0
88261d692bfffff,H3,2025,4,0.9
88261d692bfffff,H3,2025,5,0.8
88261d692bfffff,H3,2025,6,0.8
88261d692bfffff,H3,2025,7,0.6
88261d692bfffff,H3,2025,8,0.5
88261d692bfffff,H3,2025,9,0.5
88261d692bfffff,H3,2025,10,0.6
88261d692bfffff,H3,2025,11,0.6
88261d692bfffff,H3,2025,12,0.7
88261d692bfffff,H3,2025,13,0.8
88261d692bfffff,H3,2025,14,0.8
88261d692bfffff,H3,2025,15,1.0
88261d692bfffff,H3,2025,16,1.2
88261d692bfffff,H3,2025,17,1.6
88261d692bfffff,H3,2025,18,1.9
88261d692bfffff,H3,2025,19,2.0
88261d692bfffff,H3,2025,20,2.2
88261d692bfffff,H3,2025,21,2.0
88261d692bfffff,H3,2025,22,1.9
88261d692bfffff,H3,2025,23,1.7
8826207abdfffff,H3,2025,0,1.4
8826207abdfffff,H3,2025,1,1.2
8826207abdfffff,H3,2025,2,1.0
8826207abdfffff,H3,2025,3,0.9
8826207abdfffff,H3,2025,4,0.9
8826207abdfffff,H3,2025,5,0.8
8826207abdfffff,H3,2025,6,0.7
8826207abdfffff,H3,2025,7,0.6
8826207abdfffff,H3,2025,8,0.5
8826207abdfffff,H3,2025,9,0.5
8826207abdfffff,H3,2025,10,0.5
8826207abdfffff,H3,2025,11,0.6
8826207abdfffff,H3,2025,12,0.7
8826207abdfffff,H3,2025,13,0.7
8826207abdfffff,H3,2025,14,0.8
8826207abdfffff,H3,2025,15,0.9
8826207abdfffff,H3,2025,16,1.1
8826207abdfffff,H3,2025,17,1.6
8826207abdfffff,H3,2025,18,1.8
8826207abdfffff,H3,2025,19,1.9
8826207abdfffff,H3,2025,20,2.0
8826207abdfffff,H3,2025,21,2.0
8826207abdfffff,H3,2025,22,1.8
8826207abdfffff,H3,2025,23,1.6
882620d9e9fffff,H3,2025,0,2.2
882620d9e9fffff,H3,2025,1,1.8
882620d9e9fffff,H3,2025,2,1.6
882620d9e9fffff,H3,2025,3,1.5
882620d9e9fffff,H3,2025,4,1.2
882620d9e9fffff,H3,2025,5,1.2
882620d9e9fffff,H3,2025,6,1.0
882620d9e9fffff,H3,2025,7,0.8
882620d9e9fffff,H3,2025,8,0.7
882620d9e9fffff,H3,2025,9,0.7
882620d9e9fffff,H3,2025,10,0.7
882620d9e9fffff,H3,2025,11,0.8
882620d9e9fffff,H3,2025,12,0.9
882620d9e9fffff,H3,2025,13,1.0
882620d9e9fffff,H3,2025,14,1.2
882620d9e9fffff,H3,2025,15,1.4
882620d9e9fffff,H3,2025,16,1.8
882620d9e9fffff,H3,2025,17,2.3
882620d9e9fffff,H3,2025,18,2.7
882620d9e9fffff,H3,2025,19,3.0
882620d9e9fffff,H3,2025,20,3.1
882620d9e9fffff,H3,2025,21,3.0
882620d9e9fffff,H3,2025,22,2.7
882620d9e9fffff,H3,2025,23,2.5
882621980bfffff,H3,2025,0,3.5
882621980bfffff,H3,2025,1,3.1
882621980bfffff,H3,2025,2,2.7
882621980bfffff,H3,2025,3,2.4
882621980bfffff,H3,2025,4,2.2
882621980bfffff,H3,2025,5,2.0
882621980bfffff,H3,2025,6,1.8
882621980bfffff,H3,2025,7,1.4
882621980bfffff,H3,2025,8,1.2
882621980bfffff,H3,2025,9,1.1
882621980bfffff,H3,2025,10,1.2
882621980bfffff,H3,2025,11,1.4
882621980bfffff,H3,2025,12,1.6
882621980bfffff,H3,2025,13,1.8
882621980bfffff,H3,2025,14,2.0
882621980bfffff,H3,2025,15,2.4
882621980bfffff,H3,2025,16,3.0
882621980bfffff,H3,2025,17,3.9
882621980bfffff,H3,2025,18,4.5
882621980bfffff,H3,2025,19,4.9
882621980bfffff,H3,2025,20,5.1
882621980bfffff,H3,2025,21,5.0
882621980bfffff,H3,2025,22,4.7
882621980bfffff,H3,2025,23,4.2
882623748bfffff,H3,2025,0,1.2
882623748bfffff,H3,2025,1,1.0
882623748bfffff,H3,2025,2,0.9
882623748bfffff,H3,2025,3,0.8
882623748bfffff,H3,2025,4,0.8
882623748bfffff,H3,2025,5,0.7
882623748bfffff,H3,2025,6,0.6
882623748bfffff,H3,2025,7,0.5
882623748bfffff,H3,2025,8,0.5
882623748bfffff,H3,2025,9,0.3
882623748bfffff,H3,2025,10,0.5
882623748bfffff,H3,2025,11,0.5
882623748bfffff,H3,2025,12,0.6
882623748bfffff,H3,2025,13,0.7
882623748bfffff,H3,2025,14,0.7
882623748bfffff,H3,2025,15,0.8
882623748bfffff,H3,2025,16,1.0
882623748bfffff,H3,2025,17,1.4
882623748bfffff,H3,2025,18,1.6
882623748bfffff,H3,2025,19,1.7
882623748bfffff,H3,2025,20,1.8
882623748bfffff,H3,2025,21,1.7
882623748bfffff,H3,2025,22,1.6
882623748bfffff,H3,2025,23,1.5
882625468bfffff,H3,2025,0,2.6
882625468bfffff,H3,2025,1,2.3
882625468bfffff,H3,2025,2,2.0
882625468bfffff,H3,2025,3,1.8
882625468bfffff,H3,2025,4,1.6
882625468bfffff,H3,2025,5,1.5
882625468bfffff,H3,2025,6,1.4
882625468bfffff,H3,2025,7,1.1
882625468bfffff,H3,2025,8,0.9
882625468bfffff,H3,2025,9,0.9
882625468bfffff,H3,2025,10,1.0
882625468bfffff,H3,2025,11,1.1
882625468bfffff,H3,2025,12,1.4
882625468bfffff,H3,2025,13,1.5
882625468bfffff,H3,2025,14,1.6
882625468bfffff,H3,2025,15,1.9
882625468bfffff,H3,2025,16,2.4
882625468bfffff,H3,2025,17,3.1
882625468bfffff,H3,2025,18,3.5
882625468bfffff,H3,2025,19,3.9
882625468bfffff,H3,2025,20,4.0
882625468bfffff,H3,2025,21,3.9
882625468bfffff,H3,2025,22,3.5
882625468bfffff,H3,2025,23,3.2
882626890dfffff,H3,2025,0,10.1
882626890dfffff,H3,2025,1,8.9
882626890dfffff,H3,2025,2,7.7
882626890dfffff,H3,2025,3,6.9
882626890dfffff,H3,2025,4,6.4
882626890dfffff,H3,2025,5,5.7
882626890dfffff,H3,2025,6,5.1
882626890dfffff,H3,2025,7,4.1
882626890dfffff,H3,2025,8,3.4
882626890dfffff,H3,2025,9,3.3
882626890dfffff,H3,2025,10,3.6
882626890dfffff,H3,2025,11,4.1
882626890dfffff,H3,2025,12,4.8
882626890dfffff,H3,2025,13,5.3
882626890dfffff,H3,2025,14,5.9
882626890dfffff,H3,2025,15,6.9
882626890dfffff,H3,2025,16,8.6
882626890dfffff,H3,2025,17,11.4
882626890dfffff,H3,2025,18,13.3
882626890dfffff,H3,2025,19,14.3
882626890dfffff,H3,2025,20,14.9
882626890dfffff,H3,2025,21,14.5
882626890dfffff,H3,2025,22,13.5
882626890dfffff,H3,2025,23,12.0
882626c6cbfffff,H3,2025,0,1.7
882626c6cbfffff,H3,2025,1,1.5
882626c6cbfffff,H3,2025,2,1.2
882626c6cbfffff,H3,2025,3,1.1
882626c6cbfffff,H3,2025,4,1.0
882626c6cbfffff,H3,2025,5,0.9
882626c6cbfffff,H3,2025,6,0.8
882626c6cbfffff,H3,2025,7,0.7
882626c6cbfffff,H3,2025,8,0.6
882626c6cbfffff,H3,2025,9,0.6
882626c6cbfffff,H3,2025,10,0.6
882626c6cbfffff,H3,2025,11,0.7
882626c6cbfffff,H3,2025,12,0.8
882626c6cbfffff,H3,2025,13,0.9
882626c6cbfffff,H3,2025,14,0.9
882626c6cbfffff,H3,2025,15,1.1
882626c6cbfffff,H3,2025,16,1.4
882626c6cbfffff,H3,2025,17,1.8
882626c6cbfffff,H3,2025,18,2.2
882626c6cbfffff,H3,2025,19,2.3
882626c6cbfffff,H3,2025,20,2.4
882626c6cbfffff,H3,2025,21,2.4
882626c6cbfffff,H3,2025,22,2.2
882626c6cbfffff,H3,2025,23,1.9
88262b38e5fffff,H3,2025,0,2.7
88262b38e5fffff,H3,2025,1,2.4
88262b38e5fffff,H3,2025,2,2.0
88262b38e5fffff,H3,2025,3,1.8
88262b38e5fffff,H3,2025,4,1.7
88262b38e5fffff,H3,2025,5,1.5
88262b38e5fffff,H3,2025,6,1.4
88262b38e5fffff,H3,2025,7,1.0
88262b38e5fffff,H3,2025,8,0.9
88262b38e5fffff,H3,2025,9,0.9
88262b38e5fffff,H3,2025,10,0.9
88262b38e5fffff,H3,2025,11,1.0
88262b38e5fffff,H3,2025,12,1.2
88262b38e5fffff,H3,2025,13,1.4
88262b38e5fffff,H3,2025,14,1.6
88262b38e5fffff,H3,2025,15,1.8
88262b38e5fffff,H3,2025,16,2.3
88262b38e5fffff,H3,2025,17,3.0
88262b38e5fffff,H3,2025,18,3.5
88262b38e5fffff,H3,2025,19,3.8
88262b38e5fffff,H3,2025,20,3.9
88262b38e5fffff,H3,2025,21,3.9
88262b38e5fffff,H3,2025,22,3.5
88262b38e5fffff,H3,2025,23,3.2
88262b3999fffff,H3,2025,0,4.9
88262b3999fffff,H3,2025,1,4.3
88262b3999fffff,H3,2025,2,3.8
88262b3999fffff,H3,2025,3,3.4
88262b3999fffff,H3,2025,4,3.1
88262b3999fffff,H3,2025,5,2.7
88262b3999fffff,H3,2025,6,2.4
88262b3999fffff,H3,2025,7,1.9
88262b3999fffff,H3,2025,8,1.6
88262b3999fffff,H3,2025,9,1.6
88262b3999fffff,H3,2025,10,1.7
88262b3999fffff,H3,2025,11,1.9
88262b3999fffff,H3,2025,12,2.3
88262b3999fffff,H3,2025,13,2.5
88262b3999fffff,H3,2025,14,2.8
88262b3999fffff,H3,2025,15,3.3
88262b3999fffff,H3,2025,16,4.1
88262b3999fffff,H3,2025,17,5.3
88262b3999fffff,H3,2025,18,6.2
88262b3999fffff,H3,2025,19,6.7
88262b3999fffff,H3,2025,20,7.0
88262b3999fffff,H3,2025,21,6.9
88262b3999fffff,H3,2025,22,6.5
88262b3999fffff,H3,2025,23,5.7
88262b52c5fffff,H3,2025,0,2.2
88262b52c5fffff,H3,2025,1,1.9
88262b52c5fffff,H3,2025,2,1.7
88262b52c5fffff,H3,2025,3,1.5
88262b52c5fffff,H3,2025,4,1.4
88262b52c5fffff,H3,2025,5,1.2
88262b52c5fffff,H3,2025,6,1.1
88262b52c5fffff,H3,2025,7,0.9
88262b52c5fffff,H3,2025,8,0.8
88262b52c5fffff,H3,2025,9,0.7
88262b52c5fffff,H3,2025,10,0.8
88262b52c5fffff,H3,2025,11,0.9
88262b52c5fffff,H3,2025,12,1.0
88262b52c5fffff,H3,2025,13,1.1
88262b52c5fffff,H3,2025,14,1.2
88262b52c5fffff,H3,2025,15,1.5
88262b52c5fffff,H3,2025,16,1.8
88262b52c5fffff,H3,2025,17,2.5
88262b52c5fffff,H3,2025,18,2.8
88262b52c5fffff,H3,2025,19,3.1
88262b52c5fffff,H3,2025,20,3.2
88262b52c5fffff,H3,2025,21,3.2
88262b52c5fffff,H3,2025,22,3.0
88262b52c5fffff,H3,2025,23,2.6
88262c6327fffff,H3,2025,0,1.4
88262c6327fffff,H3,2025,1,1.2
88262c6327fffff,H3,2025,2,1.0
88262c6327fffff,H3,2025,3,0.9
88262c6327fffff,H3,2025,4,0.9
88262c6327fffff,H3,2025,5,0.8
88262c6327fffff,H3,2025,6,0.7
88262c6327fffff,H3,2025,7,0.6
88262c6327fffff,H3,2025,8,0.5
88262c6327fffff,H3,2025,9,0.5
88262c6327fffff,H3,2025,10,0.5
88262c6327fffff,H3,2025,11,0.6
88262c6327fffff,H3,2025,12,0.7
88262c6327fffff,H3,2025,13,0.7
88262c6327fffff,H3,2025,14,0.8
88262c6327fffff,H3,2025,15,0.9
88262c6327fffff,H3,2025,16,1.1
88262c6327fffff,H3,2025,17,1.5
88262c6327fffff,H3,2025,18,1.8
88262c6327fffff,H3,2025,19,1.9
88262c6327fffff,H3,2025,20,2.0
88262c6327fffff,H3,2025,21,1.9
88262c6327fffff,H3,2025,22,1.8
88262c6327fffff,H3,2025,23,1.6
88262cd0e9fffff,H3,2025,0,4.2
88262cd0e9fffff,H3,2025,1,3.6
88262cd0e9fffff,H3,2025,2,3.2
88262cd0e9fffff,H3,2025,3,2.8
88262cd0e9fffff,H3,2025,4,2.6
88262cd0e9fffff,H3,2025,5,2.4
88262cd0e9fffff,H3,2025,6,2.0
88262cd0e9fffff,H3,2025,7,1.7
88262cd0e9fffff,H3,2025,8,1.4
88262cd0e9fffff,H3,2025,9,1.4
88262cd0e9fffff,H3,2025,10,1.5
88262cd0e9fffff,H3,2025,11,1.7
88262cd0e9fffff,H3,2025,12,1.9
88262cd0e9fffff,H3,2025,13,2.2
88262cd0e9fffff,H3,2025,14,2.4
88262cd0e9fffff,H3,2025,15,2.8
88262cd0e9fffff,H3,2025,16,3.5
88262cd0e9fffff,H3,2025,17,4.5
88262cd0e9fffff,H3,2025,18,5.5
88262cd0e9fffff,H3,2025,19,5.8
88262cd0e9fffff,H3,2025,20,6.0
88262cd0e9fffff,H3,2025,21,5.9
88262cd0e9fffff,H3,2025,22,5.6
88262cd0e9fffff,H3,2025,23,4.9
88262dca6dfffff,H3,2025,0,2.4
88262dca6dfffff,H3,2025,1,2.2
88262dca6dfffff,H3,2025,2,1.8
88262dca6dfffff,H3,2025,3,1.6
88262dca6dfffff,H3,2025,4,1.5
88262dca6dfffff,H3,2025,5,1.4
88262dca6dfffff,H3,2025,6,1.2
88262dca6dfffff,H3,2025,7,0.9
88262dca6dfffff,H3,2025,8,0.8
88262dca6dfffff,H3,2025,9,0.8
88262dca6dfffff,H3,2025,10,0.8
88262dca6dfffff,H3,2025,11,0.9
88262dca6dfffff,H3,2025,12,1.1
88262dca6dfffff,H3,2025,13,1.2
88262dca6dfffff,H3,2025,14,1.4
88262dca6dfffff,H3,2025,15,1.6
88262dca6dfffff,H3,2025,16,2.0
88262dca6dfffff,H3,2025,17,2.6
88262dca6dfffff,H3,2025,18,3.1
88262dca6dfffff,H3,2025,19,3.4
88262dca6dfffff,H3,2025,20,3.5
88262dca6dfffff,H3,2025,21,3.4
88262dca6dfffff,H3,2025,22,3.2
88262dca6dfffff,H3,2025,23,2.8
88262eb189fffff,H3,2025,0,1.8
88262eb189fffff,H3,2025,1,1.6
88262eb189fffff,H3,2025,2,1.4
88262eb189fffff,H3,2025,3,1.2
88262eb189fffff,H3,2025,4,1.1
88262eb189fffff,H3,2025,5,1.0
88262eb189fffff,H3,2025,6,0.9
88262eb189fffff,H3,2025,7,0.7
88262eb189fffff,H3,2025,8,0.6
88262eb189fffff,H3,2025,9,0.6
88262eb189fffff,H3,2025,10,0.7
88262eb189fffff,H3,2025,11,0.7
88262eb189fffff,H3,2025,12,0.8
88262eb189fffff,H3,2025,13,0.9
88262eb189fffff,H3,2025,14,1.0
88262eb189fffff,H3,2025,15,1.2
88262eb189fffff,H3,2025,16,1.5
88262eb189fffff,H3,2025,17,2.0
88262eb189fffff,H3,2025,18,2.4
88262eb189fffff,H3,2025,19,2.5
88262eb189fffff,H3,2025,20,2.6
88262eb189fffff,H3,2025,21,2.6
88262eb189fffff,H3,2025,22,2.4
88262eb189fffff,H3,2025,23,2.2
8826318963fffff,H3,2025,0,1.7
8826318963fffff,H3,2025,1,1.6
8826318963fffff,H3,2025,2,1.4
8826318963fffff,H3,2025,3,1.2
8826318963fffff,H3,2025,4,1.1
8826318963fffff,H3,2025,5,1.0
8826318963fffff,H3,2025,6,0.9
8826318963fffff,H3,2025,7,0.7
8826318963fffff,H3,2025,8,0.6
8826318963fffff,H3,2025,9,0.6
8826318963fffff,H3,2025,10,0.7
8826318963fffff,H3,2025,11,0.7
8826318963fffff,H3,2025,12,0.8
8826318963fffff,H3,2025,13,0.9
8826318963fffff,H3,2025,14,1.0
8826318963fffff,H3,2025,15,1.2
8826318963fffff,H3,2025,16,1.5
8826318963fffff,H3,2025,17,1.9
8826318963fffff,H3,2025,18,2.3
8826318963fffff,H3,2025,19,2.5
8826318963fffff,H3,2025,20,2.6
8826318963fffff,H3,2025,21,2.5
8826318963fffff,H3,2025,22,2.3
8826318963fffff,H3,2025,23,2.0
8826319ae5fffff,H3,2025,0,1.2
8826319ae5fffff,H3,2025,1,1.0
8826319ae5fffff,H3,2025,2,0.9
8826319ae5fffff,H3,2025,3,0.8
8826319ae5fffff,H3,2025,4,0.8
8826319ae5fffff,H3,2025,5,0.7
8826319ae5fffff,H3,2025,6,0.6
8826319ae5fffff,H3,2025,7,0.5
8826319ae5fffff,H3,2025,8,0.5
8826319ae5fffff,H3,2025,9,0.3
8826319ae5fffff,H3,2025,10,0.5
8826319ae5fffff,H3,2025,11,0.5
8826319ae5fffff,H3,2025,12,0.6
8826319ae5fffff,H3,2025,13,0.7
8826319ae5fffff,H3,2025,14,0.7
8826319ae5fffff,H3,2025,15,0.8
8826319ae5fffff,H3,2025,16,1.0
8826319ae5fffff,H3,2025,17,1.4
8826319ae5fffff,H3,2025,18,1.6
8826319ae5fffff,H3,2025,19,1.7
8826319ae5fffff,H3,2025,20,1.8
8826319ae5fffff,H3,2025,21,1.7
8826319ae5fffff,H3,2025,22,1.6
8826319ae5fffff,H3,2025,23,1.5
882633691dfffff,H3,2025,0,2.3
882633691dfffff,H3,2025,1,2.0
882633691dfffff,H3,2025,2,1.7
882633691dfffff,H3,2025,3,1.6
882633691dfffff,H3,2025,4,1.4
882633691dfffff,H3,2025,5,1.2
882633691dfffff,H3,2025,6,1.1
882633691dfffff,H3,2025,7,0.9
882633691dfffff,H3,2025,8,0.8
882633691dfffff,H3,2025,9,0.8
882633691dfffff,H3,2025,10,0.8
882633691dfffff,H3,2025,11,0.9
882633691dfffff,H3,2025,12,1.1
882633691dfffff,H3,2025,13,1.2
882633691dfffff,H3,2025,14,1.4
882633691dfffff,H3,2025,15,1.6
882633691dfffff,H3,2025,16,2.0
882633691dfffff,H3,2025,17,2.6
882633691dfffff,H3,2025,18,3.1
882633691dfffff,H3,2025,19,3.3
882633691dfffff,H3,2025,20,3.4
882633691dfffff,H3,2025,21,3.3
882633691dfffff,H3,2025,22,3.1
882633691dfffff,H3,2025,23,2.7
882634b4adfffff,H3,2025,0,1.2
882634b4adfffff,H3,2025,1,1.1
882634b4adfffff,H3,2025,2,1.0
882634b4adfffff,H3,2025,3,0.9
882634b4adfffff,H3,2025,4,0.8
882634b4adfffff,H3,2025,5,0.7
882634b4adfffff,H3,2025,6,0.7
882634b4adfffff,H3,2025,7,0.6
882634b4adfffff,H3,2025,8,0.5
882634b4adfffff,H3,2025,9,0.5
882634b4adfffff,H3,2025,10,0.5
882634b4adfffff,H3,2025,11,0.6
882634b4adfffff,H3,2025,12,0.6
882634b4adfffff,H3,2025,13,0.7
882634b4adfffff,H3,2025,14,0.8
882634b4adfffff,H3,2025,15,0.9
882634b4adfffff,H3,2025,16,1.1
882634b4adfffff,H3,2025,17,1.5
882634b4adfffff,H3,2025,18,1.7
882634b4adfffff,H3,2025,19,1.8
882634b4adfffff,H3,2025,20,1.9
882634b4adfffff,H3,2025,21,1.8
882634b4adfffff,H3,2025,22,1.7
882634b4adfffff,H3,2025,23,1.6
8826362195fffff,H3,2025,0,4.4
8826362195fffff,H3,2025,1,3.9
8826362195fffff,H3,2025,2,3.4
8826362195fffff,H3,2025,3,3.1
8826362195fffff,H3,2025,4,2.7
8826362195fffff,H3,2025,5,2.5
8826362195fffff,H3,2025,6,2.3
8826362195fffff,H3,2025,7,1.8
8826362195fffff,H3,2025,8,1.5
8826362195fffff,H3,2025,9,1.5
8826362195fffff,H3,2025,10,1.6
8826362195fffff,H3,2025,11,1.8
8826362195fffff,H3,2025,12,2.0
8826362195fffff,H3,2025,13,2.3
8826362195fffff,H3,2025,14,2.5
8826362195fffff,H3,2025,15,3.0
8826362195fffff,H3,2025,16,3.8
8826362195fffff,H3,2025,17,4.9
8826362195fffff,H3,2025,18,5.8
8826362195fffff,H3,2025,19,6.1
8826362195fffff,H3,2025,20,6.5
8826362195fffff,H3,2025,21,6.2
8826362195fffff,H3,2025,22,5.9
8826362195fffff,H3,2025,23,5.2
8826368111fffff,H3,2025,0,1.8
8826368111fffff,H3,2025,1,1.6
8826368111fffff,H3,2025,2,1.4
8826368111fffff,H3,2025,3,1.2
8826368111fffff,H3,2025,4,1.0
8826368111fffff,H3,2025,5,1.0
8826368111fffff,H3,2025,6,0.9
8826368111fffff,H3,2025,7,0.8
8826368111fffff,H3,2025,8,0.7
8826368111fffff,H3,2025,9,0.6
8826368111fffff,H3,2025,10,0.7
8826368111fffff,H3,2025,11,0.8
8826368111fffff,H3,2025,12,0.9
8826368111fffff,H3,2025,13,1.0
8826368111fffff,H3,2025,14,1.1
8826368111fffff,H3,2025,15,1.2
8826368111fffff,H3,2025,16,1.6
8826368111fffff,H3,2025,17,2.2
8826368111fffff,H3,2025,18,2.4
8826368111fffff,H3,2025,19,2.6
8826368111fffff,H3,2025,20,2.7
8826368111fffff,H3,2025,21,2.6
8826368111fffff,H3,2025,22,2.4
8826368111fffff,H3,2025,23,2.2
882636818dfffff,H3,2025,0,13.9
882636818dfffff,H3,2025,1,12.2
882636818dfffff,H3,2025,2,10.6
882636818dfffff,H3,2025,3,9.5
882636818dfffff,H3,2025,4,8.6
882636818dfffff,H3,2025,5,7.8
882636818dfffff,H3,2025,6,7.0
882636818dfffff,H3,2025,7,5.7
882636818dfffff,H3,2025,8,4.8
882636818dfffff,H3,2025,9,4.7
882636818dfffff,H3,2025,10,5.0
882636818dfffff,H3,2025,11,5.7
882636818dfffff,H3,2025,12,6.7
882636818dfffff,H3,2025,13,7.4
882636818dfffff,H3,2025,14,8.3
882636818dfffff,H3,2025,15,9.8
882636818dfffff,H3,2025,16,12.2
882636818dfffff,H3,2025,17,15.8
882636818dfffff,H3,2025,18,18.5
882636818dfffff,H3,2025,19,19.8
882636818dfffff,H3,2025,20,20.6
882636818dfffff,H3,2025,21,20.0
882636818dfffff,H3,2025,22,18.5
882636818dfffff,H3,2025,23,16.5
88263681abfffff,H3,2025,0,2.4
88263681abfffff,H3,2025,1,2.0
88263681abfffff,H3,2025,2,1.8
88263681abfffff,H3,2025,3,1.6
88263681abfffff,H3,2025,4,1.5
88263681abfffff,H3,2025,5,1.4
88263681abfffff,H3,2025,6,1.2
88263681abfffff,H3,2025,7,0.9
88263681abfffff,H3,2025,8,0.8
88263681abfffff,H3,2025,9,0.8
88263681abfffff,H3,2025,10,0.8
88263681abfffff,H3,2025,11,0.9
88263681abfffff,H3,2025,12,1.1
88263681abfffff,H3,2025,13,1.2
88263681abfffff,H3,2025,14,1.4
88263681abfffff,H3,2025,15,1.6
88263681abfffff,H3,2025,16,2.0
88263681abfffff,H3,2025,17,2.6
88263681abfffff,H3,2025,18,3.1
88263681abfffff,H3,2025,19,3.3
88263681abfffff,H3,2025,20,3.4
88263681abfffff,H3,2025,21,3.4
88263681abfffff,H3,2025,22,3.2
88263681abfffff,H3,2025,23,2.8
88263681c3fffff,H3,2025,0,1.5
88263681c3fffff,H3,2025,1,1.2
88263681c3fffff,H3,2025,2,1.1
88263681c3fffff,H3,2025,3,1.0
88263681c3fffff,H3,2025,4,0.9
88263681c3fffff,H3,2025,5,0.8
88263681c3fffff,H3,2025,6,0.7
88263681c3fffff,H3,2025,7,0.6
88263681c3fffff,H3,2025,8,0.5
88263681c3fffff,H3,2025,9,0.5
88263681c3fffff,H3,2025,10,0.5
88263681c3fffff,H3,2025,11,0.6
88263681c3fffff,H3,2025,12,0.7
88263681c3fffff,H3,2025,13,0.7
88263681c3fffff,H3,2025,14,0.8
88263681c3fffff,H3,2025,15,0.9
88263681c3fffff,H3,2025,16,1.2
88263681c3fffff,H3,2025,17,1.6
88263681c3fffff,H3,2025,18,1.8
88263681c3fffff,H3,2025,19,2.0
88263681c3fffff,H3,2025,20,2.0
88263681c3fffff,H3,2025,21,2.0
88263681c3fffff,H3,2025,22,1.9
88263681c3fffff,H3,2025,23,1.7
8826405165fffff,H3,2025,0,1.5
8826405165fffff,H3,2025,1,1.2
8826405165fffff,H3,2025,2,1.1
8826405165fffff,H3,2025,3,1.0
8826405165fffff,H3,2025,4,0.9
8826405165fffff,H3,2025,5,0.8
8826405165fffff,H3,2025,6,0.8
8826405165fffff,H3,2025,7,0.6
8826405165fffff,H3,2025,8,0.5
8826405165fffff,H3,2025,9,0.5
8826405165fffff,H3,2025,10,0.6
8826405165fffff,H3,2025,11,0.6
8826405165fffff,H3,2025,12,0.7
8826405165fffff,H3,2025,13,0.8
8826405165fffff,H3,2025,14,0.9
8826405165fffff,H3,2025,15,1.0
8826405165fffff,H3,2025,16,1.2
8826405165fffff,H3,2025,17,1.6
8826405165fffff,H3,2025,18,1.9
8826405165fffff,H3,2025,19,2.0
8826405165fffff,H3,2025,20,2.2
8826405165fffff,H3,2025,21,2.2
8826405165fffff,H3,2025,22,1.9
8826405165fffff,H3,2025,23,1.7
8826405367fffff,H3,2025,0,2.8
8826405367fffff,H3,2025,1,2.4
8826405367fffff,H3,2025,2,2.2
8826405367fffff,H3,2025,3,1.9
8826405367fffff,H3,2025,4,1.7
8826405367fffff,H3,2025,5,1.6
8826405367fffff,H3,2025,6,1.4
8826405367fffff,H3,2025,7,1.1
8826405367fffff,H3,2025,8,1.0
8826405367fffff,H3,2025,9,1.0
8826405367fffff,H3,2025,10,1.0
8826405367fffff,H3,2025,11,1.2
8826405367fffff,H3,2025,12,1.4
8826405367fffff,H3,2025,13,1.6
8826405367fffff,H3,2025,14,1.7
8826405367fffff,H3,2025,15,2.0
8826405367fffff,H3,2025,16,2.5
8826405367fffff,H3,2025,17,3.2
8826405367fffff,H3,2025,18,3.8
8826405367fffff,H3,2025,19,4.0
8826405367fffff,H3,2025,20,4.2
8826405367fffff,H3,2025,21,4.1
8826405367fffff,H3,2025,22,3.8
8826405367fffff,H3,2025,23,3.3
882640c589fffff,H3,2025,0,4.2
882640c589fffff,H3,2025,1,3.6
882640c589fffff,H3,2025,2,3.2
882640c589fffff,H3,2025,3,2.8
882640c589fffff,H3,2025,4,2.6
882640c589fffff,H3,2025,5,2.4
882640c589fffff,H3,2025,6,2.2
882640c589fffff,H3,2025,7,1.7
882640c589fffff,H3,2025,8,1.5
882640c589fffff,H3,2025,9,1.4
882640c589fffff,H3,2025,10,1.6
882640c589fffff,H3,2025,11,1.7
882640c589fffff,H3,2025,12,2.0
882640c589fffff,H3,2025,13,2.3
882640c589fffff,H3,2025,14,2.5
882640c589fffff,H3,2025,15,3.0
882640c589fffff,H3,2025,16,3.6
882640c589fffff,H3,2025,17,4.8
882640c589fffff,H3,2025,18,5.6
882640c589fffff,H3,2025,19,6.0
882640c589fffff,H3,2025,20,6.2
882640c589fffff,H3,2025,21,6.0
882640c589fffff,H3,2025,22,5.7
882640c589fffff,H3,2025,23,5.0
882640c811fffff,H3,2025,0,4.3
882640c811fffff,H3,2025,1,3.8
882640c811fffff,H3,2025,2,3.3
882640c811fffff,H3,2025,3,3.0
882640c811fffff,H3,2025,4,2.6
882640c811fffff,H3,2025,5,2.4
882640c811fffff,H3,2025,6,2.2
882640c811fffff,H3,2025,7,1.7
882640c811fffff,H3,2025,8,1.4
882640c811fffff,H3,2025,9,1.4
882640c811fffff,H3,2025,10,1.5
882640c811fffff,H3,2025,11,1.7
882640c811fffff,H3,2025,12,1.9
882640c811fffff,H3,2025,13,2.2
882640c811fffff,H3,2025,14,2.4
882640c811fffff,H3,2025,15,2.8
882640c811fffff,H3,2025,16,3.5
882640c811fffff,H3,2025,17,4.7
882640c811fffff,H3,2025,18,5.5
882640c811fffff,H3,2025,19,5.9
882640c811fffff,H3,2025,20,6.1
882640c811fffff,H3,2025,21,6.0
882640c811fffff,H3,2025,22,5.7
882640c811fffff,H3,2025,23,5.0
882640c823fffff,H3,2025,0,8.1
882640c823fffff,H3,2025,1,7.0
882640c823fffff,H3,2025,2,6.1
882640c823fffff,H3,2025,3,5.6
882640c823fffff,H3,2025,4,5.0
882640c823fffff,H3,2025,5,4.5
882640c823fffff,H3,2025,6,4.1
882640c823fffff,H3,2025,7,3.2
882640c823fffff,H3,2025,8,2.7
882640c823fffff,H3,2025,9,2.6
882640c823fffff,H3,2025,10,2.8
882640c823fffff,H3,2025,11,3.2
882640c823fffff,H3,2025,12,3.8
882640c823fffff,H3,2025,13,4.1
882640c823fffff,H3,2025,14,4.7
882640c823fffff,H3,2025,15,5.5
882640c823fffff,H3,2025,16,6.8
882640c823fffff,H3,2025,17,8.9
882640c823fffff,H3,2025,18,10.5
882640c823fffff,H3,2025,19,11.2
882640c823fffff,H3,2025,20,11.7
882640c823fffff,H3,2025,21,11.5
882640c823fffff,H3,2025,22,10.7
882640c823fffff,H3,2025,23,9.5
882640c827fffff,H3,2025,0,6.5
882640c827fffff,H3,2025,1,5.7
882640c827fffff,H3,2025,2,5.0
882640c827fffff,H3,2025,3,4.4
882640c827fffff,H3,2025,4,4.1
882640c827fffff,H3,2025,5,3.6
882640c827fffff,H3,2025,6,3.3
882640c827fffff,H3,2025,7,2.6
882640c827fffff,H3,2025,8,2.2
882640c827fffff,H3,2025,9,2.0
882640c827fffff,H3,2025,10,2.3
882640c827fffff,H3,2025,11,2.6
882640c827fffff,H3,2025,12,3.0
882640c827fffff,H3,2025,13,3.3
882640c827fffff,H3,2025,14,3.8
882640c827fffff,H3,2025,15,4.4
882640c827fffff,H3,2025,16,5.5
882640c827fffff,H3,2025,17,7.2
882640c827fffff,H3,2025,18,8.4
882640c827fffff,H3,2025,19,9.0
882640c827fffff,H3,2025,20,9.4
882640c827fffff,H3,2025,21,9.2
882640c827fffff,H3,2025,22,8.5
882640c827fffff,H3,2025,23,7.6
8826411b69fffff,H3,2025,0,9.8
8826411b69fffff,H3,2025,1,8.5
8826411b69fffff,H3,2025,2,7.4
8826411b69fffff,H3,2025,3,6.6
8826411b69fffff,H3,2025,4,6.0
8826411b69fffff,H3,2025,5,5.5
8826411b69fffff,H3,2025,6,4.9
8826411b69fffff,H3,2025,7,4.0
8826411b69fffff,H3,2025,8,3.4
8826411b69fffff,H3,2025,9,3.3
8826411b69fffff,H3,2025,10,3.5
8826411b69fffff,H3,2025,11,4.0
8826411b69fffff,H3,2025,12,4.7
8826411b69fffff,H3,2025,13,5.2
8826411b69fffff,H3,2025,14,5.8
8826411b69fffff,H3,2025,15,6.8
8826411b69fffff,H3,2025,16,8.5
8826411b69fffff,H3,2025,17,11.1
8826411b69fffff,H3,2025,18,13.0
8826411b69fffff,H3,2025,19,13.9
8826411b69fffff,H3,2025,20,14.4
8826411b69fffff,H3,2025,21,14.0
8826411b69fffff,H3,2025,22,13.0
8826411b69fffff,H3,2025,23,11.5
8826416415fffff,H3,2025,0,2.2
8826416415fffff,H3,2025,1,1.9
8826416415fffff,H3,2025,2,1.7
8826416415fffff,H3,2025,3,1.5
8826416415fffff,H3,2025,4,1.4
8826416415fffff,H3,2025,5,1.2
8826416415fffff,H3,2025,6,1.1
8826416415fffff,H3,2025,7,0.9
8826416415fffff,H3,2025,8,0.8
8826416415fffff,H3,2025,9,0.7
8826416415fffff,H3,2025,10,0.8
8826416415fffff,H3,2025,11,0.9
8826416415fffff,H3,2025,12,1.0
8826416415fffff,H3,2025,13,1.1
8826416415fffff,H3,2025,14,1.2
8826416415fffff,H3,2025,15,1.5
8826416415fffff,H3,2025,16,1.9
8826416415fffff,H3,2025,17,2.5
8826416415fffff,H3,2025,18,2.8
8826416415fffff,H3,2025,19,3.1
8826416415fffff,H3,2025,20,3.2
8826416415fffff,H3,2025,21,3.2
8826416415fffff,H3,2025,22,2.8
8826416415fffff,H3,2025,23,2.6
8826416419fffff,H3,2025,0,6.1
8826416419fffff,H3,2025,1,5.5
8826416419fffff,H3,2025,2,4.8
8826416419fffff,H3,2025,3,4.2
8826416419fffff,H3,2025,4,3.9
8826416419fffff,H3,2025,5,3.5
8826416419fffff,H3,2025,6,3.1
8826416419fffff,H3,2025,7,2.5
8826416419fffff,H3,2025,8,2.0
8826416419fffff,H3,2025,9,2.0
8826416419fffff,H3,2025,10,2.2
8826416419fffff,H3,2025,11,2.5
8826416419fffff,H3,2025,12,2.8
8826416419fffff,H3,2025,13,3.2
8826416419fffff,H3,2025,14,3.5
8826416419fffff,H3,2025,15,4.2
8826416419fffff,H3,2025,16,5.2
8826416419fffff,H3,2025,17,6.8
8826416419fffff,H3,2025,18,8.1
8826416419fffff,H3,2025,19,8.6
8826416419fffff,H3,2025,20,9.0
8826416419fffff,H3,2025,21,8.9
8826416419fffff,H3,2025,22,8.2
8826416419fffff,H3,2025,23,7.3
88264206c9fffff,H3,2025,0,1.6
88264206c9fffff,H3,2025,1,1.4
88264206c9fffff,H3,2025,2,1.2
88264206c9fffff,H3,2025,3,1.0
88264206c9fffff,H3,2025,4,1.0
88264206c9fffff,H3,2025,5,0.9
88264206c9fffff,H3,2025,6,0.8
88264206c9fffff,H3,2025,7,0.7
88264206c9fffff,H3,2025,8,0.6
88264206c9fffff,H3,2025,9,0.6
88264206c9fffff,H3,2025,10,0.6
88264206c9fffff,H3,2025,11,0.7
88264206c9fffff,H3,2025,12,0.8
88264206c9fffff,H3,2025,13,0.9
88264206c9fffff,H3,2025,14,0.9
88264206c9fffff,H3,2025,15,1.1
88264206c9fffff,H3,2025,16,1.4
88264206c9fffff,H3,2025,17,1.8
88264206c9fffff,H3,2025,18,2.2
88264206c9fffff,H3,2025,19,2.3
88264206c9fffff,H3,2025,20,2.4
88264206c9fffff,H3,2025,21,2.3
88264206c9fffff,H3,2025,22,2.2
88264206c9fffff,H3,2025,23,1.9
88264249a9fffff,H3,2025,0,3.6
88264249a9fffff,H3,2025,1,3.2
88264249a9fffff,H3,2025,2,2.7
88264249a9fffff,H3,2025,3,2.4
88264249a9fffff,H3,2025,4,2.2
88264249a9fffff,H3,2025,5,2.0
88264249a9fffff,H3,2025,6,1.8
88264249a9fffff,H3,2025,7,1.5
88264249a9fffff,H3,2025,8,1.2
88264249a9fffff,H3,2025,9,1.2
88264249a9fffff,H3,2025,10,1.4
88264249a9fffff,H3,2025,11,1.6
88264249a9fffff,H3,2025,12,1.8
88264249a9fffff,H3,2025,13,2.0
88264249a9fffff,H3,2025,14,2.2
88264249a9fffff,H3,2025,15,2.6
88264249a9fffff,H3,2025,16,3.3
88264249a9fffff,H3,2025,17,4.3
88264249a9fffff,H3,2025,18,4.9
88264249a9fffff,H3,2025,19,5.2
88264249a9fffff,H3,2025,20,5.5
88264249a9fffff,H3,2025,21,5.2
88264249a9fffff,H3,2025,22,4.9
88264249a9fffff,H3,2025,23,4.3
882642690dfffff,H3,2025,0,1.6
882642690dfffff,H3,2025,1,1.4
882642690dfffff,H3,2025,2,1.1
882642690dfffff,H3,2025,3,1.0
882642690dfffff,H3,2025,4,0.9
882642690dfffff,H3,2025,5,0.9
882642690dfffff,H3,2025,6,0.8
882642690dfffff,H3,2025,7,0.7
882642690dfffff,H3,2025,8,0.6
882642690dfffff,H3,2025,9,0.6
882642690dfffff,H3,2025,10,0.6
882642690dfffff,H3,2025,11,0.7
882642690dfffff,H3,2025,12,0.8
882642690dfffff,H3,2025,13,0.8
882642690dfffff,H3,2025,14,0.9
882642690dfffff,H3,2025,15,1.1
882642690dfffff,H3,2025,16,1.4
882642690dfffff,H3,2025,17,1.8
882642690dfffff,H3,2025,18,2.0
882642690dfffff,H3,2025,19,2.2
882642690dfffff,H3,2025,20,2.3
882642690dfffff,H3,2025,21,2.3
882642690dfffff,H3,2025,22,2.0
882642690dfffff,H3,2025,23,1.8
882643a341fffff,H3,2025,0,2.4
882643a341fffff,H3,2025,1,2.2
882643a341fffff,H3,2025,2,1.8
882643a341fffff,H3,2025,3,1.7
882643a341fffff,H3,2025,4,1.5
882643a341fffff,H3,2025,5,1.4
882643a341fffff,H3,2025,6,1.2
882643a341fffff,H3,2025,7,0.9
882643a341fffff,H3,2025,8,0.8
882643a341fffff,H3,2025,9,0.8
882643a341fffff,H3,2025,10,0.8
882643a341fffff,H3,2025,11,0.9
882643a341fffff,H3,2025,12,1.1
882643a341fffff,H3,2025,13,1.2
882643a341fffff,H3,2025,14,1.4
882643a341fffff,H3,2025,15,1.6
882643a341fffff,H3,2025,16,2.0
882643a341fffff,H3,2025,17,2.7
882643a341fffff,H3,2025,18,3.2
882643a341fffff,H3,2025,19,3.4
882643a341fffff,H3,2025,20,3.5
882643a341fffff,H3,2025,21,3.4
882643a341fffff,H3,2025,22,3.2
882643a341fffff,H3,2025,23,2.8
88264428a5fffff,H3,2025,0,2.5
88264428a5fffff,H3,2025,1,2.2
88264428a5fffff,H3,2025,2,1.9
88264428a5fffff,H3,2025,3,1.7
88264428a5fffff,H3,2025,4,1.6
88264428a5fffff,H3,2025,5,1.4
88264428a5fffff,H3,2025,6,1.2
88264428a5fffff,H3,2025,7,1.0
88264428a5fffff,H3,2025,8,0.9
88264428a5fffff,H3,2025,9,0.8
88264428a5fffff,H3,2025,10,0.9
88264428a5fffff,H3,2025,11,1.0
88264428a5fffff,H3,2025,12,1.2
88264428a5fffff,H3,2025,13,1.4
88264428a5fffff,H3,2025,14,1.5
88264428a5fffff,H3,2025,15,1.7
88264428a5fffff,H3,2025,16,2.2
88264428a5fffff,H3,2025,17,2.8
88264428a5fffff,H3,2025,18,3.3
88264428a5fffff,H3,2025,19,3.5
88264428a5fffff,H3,2025,20,3.8
88264428a5fffff,H3,2025,21,3.6
88264428a5fffff,H3,2025,22,3.4
88264428a5fffff,H3,2025,23,3.0
882644c35bfffff,H3,2025,0,3.1
882644c35bfffff,H3,2025,1,2.6
882644c35bfffff,H3,2025,2,2.3
882644c35bfffff,H3,2025,3,2.0
882644c35bfffff,H3,2025,4,1.9
882644c35bfffff,H3,2025,5,1.7
882644c35bfffff,H3,2025,6,1.5
882644c35bfffff,H3,2025,7,1.2
882644c35bfffff,H3,2025,8,1.0
882644c35bfffff,H3,2025,9,1.0
882644c35bfffff,H3,2025,10,1.0
882644c35bfffff,H3,2025,11,1.2
882644c35bfffff,H3,2025,12,1.4
882644c35bfffff,H3,2025,13,1.6
882644c35bfffff,H3,2025,14,1.7
882644c35bfffff,H3,2025,15,2.0
882644c35bfffff,H3,2025,16,2.5
882644c35bfffff,H3,2025,17,3.3
882644c35bfffff,H3,2025,18,3.9
882644c35bfffff,H3,2025,19,4.2
882644c35bfffff,H3,2025,20,4.4
882644c35bfffff,H3,2025,21,4.3
882644c35bfffff,H3,2025,22,4.0
882644c35bfffff,H3,2025,23,3.5
882644d083fffff,H3,2025,0,2.7
882644d083fffff,H3,2025,1,2.4
882644d083fffff,H3,2025,2,2.2
882644d083fffff,H3,2025,3,1.9
882644d083fffff,H3,2025,4,1.7
882644d083fffff,H3,2025,5,1.6
882644d083fffff,H3,2025,6,1.4
882644d083fffff,H3,2025,7,1.1
882644d083fffff,H3,2025,8,0.9
882644d083fffff,H3,2025,9,0.9
882644d083fffff,H3,2025,10,0.9
882644d083fffff,H3,2025,11,1.1
882644d083fffff,H3,2025,12,1.2
882644d083fffff,H3,2025,13,1.4
882644d083fffff,H3,2025,14,1.6
882644d083fffff,H3,2025,15,1.8
882644d083fffff,H3,2025,16,2.3
882644d083fffff,H3,2025,17,3.1
882644d083fffff,H3,2025,18,3.5
882644d083fffff,H3,2025,19,3.9
882644d083fffff,H3,2025,20,4.0
882644d083fffff,H3,2025,21,3.9
882644d083fffff,H3,2025,22,3.6
882644d083fffff,H3,2025,23,3.3
882644d089fffff,H3,2025,0,18.9
882644d089fffff,H3,2025,1,16.5
882644d089fffff,H3,2025,2,14.3
882644d089fffff,H3,2025,3,12.8
882644d089fffff,H3,2025,4,11.6
882644d089fffff,H3,2025,5,10.6
882644d089fffff,H3,2025,6,9.5
882644d089fffff,H3,2025,7,7.7
882644d089fffff,H3,2025,8,6.6
882644d089fffff,H3,2025,9,6.4
882644d089fffff,H3,2025,10,6.9
882644d089fffff,H3,2025,11,8.0
882644d089fffff,H3,2025,12,9.2
882644d089fffff,H3,2025,13,10.2
882644d089fffff,H3,2025,14,11.4
882644d089fffff,H3,2025,15,13.3
882644d089fffff,H3,2025,16,16.6
882644d089fffff,H3,2025,17,21.6
882644d089fffff,H3,2025,18,25.1
882644d089fffff,H3,2025,19,26.8
882644d089fffff,H3,2025,20,27.8
882644d089fffff,H3,2025,21,27.2
882644d089fffff,H3,2025,22,25.1
882644d089fffff,H3,2025,23,22.3
882644d0b1fffff,H3,2025,0,1.4
882644d0b1fffff,H3,2025,1,1.1
882644d0b1fffff,H3,2025,2,1.0
882644d0b1fffff,H3,2025,3,0.9
882644d0b1fffff,H3,2025,4,0.8
882644d0b1fffff,H3,2025,5,0.8
882644d0b1fffff,H3,2025,6,0.7
882644d0b1fffff,H3,2025,7,0.6
882644d0b1fffff,H3,2025,8,0.5
882644d0b1fffff,H3,2025,9,0.5
882644d0b1fffff,H3,2025,10,0.5
882644d0b1fffff,H3,2025,11,0.6
882644d0b1fffff,H3,2025,12,0.7
882644d0b1fffff,H3,2025,13,0.7
882644d0b1fffff,H3,2025,14,0.8
882644d0b1fffff,H3,2025,15,0.9
882644d0b1fffff,H3,2025,16,1.1
882644d0b1fffff,H3,2025,17,1.5
882644d0b1fffff,H3,2025,18,1.7
882644d0b1fffff,H3,2025,19,1.8
882644d0b1fffff,H3,2025,20,1.9
882644d0b1fffff,H3,2025,21,1.9
882644d0b1fffff,H3,2025,22,1.8
882644d0b1fffff,H3,2025,23,1.6
882644d0b3fffff,H3,2025,0,155.1
882644d0b3fffff,H3,2025,1,136.0
882644d0b3fffff,H3,2025,2,118.6
882644d0b3fffff,H3,2025,3,106.9
882644d0b3fffff,H3,2025,4,96.8
882644d0b3fffff,H3,2025,5,87.7
882644d0b3fffff,H3,2025,6,77.8
882644d0b3fffff,H3,2025,7,61.9
882644d0b3fffff,H3,2025,8,52.0
882644d0b3fffff,H3,2025,9,50.0
882644d0b3fffff,H3,2025,10,54.1
882644d0b3fffff,H3,2025,11,61.9
882644d0b3fffff,H3,2025,12,71.6
882644d0b3fffff,H3,2025,13,79.5
882644d0b3fffff,H3,2025,14,89.2
882644d0b3fffff,H3,2025,15,104.8
882644d0b3fffff,H3,2025,16,130.5
882644d0b3fffff,H3,2025,17,171.1
882644d0b3fffff,H3,2025,18,200.9
882644d0b3fffff,H3,2025,19,216.0
882644d0b3fffff,H3,2025,20,225.5
882644d0b3fffff,H3,2025,21,220.8
882644d0b3fffff,H3,2025,22,205.2
882644d0b3fffff,H3,2025,23,183.0
882644d2edfffff,H3,2025,0,2.6
882644d2edfffff,H3,2025,1,2.3
882644d2edfffff,H3,2025,2,2.0
882644d2edfffff,H3,2025,3,1.8
882644d2edfffff,H3,2025,4,1.6
882644d2edfffff,H3,2025,5,1.5
882644d2edfffff,H3,2025,6,1.4
882644d2edfffff,H3,2025,7,1.0
882644d2edfffff,H3,2025,8,0.9
882644d2edfffff,H3,2025,9,0.8
882644d2edfffff,H3,2025,10,0.9
882644d2edfffff,H3,2025,11,1.0
882644d2edfffff,H3,2025,12,1.2
882644d2edfffff,H3,2025,13,1.4
882644d2edfffff,H3,2025,14,1.5
882644d2edfffff,H3,2025,15,1.8
882644d2edfffff,H3,2025,16,2.2
882644d2edfffff,H3,2025,17,2.8
882644d2edfffff,H3,2025,18,3.4
882644d2edfffff,H3,2025,19,3.6
882644d2edfffff,H3,2025,20,3.9
882644d2edfffff,H3,2025,21,3.8
882644d2edfffff,H3,2025,22,3.5
882644d2edfffff,H3,2025,23,3.1
882646225bfffff,H3,2025,0,1.6
882646225bfffff,H3,2025,1,1.4
882646225bfffff,H3,2025,2,1.1
882646225bfffff,H3,2025,3,1.0
882646225bfffff,H3,2025,4,0.9
882646225bfffff,H3,2025,5,0.9
882646225bfffff,H3,2025,6,0.8
882646225bfffff,H3,2025,7,0.7
882646225bfffff,H3,2025,8,0.6
882646225bfffff,H3,2025,9,0.6
882646225bfffff,H3,2025,10,0.6
882646225bfffff,H3,2025,11,0.7
882646225bfffff,H3,2025,12,0.7
882646225bfffff,H3,2025,13,0.8
882646225bfffff,H3,2025,14,0.9
882646225bfffff,H3,2025,15,1.0
882646225bfffff,H3,2025,16,1.4
882646225bfffff,H3,2025,17,1.7
882646225bfffff,H3,2025,18,2.0
882646225bfffff,H3,2025,19,2.2
882646225bfffff,H3,2025,20,2.3
882646225bfffff,H3,2025,21,2.3
882646225bfffff,H3,2025,22,2.0
882646225bfffff,H3,2025,23,1.8
8826462e25fffff,H3,2025,0,1.5
8826462e25fffff,H3,2025,1,1.2
8826462e25fffff,H3,2025,2,1.1
8826462e25fffff,H3,2025,3,1.0
8826462e25fffff,H3,2025,4,0.9
8826462e25fffff,H3,2025,5,0.8
8826462e25fffff,H3,2025,6,0.7
8826462e25fffff,H3,2025,7,0.6
8826462e25fffff,H3,2025,8,0.5
8826462e25fffff,H3,2025,9,0.5
8826462e25fffff,H3,2025,10,0.6
8826462e25fffff,H3,2025,11,0.6
8826462e25fffff,H3,2025,12,0.7
8826462e25fffff,H3,2025,13,0.8
8826462e25fffff,H3,2025,14,0.8
8826462e25fffff,H3,2025,15,1.0
8826462e25fffff,H3,2025,16,1.2
8826462e25fffff,H3,2025,17,1.6
8826462e25fffff,H3,2025,18,1.9
8826462e25fffff,H3,2025,19,2.0
8826462e25fffff,H3,2025,20,2.2
8826462e25fffff,H3,2025,21,2.0
8826462e25fffff,H3,2025,22,1.9
8826462e25fffff,H3,2025,23,1.7
8826463511fffff,H3,2025,0,2.2
8826463511fffff,H3,2025,1,1.8
8826463511fffff,H3,2025,2,1.6
8826463511fffff,H3,2025,3,1.5
8826463511fffff,H3,2025,4,1.2
8826463511fffff,H3,2025,5,1.2
8826463511fffff,H3,2025,6,1.0
8826463511fffff,H3,2025,7,0.8
8826463511fffff,H3,2025,8,0.7
8826463511fffff,H3,2025,9,0.7
8826463511fffff,H3,2025,10,0.7
8826463511fffff,H3,2025,11,0.8
8826463511fffff,H3,2025,12,0.9
8826463511fffff,H3,2025,13,1.0
8826463511fffff,H3,2025,14,1.2
8826463511fffff,H3,2025,15,1.4
8826463511fffff,H3,2025,16,1.8
8826463511fffff,H3,2025,17,2.3
8826463511fffff,H3,2025,18,2.7
8826463511fffff,H3,2025,19,3.0
8826463511fffff,H3,2025,20,3.1
8826463511fffff,H3,2025,21,3.0
8826463511fffff,H3,2025,22,2.8
8826463511fffff,H3,2025,23,2.5
8826493453fffff,H3,2025,0,2.3
8826493453fffff,H3,2025,1,2.0
8826493453fffff,H3,2025,2,1.8
8826493453fffff,H3,2025,3,1.6
8826493453fffff,H3,2025,4,1.5
8826493453fffff,H3,2025,5,1.2
8826493453fffff,H3,2025,6,1.1
8826493453fffff,H3,2025,7,0.9
8826493453fffff,H3,2025,8,0.8
8826493453fffff,H3,2025,9,0.8
8826493453fffff,H3,2025,10,0.9
8826493453fffff,H3,2025,11,1.0
8826493453fffff,H3,2025,12,1.1
8826493453fffff,H3,2025,13,1.2
8826493453fffff,H3,2025,14,1.4
8826493453fffff,H3,2025,15,1.7
8826493453fffff,H3,2025,16,2.2
8826493453fffff,H3,2025,17,2.7
8826493453fffff,H3,2025,18,3.2
8826493453fffff,H3,2025,19,3.4
8826493453fffff,H3,2025,20,3.5
8826493453fffff,H3,2025,21,3.4
8826493453fffff,H3,2025,22,3.2
8826493453fffff,H3,2025,23,2.7
882649360bfffff,H3,2025,0,15.8
882649360bfffff,H3,2025,1,13.8
882649360bfffff,H3,2025,2,11.9
882649360bfffff,H3,2025,3,10.7
882649360bfffff,H3,2025,4,9.7
882649360bfffff,H3,2025,5,8.9
882649360bfffff,H3,2025,6,8.2
882649360bfffff,H3,2025,7,6.8
882649360bfffff,H3,2025,8,5.9
882649360bfffff,H3,2025,9,5.7
882649360bfffff,H3,2025,10,6.1
882649360bfffff,H3,2025,11,7.0
882649360bfffff,H3,2025,12,8.2
882649360bfffff,H3,2025,13,9.2
882649360bfffff,H3,2025,14,10.1
882649360bfffff,H3,2025,15,11.9
882649360bfffff,H3,2025,16,15.0
882649360bfffff,H3,2025,17,19.2
882649360bfffff,H3,2025,18,22.2
882649360bfffff,H3,2025,19,23.5
882649360bfffff,H3,2025,20,24.2
882649360bfffff,H3,2025,21,23.4
882649360bfffff,H3,2025,22,21.5
882649360bfffff,H3,2025,23,18.9
882649aeb7fffff,H3,2025,0,1.2
882649aeb7fffff,H3,2025,1,1.1
882649aeb7fffff,H3,2025,2,1.0
882649aeb7fffff,H3,2025,3,0.9
882649aeb7fffff,H3,2025,4,0.8
882649aeb7fffff,H3,2025,5,0.8
882649aeb7fffff,H3,2025,6,0.7
882649aeb7fffff,H3,2025,7,0.6
882649aeb7fffff,H3,2025,8,0.5
882649aeb7fffff,H3,2025,9,0.5
882649aeb7fffff,H3,2025,10,0.5
882649aeb7fffff,H3,2025,11,0.6
882649aeb7fffff,H3,2025,12,0.6
882649aeb7fffff,H3,2025,13,0.7
882649aeb7fffff,H3,2025,14,0.8
882649aeb7fffff,H3,2025,15,0.9
882649aeb7fffff,H3,2025,16,1.1
882649aeb7fffff,H3,2025,17,1.5
882649aeb7fffff,H3,2025,18,1.7
882649aeb7fffff,H3,2025,19,1.8
882649aeb7fffff,H3,2025,20,1.9
882649aeb7fffff,H3,2025,21,1.8
882649aeb7fffff,H3,2025,22,1.7
882649aeb7fffff,H3,2025,23,1.6
88264a48b3fffff,H3,2025,0,8.2
88264a48b3fffff,H3,2025,1,7.2
88264a48b3fffff,H3,2025,2,6.2
88264a48b3fffff,H3,2025,3,5.6
88264a48b3fffff,H3,2025,4,5.1
88264a48b3fffff,H3,2025,5,4.5
88264a48b3fffff,H3,2025,6,4.1
88264a48b3fffff,H3,2025,7,3.3
88264a48b3fffff,H3,2025,8,2.7
88264a48b3fffff,H3,2025,9,2.6
88264a48b3fffff,H3,2025,10,2.8
88264a48b3fffff,H3,2025,11,3.3
88264a48b3fffff,H3,2025,12,3.8
88264a48b3fffff,H3,2025,13,4.2
88264a48b3fffff,H3,2025,14,4.8
88264a48b3fffff,H3,2025,15,5.6
88264a48b3fffff,H3,2025,16,6.9
88264a48b3fffff,H3,2025,17,9.1
88264a48b3fffff,H3,2025,18,10.6
88264a48b3fffff,H3,2025,19,11.4
88264a48b3fffff,H3,2025,20,11.9
88264a48b3fffff,H3,2025,21,11.6
88264a48b3fffff,H3,2025,22,10.8
88264a48b3fffff,H3,2025,23,9.7
88264a4d6bfffff,H3,2025,0,1.9
88264a4d6bfffff,H3,2025,1,1.7
88264a4d6bfffff,H3,2025,2,1.5
88264a4d6bfffff,H3,2025,3,1.4
88264a4d6bfffff,H3,2025,4,1.2
88264a4d6bfffff,H3,2025,5,1.1
88264a4d6bfffff,H3,2025,6,1.0
88264a4d6bfffff,H3,2025,7,0.8
88264a4d6bfffff,H3,2025,8,0.7
88264a4d6bfffff,H3,2025,9,0.7
88264a4d6bfffff,H3,2025,10,0.7
88264a4d6bfffff,H3,2025,11,0.8
88264a4d6bfffff,H3,2025,12,0.9
88264a4d6bfffff,H3,2025,13,1.0
88264a4d6bfffff,H3,2025,14,1.1
88264a4d6bfffff,H3,2025,15,1.4
88264a4d6bfffff,H3,2025,16,1.7
88264a4d6bfffff,H3,2025,17,2.2
88264a4d6bfffff,H3,2025,18,2.5
88264a4d6bfffff,H3,2025,19,2.7
88264a4d6bfffff,H3,2025,20,2.8
88264a4d6bfffff,H3,2025,21,2.7
88264a4d6bfffff,H3,2025,22,2.6
88264a4d6bfffff,H3,2025,23,2.3
88264a849dfffff,H3,2025,0,1.4
88264a849dfffff,H3,2025,1,1.2
88264a849dfffff,H3,2025,2,1.0
88264a849dfffff,H3,2025,3,0.9
88264a849dfffff,H3,2025,4,0.9
88264a849dfffff,H3,2025,5,0.8
88264a849dfffff,H3,2025,6,0.7
88264a849dfffff,H3,2025,7,0.6
88264a849dfffff,H3,2025,8,0.5
88264a849dfffff,H3,2025,9,0.5
88264a849dfffff,H3,2025,10,0.6
88264a849dfffff,H3,2025,11,0.6
88264a849dfffff,H3,2025,12,0.7
88264a849dfffff,H3,2025,13,0.8
88264a849dfffff,H3,2025,14,0.9
88264a849dfffff,H3,2025,15,1.0
88264a849dfffff,H3,2025,16,1.2
88264a849dfffff,H3,2025,17,1.6
88264a849dfffff,H3,2025,18,1.9
88264a849dfffff,H3,2025,19,2.0
88264a849dfffff,H3,2025,20,2.0
88264a849dfffff,H3,2025,21,2.0
88264a849dfffff,H3,2025,22,1.8
88264a849dfffff,H3,2025,23,1.7
88264a86a7fffff,H3,2025,0,2.2
88264a86a7fffff,H3,2025,1,1.9
88264a86a7fffff,H3,2025,2,1.7
88264a86a7fffff,H3,2025,3,1.5
88264a86a7fffff,H3,2025,4,1.4
88264a86a7fffff,H3,2025,5,1.2
88264a86a7fffff,H3,2025,6,1.1
88264a86a7fffff,H3,2025,7,0.9
88264a86a7fffff,H3,2025,8,0.7
88264a86a7fffff,H3,2025,9,0.7
88264a86a7fffff,H3,2025,10,0.8
88264a86a7fffff,H3,2025,11,0.9
88264a86a7fffff,H3,2025,12,1.0
88264a86a7fffff,H3,2025,13,1.1
88264a86a7fffff,H3,2025,14,1.2
88264a86a7fffff,H3,2025,15,1.5
88264a86a7fffff,H3,2025,16,1.8
88264a86a7fffff,H3,2025,17,2.4
88264a86a7fffff,H3,2025,18,2.8
88264a86a7fffff,H3,2025,19,3.1
88264a86a7fffff,H3,2025,20,3.2
88264a86a7fffff,H3,2025,21,3.1
88264a86a7fffff,H3,2025,22,2.8
88264a86a7fffff,H3,2025,23,2.5
88264b69cbfffff,H3,2025,0,1.2
88264b69cbfffff,H3,2025,1,1.1
88264b69cbfffff,H3,2025,2,1.0
88264b69cbfffff,H3,2025,3,0.9
88264b69cbfffff,H3,2025,4,0.8
88264b69cbfffff,H3,2025,5,0.7
88264b69cbfffff,H3,2025,6,0.7
88264b69cbfffff,H3,2025,7,0.6
88264b69cbfffff,H3,2025,8,0.5
88264b69cbfffff,H3,2025,9,0.5
88264b69cbfffff,H3,2025,10,0.5
88264b69cbfffff,H3,2025,11,0.6
88264b69cbfffff,H3,2025,12,0.7
88264b69cbfffff,H3,2025,13,0.7
88264b69cbfffff,H3,2025,14,0.8
88264b69cbfffff,H3,2025,15,0.9
88264b69cbfffff,H3,2025,16,1.1
88264b69cbfffff,H3,2025,17,1.5
88264b69cbfffff,H3,2025,18,1.8
88264b69cbfffff,H3,2025,19,1.8
88264b69cbfffff,H3,2025,20,1.9
88264b69cbfffff,H3,2025,21,1.9
88264b69cbfffff,H3,2025,22,1.7
88264b69cbfffff,H3,2025,23,1.6
88264b6a2dfffff,H3,2025,0,2.2
88264b6a2dfffff,H3,2025,1,1.8
88264b6a2dfffff,H3,2025,2,1.6
88264b6a2dfffff,H3,2025,3,1.5
88264b6a2dfffff,H3,2025,4,1.4
88264b6a2dfffff,H3,2025,5,1.2
88264b6a2dfffff,H3,2025,6,1.0
88264b6a2dfffff,H3,2025,7,0.9
88264b6a2dfffff,H3,2025,8,0.7
88264b6a2dfffff,H3,2025,9,0.7
88264b6a2dfffff,H3,2025,10,0.8
88264b6a2dfffff,H3,2025,11,0.9
88264b6a2dfffff,H3,2025,12,1.0
88264b6a2dfffff,H3,2025,13,1.1
88264b6a2dfffff,H3,2025,14,1.2
88264b6a2dfffff,H3,2025,15,1.5
88264b6a2dfffff,H3,2025,16,1.8
88264b6a2dfffff,H3,2025,17,2.4
88264b6a2dfffff,H3,2025,18,2.7
88264b6a2dfffff,H3,2025,19,3.0
88264b6a2dfffff,H3,2025,20,3.1
88264b6a2dfffff,H3,2025,21,3.1
88264b6a2dfffff,H3,2025,22,2.8
88264b6a2dfffff,H3,2025,23,2.5
88264ca8a5fffff,H3,2025,0,22.8
88264ca8a5fffff,H3,2025,1,19.9
88264ca8a5fffff,H3,2025,2,17.3
88264ca8a5fffff,H3,2025,3,15.5
88264ca8a5fffff,H3,2025,4,14.0
88264ca8a5fffff,H3,2025,5,12.8
88264ca8a5fffff,H3,2025,6,11.7
88264ca8a5fffff,H3,2025,7,9.7
88264ca8a5fffff,H3,2025,8,8.4
88264ca8a5fffff,H3,2025,9,8.1
88264ca8a5fffff,H3,2025,10,8.8
88264ca8a5fffff,H3,2025,11,10.0
88264ca8a5fffff,H3,2025,12,11.6
88264ca8a5fffff,H3,2025,13,13.1
88264ca8a5fffff,H3,2025,14,14.3
88264ca8a5fffff,H3,2025,15,16.9
88264ca8a5fffff,H3,2025,16,21.1
88264ca8a5fffff,H3,2025,17,27.3
88264ca8a5fffff,H3,2025,18,31.6
88264ca8a5fffff,H3,2025,19,33.5
88264ca8a5fffff,H3,2025,20,34.5
88264ca8a5fffff,H3,2025,21,33.5
88264ca8a5fffff,H3,2025,22,30.9
88264ca8a5fffff,H3,2025,23,27.2
88264ca98dfffff,H3,2025,0,3.3
88264ca98dfffff,H3,2025,1,2.8
88264ca98dfffff,H3,2025,2,2.5
88264ca98dfffff,H3,2025,3,2.3
88264ca98dfffff,H3,2025,4,2.0
88264ca98dfffff,H3,2025,5,1.8
88264ca98dfffff,H3,2025,6,1.7
88264ca98dfffff,H3,2025,7,1.4
88264ca98dfffff,H3,2025,8,1.2
88264ca98dfffff,H3,2025,9,1.1
88264ca98dfffff,H3,2025,10,1.2
88264ca98dfffff,H3,2025,11,1.5
88264ca98dfffff,H3,2025,12,1.7
88264ca98dfffff,H3,2025,13,1.9
88264ca98dfffff,H3,2025,14,2.0
88264ca98dfffff,H3,2025,15,2.5
88264ca98dfffff,H3,2025,16,3.1
88264ca98dfffff,H3,2025,17,4.0
88264ca98dfffff,H3,2025,18,4.5
88264ca98dfffff,H3,2025,19,4.9
88264ca98dfffff,H3,2025,20,5.0
88264ca98dfffff,H3,2025,21,4.9
88264ca98dfffff,H3,2025,22,4.4
88264ca98dfffff,H3,2025,23,4.0
88264d102dfffff,H3,2025,0,7.0
88264d102dfffff,H3,2025,1,6.1
88264d102dfffff,H3,2025,2,5.3
88264d102dfffff,H3,2025,3,4.9
88264d102dfffff,H3,2025,4,4.4
88264d102dfffff,H3,2025,5,4.0
88264d102dfffff,H3,2025,6,3.5
88264d102dfffff,H3,2025,7,2.8
88264d102dfffff,H3,2025,8,2.4
88264d102dfffff,H3,2025,9,2.3
88264d102dfffff,H3,2025,10,2.4
88264d102dfffff,H3,2025,11,2.8
88264d102dfffff,H3,2025,12,3.2
88264d102dfffff,H3,2025,13,3.6
88264d102dfffff,H3,2025,14,4.0
88264d102dfffff,H3,2025,15,4.8
88264d102dfffff,H3,2025,16,5.9
88264d102dfffff,H3,2025,17,7.7
88264d102dfffff,H3,2025,18,9.1
88264d102dfffff,H3,2025,19,9.8
88264d102dfffff,H3,2025,20,10.2
88264d102dfffff,H3,2025,21,10.0
88264d102dfffff,H3,2025,22,9.3
88264d102dfffff,H3,2025,23,8.3
88264d1037fffff,H3,2025,0,15.7
88264d1037fffff,H3,2025,1,13.8
88264d1037fffff,H3,2025,2,11.9
88264d1037fffff,H3,2025,3,10.8
88264d1037fffff,H3,2025,4,9.8
88264d1037fffff,H3,2025,5,8.9
88264d1037fffff,H3,2025,6,7.8
88264d1037fffff,H3,2025,7,6.2
88264d1037fffff,H3,2025,8,5.3
88264d1037fffff,H3,2025,9,5.1
88264d1037fffff,H3,2025,10,5.6
88264d1037fffff,H3,2025,11,6.4
88264d1037fffff,H3,2025,12,7.3
88264d1037fffff,H3,2025,13,8.2
88264d1037fffff,H3,2025,14,9.1
88264d1037fffff,H3,2025,15,10.7
88264d1037fffff,H3,2025,16,13.3
88264d1037fffff,H3,2025,17,17.4
88264d1037fffff,H3,2025,18,20.5
88264d1037fffff,H3,2025,19,21.9
88264d1037fffff,H3,2025,20,22.8
88264d1037fffff,H3,2025,21,22.3
88264d1037fffff,H3,2025,22,20.7
88264d1037fffff,H3,2025,23,18.4
88264d1061fffff,H3,2025,0,22.4
88264d1061fffff,H3,2025,0,0.0
88264d1061fffff,H3,2025,1,19.7
88264d1061fffff,H3,2025,1,0.0
88264d1061fffff,H3,2025,2,17.2
88264d1061fffff,H3,2025,2,0.0
88264d1061fffff,H3,2025,3,15.5
88264d1061fffff,H3,2025,3,0.0
88264d1061fffff,H3,2025,4,14.0
88264d1061fffff,H3,2025,4,0.0
88264d1061fffff,H3,2025,5,12.6
88264d1061fffff,H3,2025,5,0.0
88264d1061fffff,H3,2025,6,11.2
88264d1061fffff,H3,2025,6,0.0
88264d1061fffff,H3,2025,7,8.9
88264d1061fffff,H3,2025,7,0.0
88264d1061fffff,H3,2025,8,7.5
88264d1061fffff,H3,2025,8,0.0
88264d1061fffff,H3,2025,9,7.2
88264d1061fffff,H3,2025,9,0.0
88264d1061fffff,H3,2025,10,7.7
88264d1061fffff,H3,2025,10,0.0
88264d1061fffff,H3,2025,11,8.9
88264d1061fffff,H3,2025,11,0.0
88264d1061fffff,H3,2025,12,10.3
88264d1061fffff,H3,2025,12,0.0
88264d1061fffff,H3,2025,13,11.5
88264d1061fffff,H3,2025,13,0.0
88264d1061fffff,H3,2025,14,12.8
88264d1061fffff,H3,2025,14,0.0
88264d1061fffff,H3,2025,15,15.0
88264d1061fffff,H3,2025,15,0.0
88264d1061fffff,H3,2025,16,18.8
88264d1061fffff,H3,2025,16,0.0
88264d1061fffff,H3,2025,17,24.7
88264d1061fffff,H3,2025,17,0.0
88264d1061fffff,H3,2025,18,28.9
88264d1061fffff,H3,2025,18,0.0
88264d1061fffff,H3,2025,19,31.1
88264d1061fffff,H3,2025,19,0.0
88264d1061fffff,H3,2025,20,32.5
88264d1061fffff,H3,2025,20,0.1
88264d1061fffff,H3,2025,21,31.8
88264d1061fffff,H3,2025,21,0.1
88264d1061fffff,H3,2025,22,29.5
88264d1061fffff,H3,2025,22,0.0
88264d1061fffff,H3,2025,23,26.4
88264d1061fffff,H3,2025,23,0.0
88264d11cdfffff,H3,2025,0,1.6
88264d11cdfffff,H3,2025,1,1.4
88264d11cdfffff,H3,2025,2,1.2
88264d11cdfffff,H3,2025,3,1.0
88264d11cdfffff,H3,2025,4,1.0
88264d11cdfffff,H3,2025,5,0.9
88264d11cdfffff,H3,2025,6,0.8
88264d11cdfffff,H3,2025,7,0.7
88264d11cdfffff,H3,2025,8,0.6
88264d11cdfffff,H3,2025,9,0.6
88264d11cdfffff,H3,2025,10,0.6
88264d11cdfffff,H3,2025,11,0.7
88264d11cdfffff,H3,2025,12,0.8
88264d11cdfffff,H3,2025,13,0.9
88264d11cdfffff,H3,2025,14,1.0
88264d11cdfffff,H3,2025,15,1.1
88264d11cdfffff,H3,2025,16,1.5
88264d11cdfffff,H3,2025,17,1.9
88264d11cdfffff,H3,2025,18,2.2
88264d11cdfffff,H3,2025,19,2.4
88264d11cdfffff,H3,2025,20,2.4
88264d11cdfffff,H3,2025,21,2.4
88264d11cdfffff,H3,2025,22,2.2
88264d11cdfffff,H3,2025,23,1.9
88264d12d9fffff,H3,2025,0,5.7
88264d12d9fffff,H3,2025,1,5.0
88264d12d9fffff,H3,2025,2,4.4
88264d12d9fffff,H3,2025,3,4.0
88264d12d9fffff,H3,2025,4,3.5
88264d12d9fffff,H3,2025,5,3.3
88264d12d9fffff,H3,2025,6,2.8
88264d12d9fffff,H3,2025,7,2.3
88264d12d9fffff,H3,2025,8,1.9
88264d12d9fffff,H3,2025,9,1.8
88264d12d9fffff,H3,2025,10,2.0
88264d12d9fffff,H3,2025,11,2.3
88264d12d9fffff,H3,2025,12,2.7
88264d12d9fffff,H3,2025,13,3.0
88264d12d9fffff,H3,2025,14,3.3
88264d12d9fffff,H3,2025,15,4.0
88264d12d9fffff,H3,2025,16,4.9
88264d12d9fffff,H3,2025,17,6.4
88264d12d9fffff,H3,2025,18,7.5
88264d12d9fffff,H3,2025,19,8.1
88264d12d9fffff,H3,2025,20,8.4
88264d12d9fffff,H3,2025,21,8.2
88264d12d9fffff,H3,2025,22,7.6
88264d12d9fffff,H3,2025,23,6.8
88264d1339fffff,H3,2025,0,1.6
88264d1339fffff,H3,2025,1,1.4
88264d1339fffff,H3,2025,2,1.2
88264d1339fffff,H3,2025,3,1.1
88264d1339fffff,H3,2025,4,1.0
88264d1339fffff,H3,2025,5,0.9
88264d1339fffff,H3,2025,6,0.8
88264d1339fffff,H3,2025,7,0.7
88264d1339fffff,H3,2025,8,0.6
88264d1339fffff,H3,2025,9,0.6
88264d1339fffff,H3,2025,10,0.6
88264d1339fffff,H3,2025,11,0.7
88264d1339fffff,H3,2025,12,0.8
88264d1339fffff,H3,2025,13,0.8
88264d1339fffff,H3,2025,14,0.9
88264d1339fffff,H3,2025,15,1.0
88264d1339fffff,H3,2025,16,1.4
88264d1339fffff,H3,2025,17,1.8
88264d1339fffff,H3,2025,18,2.0
88264d1339fffff,H3,2025,19,2.3
88264d1339fffff,H3,2025,20,2.3
88264d1339fffff,H3,2025,21,2.3
88264d1339fffff,H3,2025,22,2.2
88264d1339fffff,H3,2025,23,1.9
88264d1529fffff,H3,2025,0,1.2
88264d1529fffff,H3,2025,1,1.1
88264d1529fffff,H3,2025,2,0.9
88264d1529fffff,H3,2025,3,0.9
88264d1529fffff,H3,2025,4,0.8
88264d1529fffff,H3,2025,5,0.7
88264d1529fffff,H3,2025,6,0.7
88264d1529fffff,H3,2025,7,0.6
88264d1529fffff,H3,2025,8,0.5
88264d1529fffff,H3,2025,9,0.5
88264d1529fffff,H3,2025,10,0.5
88264d1529fffff,H3,2025,11,0.6
88264d1529fffff,H3,2025,12,0.7
88264d1529fffff,H3,2025,13,0.8
88264d1529fffff,H3,2025,14,0.8
88264d1529fffff,H3,2025,15,1.0
88264d1529fffff,H3,2025,16,1.2
88264d1529fffff,H3,2025,17,1.6
88264d1529fffff,H3,2025,18,1.8
88264d1529fffff,H3,2025,19,1.9
88264d1529fffff,H3,2025,20,1.9
88264d1529fffff,H3,2025,21,1.9
88264d1529fffff,H3,2025,22,1.7
88264d1529fffff,H3,2025,23,1.5
88264d1a59fffff,H3,2025,0,140.7
88264d1a59fffff,H3,2025,1,123.4
88264d1a59fffff,H3,2025,2,107.6
88264d1a59fffff,H3,2025,3,97.0
88264d1a59fffff,H3,2025,4,87.8
88264d1a59fffff,H3,2025,5,79.7
88264d1a59fffff,H3,2025,6,70.5
88264d1a59fffff,H3,2025,7,56.1
88264d1a59fffff,H3,2025,8,47.0
88264d1a59fffff,H3,2025,9,45.2
88264d1a59fffff,H3,2025,10,48.9
88264d1a59fffff,H3,2025,11,56.0
88264d1a59fffff,H3,2025,12,64.7
88264d1a59fffff,H3,2025,13,71.9
88264d1a59fffff,H3,2025,14,80.7
88264d1a59fffff,H3,2025,15,94.7
88264d1a59fffff,H3,2025,16,118.0
88264d1a59fffff,H3,2025,17,154.8
88264d1a59fffff,H3,2025,18,181.9
88264d1a59fffff,H3,2025,19,195.6
88264d1a59fffff,H3,2025,20,204.2
88264d1a59fffff,H3,2025,21,200.0
88264d1a59fffff,H3,2025,22,186.0
88264d1a59fffff,H3,2025,23,165.8
88264d6085fffff,H3,2025,0,2.3
88264d6085fffff,H3,2025,1,1.9
88264d6085fffff,H3,2025,2,1.7
88264d6085fffff,H3,2025,3,1.6
88264d6085fffff,H3,2025,4,1.4
88264d6085fffff,H3,2025,5,1.2
88264d6085fffff,H3,2025,6,1.1
88264d6085fffff,H3,2025,7,0.9
88264d6085fffff,H3,2025,8,0.8
88264d6085fffff,H3,2025,9,0.7
88264d6085fffff,H3,2025,10,0.8
88264d6085fffff,H3,2025,11,0.9
88264d6085fffff,H3,2025,12,1.0
88264d6085fffff,H3,2025,13,1.1
88264d6085fffff,H3,2025,14,1.2
88264d6085fffff,H3,2025,15,1.5
88264d6085fffff,H3,2025,16,1.9
88264d6085fffff,H3,2025,17,2.5
88264d6085fffff,H3,2025,18,3.0
88264d6085fffff,H3,2025,19,3.2
88264d6085fffff,H3,2025,20,3.3
88264d6085fffff,H3,2025,21,3.2
88264d6085fffff,H3,2025,22,3.0
88264d6085fffff,H3,2025,23,2.6
88264d88ebfffff,H3,2025,0,1.7
88264d88ebfffff,H3,2025,1,1.5
88264d88ebfffff,H3,2025,2,1.4
88264d88ebfffff,H3,2025,3,1.2
88264d88ebfffff,H3,2025,4,1.0
88264d88ebfffff,H3,2025,5,1.0
88264d88ebfffff,H3,2025,6,0.9
88264d88ebfffff,H3,2025,7,0.7
88264d88ebfffff,H3,2025,8,0.6
88264d88ebfffff,H3,2025,9,0.6
88264d88ebfffff,H3,2025,10,0.6
88264d88ebfffff,H3,2025,11,0.7
88264d88ebfffff,H3,2025,12,0.8
88264d88ebfffff,H3,2025,13,0.9
88264d88ebfffff,H3,2025,14,1.0
88264d88ebfffff,H3,2025,15,1.1
88264d88ebfffff,H3,2025,16,1.5
88264d88ebfffff,H3,2025,17,1.9
88264d88ebfffff,H3,2025,18,2.3
88264d88ebfffff,H3,2025,19,2.4
88264d88ebfffff,H3,2025,20,2.5
88264d88ebfffff,H3,2025,21,2.5
88264d88ebfffff,H3,2025,22,2.3
88264d88ebfffff,H3,2025,23,2.0
88264dab55fffff,H3,2025,0,3.9
88264dab55fffff,H3,2025,1,3.4
88264dab55fffff,H3,2025,2,3.0
88264dab55fffff,H3,2025,3,2.6
88264dab55fffff,H3,2025,4,2.4
88264dab55fffff,H3,2025,5,2.2
88264dab55fffff,H3,2025,6,1.9
88264dab55fffff,H3,2025,7,1.6
88264dab55fffff,H3,2025,8,1.4
88264dab55fffff,H3,2025,9,1.2
88264dab55fffff,H3,2025,10,1.4
88264dab55fffff,H3,2025,11,1.6
88264dab55fffff,H3,2025,12,1.8
88264dab55fffff,H3,2025,13,2.0
88264dab55fffff,H3,2025,14,2.3
88264dab55fffff,H3,2025,15,2.7
88264dab55fffff,H3,2025,16,3.4
88264dab55fffff,H3,2025,17,4.4
88264dab55fffff,H3,2025,18,5.1
88264dab55fffff,H3,2025,19,5.5
88264dab55fffff,H3,2025,20,5.7
88264dab55fffff,H3,2025,21,5.6
88264dab55fffff,H3,2025,22,5.1
88264dab55fffff,H3,2025,23,4.5
88264daf01fffff,H3,2025,0,4.4
88264daf01fffff,H3,2025,1,3.9
88264daf01fffff,H3,2025,2,3.4
88264daf01fffff,H3,2025,3,3.1
88264daf01fffff,H3,2025,4,2.7
88264daf01fffff,H3,2025,5,2.5
88264daf01fffff,H3,2025,6,2.3
88264daf01fffff,H3,2025,7,1.8
88264daf01fffff,H3,2025,8,1.6
88264daf01fffff,H3,2025,9,1.5
88264daf01fffff,H3,2025,10,1.7
88264daf01fffff,H3,2025,11,1.9
88264daf01fffff,H3,2025,12,2.2
88264daf01fffff,H3,2025,13,2.5
88264daf01fffff,H3,2025,14,2.7
88264daf01fffff,H3,2025,15,3.3
88264daf01fffff,H3,2025,16,4.1
88264daf01fffff,H3,2025,17,5.2
88264daf01fffff,H3,2025,18,6.1
88264daf01fffff,H3,2025,19,6.5
88264daf01fffff,H3,2025,20,6.7
88264daf01fffff,H3,2025,21,6.5
88264daf01fffff,H3,2025,22,6.0
88264daf01fffff,H3,2025,23,5.3
88264e6897fffff,H3,2025,0,1.9
88264e6897fffff,H3,2025,1,1.7
88264e6897fffff,H3,2025,2,1.5
88264e6897fffff,H3,2025,3,1.2
88264e6897fffff,H3,2025,4,1.1
88264e6897fffff,H3,2025,5,1.0
88264e6897fffff,H3,2025,6,0.9
88264e6897fffff,H3,2025,7,0.8
88264e6897fffff,H3,2025,8,0.7
88264e6897fffff,H3,2025,9,0.6
88264e6897fffff,H3,2025,10,0.7
88264e6897fffff,H3,2025,11,0.8
88264e6897fffff,H3,2025,12,0.9
88264e6897fffff,H3,2025,13,0.9
88264e6897fffff,H3,2025,14,1.0
88264e6897fffff,H3,2025,15,1.2
88264e6897fffff,H3,2025,16,1.6
88264e6897fffff,H3,2025,17,2.0
88264e6897fffff,H3,2025,18,2.4
88264e6897fffff,H3,2025,19,2.6
88264e6897fffff,H3,2025,20,2.7
88264e6897fffff,H3,2025,21,2.7
88264e6897fffff,H3,2025,22,2.5
88264e6897fffff,H3,2025,23,2.3
882650c529fffff,H3,2025,0,2.8
882650c529fffff,H3,2025,1,2.5
882650c529fffff,H3,2025,2,2.2
882650c529fffff,H3,2025,3,1.9
882650c529fffff,H3,2025,4,1.7
882650c529fffff,H3,2025,5,1.6
882650c529fffff,H3,2025,6,1.4
882650c529fffff,H3,2025,7,1.1
882650c529fffff,H3,2025,8,1.0
882650c529fffff,H3,2025,9,0.9
882650c529fffff,H3,2025,10,1.0
882650c529fffff,H3,2025,11,1.1
882650c529fffff,H3,2025,12,1.4
882650c529fffff,H3,2025,13,1.6
882650c529fffff,H3,2025,14,1.7
882650c529fffff,H3,2025,15,2.0
882650c529fffff,H3,2025,16,2.5
882650c529fffff,H3,2025,17,3.3
882650c529fffff,H3,2025,18,3.9
882650c529fffff,H3,2025,19,4.1
882650c529fffff,H3,2025,20,4.2
882650c529fffff,H3,2025,21,4.1
882650c529fffff,H3,2025,22,3.8
882650c529fffff,H3,2025,23,3.3
8826511469fffff,H3,2025,0,18.2
8826511469fffff,H3,2025,1,15.7
8826511469fffff,H3,2025,2,13.5
8826511469fffff,H3,2025,3,12.2
8826511469fffff,H3,2025,4,10.9
8826511469fffff,H3,2025,5,10.0
8826511469fffff,H3,2025,6,9.3
8826511469fffff,H3,2025,7,8.0
8826511469fffff,H3,2025,8,7.3
8826511469fffff,H3,2025,9,7.4
8826511469fffff,H3,2025,10,8.0
8826511469fffff,H3,2025,11,9.0
8826511469fffff,H3,2025,12,10.5
8826511469fffff,H3,2025,13,11.7
8826511469fffff,H3,2025,14,12.6
8826511469fffff,H3,2025,15,14.5
8826511469fffff,H3,2025,16,17.7
8826511469fffff,H3,2025,17,22.7
8826511469fffff,H3,2025,18,26.2
8826511469fffff,H3,2025,19,27.5
8826511469fffff,H3,2025,20,28.2
8826511469fffff,H3,2025,21,27.2
8826511469fffff,H3,2025,22,24.9
8826511469fffff,H3,2025,23,21.8
88265122bbfffff,H3,2025,0,1.4
88265122bbfffff,H3,2025,1,1.2
88265122bbfffff,H3,2025,2,1.0
88265122bbfffff,H3,2025,3,0.9
88265122bbfffff,H3,2025,4,0.9
88265122bbfffff,H3,2025,5,0.8
88265122bbfffff,H3,2025,6,0.7
88265122bbfffff,H3,2025,7,0.6
88265122bbfffff,H3,2025,8,0.5
88265122bbfffff,H3,2025,9,0.5
88265122bbfffff,H3,2025,10,0.6
88265122bbfffff,H3,2025,11,0.6
88265122bbfffff,H3,2025,12,0.7
88265122bbfffff,H3,2025,13,0.8
88265122bbfffff,H3,2025,14,0.9
88265122bbfffff,H3,2025,15,1.0
88265122bbfffff,H3,2025,16,1.2
88265122bbfffff,H3,2025,17,1.6
88265122bbfffff,H3,2025,18,1.9
88265122bbfffff,H3,2025,19,2.0
88265122bbfffff,H3,2025,20,2.0
88265122bbfffff,H3,2025,21,2.0
88265122bbfffff,H3,2025,22,1.8
88265122bbfffff,H3,2025,23,1.7
882651475bfffff,H3,2025,0,1.2
882651475bfffff,H3,2025,1,1.0
882651475bfffff,H3,2025,2,0.9
882651475bfffff,H3,2025,3,0.8
882651475bfffff,H3,2025,4,0.8
882651475bfffff,H3,2025,5,0.7
882651475bfffff,H3,2025,6,0.6
882651475bfffff,H3,2025,7,0.5
882651475bfffff,H3,2025,8,0.5
882651475bfffff,H3,2025,9,0.3
882651475bfffff,H3,2025,10,0.5
882651475bfffff,H3,2025,11,0.5
882651475bfffff,H3,2025,12,0.6
882651475bfffff,H3,2025,13,0.7
882651475bfffff,H3,2025,14,0.7
882651475bfffff,H3,2025,15,0.8
882651475bfffff,H3,2025,16,1.0
882651475bfffff,H3,2025,17,1.4
882651475bfffff,H3,2025,18,1.6
882651475bfffff,H3,2025,19,1.7
882651475bfffff,H3,2025,20,1.8
882651475bfffff,H3,2025,21,1.7
882651475bfffff,H3,2025,22,1.6
882651475bfffff,H3,2025,23,1.5
882653302bfffff,H3,2025,0,3.6
882653302bfffff,H3,2025,1,3.2
882653302bfffff,H3,2025,2,2.8
882653302bfffff,H3,2025,3,2.5
882653302bfffff,H3,2025,4,2.3
882653302bfffff,H3,2025,5,2.0
882653302bfffff,H3,2025,6,1.8
882653302bfffff,H3,2025,7,1.5
882653302bfffff,H3,2025,8,1.2
882653302bfffff,H3,2025,9,1.2
882653302bfffff,H3,2025,10,1.2
882653302bfffff,H3,2025,11,1.5
882653302bfffff,H3,2025,12,1.7
882653302bfffff,H3,2025,13,1.9
882653302bfffff,H3,2025,14,2.2
882653302bfffff,H3,2025,15,2.5
882653302bfffff,H3,2025,16,3.2
882653302bfffff,H3,2025,17,4.1
882653302bfffff,H3,2025,18,4.8
882653302bfffff,H3,2025,19,5.1
882653302bfffff,H3,2025,20,5.3
882653302bfffff,H3,2025,21,5.2
882653302bfffff,H3,2025,22,4.9
882653302bfffff,H3,2025,23,4.3
8826533145fffff,H3,2025,0,1.2
8826533145fffff,H3,2025,1,1.1
8826533145fffff,H3,2025,2,0.9
8826533145fffff,H3,2025,3,0.9
8826533145fffff,H3,2025,4,0.8
8826533145fffff,H3,2025,5,0.7
8826533145fffff,H3,2025,6,0.7
8826533145fffff,H3,2025,7,0.6
8826533145fffff,H3,2025,8,0.5
8826533145fffff,H3,2025,9,0.5
8826533145fffff,H3,2025,10,0.5
8826533145fffff,H3,2025,11,0.6
8826533145fffff,H3,2025,12,0.6
8826533145fffff,H3,2025,13,0.7
8826533145fffff,H3,2025,14,0.8
8826533145fffff,H3,2025,15,0.9
8826533145fffff,H3,2025,16,1.1
8826533145fffff,H3,2025,17,1.5
8826533145fffff,H3,2025,18,1.7
8826533145fffff,H3,2025,19,1.8
8826533145fffff,H3,2025,20,1.8
8826533145fffff,H3,2025,21,1.8
8826533145fffff,H3,2025,22,1.7
8826533145fffff,H3,2025,23,1.5
8826550da5fffff,H3,2025,0,4.4
8826550da5fffff,H3,2025,1,3.9
8826550da5fffff,H3,2025,2,3.3
8826550da5fffff,H3,2025,3,3.0
8826550da5fffff,H3,2025,4,2.7
8826550da5fffff,H3,2025,5,2.5
8826550da5fffff,H3,2025,6,2.3
8826550da5fffff,H3,2025,7,1.9
8826550da5fffff,H3,2025,8,1.7
8826550da5fffff,H3,2025,9,1.7
8826550da5fffff,H3,2025,10,1.9
8826550da5fffff,H3,2025,11,2.2
8826550da5fffff,H3,2025,12,2.5
8826550da5fffff,H3,2025,13,2.7
8826550da5fffff,H3,2025,14,3.0
8826550da5fffff,H3,2025,15,3.4
8826550da5fffff,H3,2025,16,4.1
8826550da5fffff,H3,2025,17,5.3
8826550da5fffff,H3,2025,18,6.1
8826550da5fffff,H3,2025,19,6.5
8826550da5fffff,H3,2025,20,6.7
8826550da5fffff,H3,2025,21,6.5
8826550da5fffff,H3,2025,22,6.0
8826550da5fffff,H3,2025,23,5.3
8826557053fffff,H3,2025,0,0.2
8826557053fffff,H3,2025,0,1.4
8826557053fffff,H3,2025,1,0.2
8826557053fffff,H3,2025,1,1.1
8826557053fffff,H3,2025,2,0.2
8826557053fffff,H3,2025,2,1.0
8826557053fffff,H3,2025,3,0.1
8826557053fffff,H3,2025,3,0.9
8826557053fffff,H3,2025,4,0.1
8826557053fffff,H3,2025,4,0.8
8826557053fffff,H3,2025,5,0.1
8826557053fffff,H3,2025,5,0.8
8826557053fffff,H3,2025,6,0.1
8826557053fffff,H3,2025,6,0.7
8826557053fffff,H3,2025,7,0.1
8826557053fffff,H3,2025,7,0.6
8826557053fffff,H3,2025,8,0.1
8826557053fffff,H3,2025,8,0.5
8826557053fffff,H3,2025,9,0.1
8826557053fffff,H3,2025,9,0.5
8826557053fffff,H3,2025,10,0.1
8826557053fffff,H3,2025,10,0.5
8826557053fffff,H3,2025,11,0.1
8826557053fffff,H3,2025,11,0.6
8826557053fffff,H3,2025,12,0.1
8826557053fffff,H3,2025,12,0.6
8826557053fffff,H3,2025,13,0.1
8826557053fffff,H3,2025,13,0.7
8826557053fffff,H3,2025,14,0.1
8826557053fffff,H3,2025,14,0.8
8826557053fffff,H3,2025,15,0.1
8826557053fffff,H3,2025,15,0.9
8826557053fffff,H3,2025,16,0.2
8826557053fffff,H3,2025,16,1.1
8826557053fffff,H3,2025,17,0.2
8826557053fffff,H3,2025,17,1.5
8826557053fffff,H3,2025,18,0.3
8826557053fffff,H3,2025,18,1.7
8826557053fffff,H3,2025,19,0.3
8826557053fffff,H3,2025,19,1.8
8826557053fffff,H3,2025,20,0.3
8826557053fffff,H3,2025,20,1.9
8826557053fffff,H3,2025,21,0.3
8826557053fffff,H3,2025,21,1.9
8826557053fffff,H3,2025,22,0.3
8826557053fffff,H3,2025,22,1.8
8826557053fffff,H3,2025,23,0.2
8826557053fffff,H3,2025,23,1.6
8826557283fffff,H3,2025,0,4.0
8826557283fffff,H3,2025,1,3.5
8826557283fffff,H3,2025,2,3.1
8826557283fffff,H3,2025,3,2.7
8826557283fffff,H3,2025,4,2.5
8826557283fffff,H3,2025,5,2.3
8826557283fffff,H3,2025,6,2.0
8826557283fffff,H3,2025,7,1.6
8826557283fffff,H3,2025,8,1.4
8826557283fffff,H3,2025,9,1.2
8826557283fffff,H3,2025,10,1.4
8826557283fffff,H3,2025,11,1.6
8826557283fffff,H3,2025,12,1.8
8826557283fffff,H3,2025,13,2.0
8826557283fffff,H3,2025,14,2.3
8826557283fffff,H3,2025,15,2.7
8826557283fffff,H3,2025,16,3.4
8826557283fffff,H3,2025,17,4.4
8826557283fffff,H3,2025,18,5.2
8826557283fffff,H3,2025,19,5.6
8826557283fffff,H3,2025,20,5.9
8826557283fffff,H3,2025,21,5.7
8826557283fffff,H3,2025,22,5.3
8826557283fffff,H3,2025,23,4.8
88265572d7fffff,H3,2025,0,7.2
88265572d7fffff,H3,2025,1,6.4
88265572d7fffff,H3,2025,2,5.6
88265572d7fffff,H3,2025,3,5.0
88265572d7fffff,H3,2025,4,4.5
88265572d7fffff,H3,2025,5,4.1
88265572d7fffff,H3,2025,6,3.6
88265572d7fffff,H3,2025,7,2.8
88265572d7fffff,H3,2025,8,2.4
88265572d7fffff,H3,2025,9,2.3
88265572d7fffff,H3,2025,10,2.5
88265572d7fffff,H3,2025,11,2.8
88265572d7fffff,H3,2025,12,3.3
88265572d7fffff,H3,2025,13,3.6
88265572d7fffff,H3,2025,14,4.1
88265572d7fffff,H3,2025,15,4.9
88265572d7fffff,H3,2025,16,6.0
88265572d7fffff,H3,2025,17,8.0
88265572d7fffff,H3,2025,18,9.3
88265572d7fffff,H3,2025,19,10.0
88265572d7fffff,H3,2025,20,10.5
88265572d7fffff,H3,2025,21,10.2
88265572d7fffff,H3,2025,22,9.5
88265572d7fffff,H3,2025,23,8.5
88265572e1fffff,H3,2025,0,8.8
88265572e1fffff,H3,2025,1,7.7
88265572e1fffff,H3,2025,2,6.7
88265572e1fffff,H3,2025,3,6.0
88265572e1fffff,H3,2025,4,5.5
88265572e1fffff,H3,2025,5,4.9
88265572e1fffff,H3,2025,6,4.4
88265572e1fffff,H3,2025,7,3.5
88265572e1fffff,H3,2025,8,3.0
88265572e1fffff,H3,2025,9,2.8
88265572e1fffff,H3,2025,10,3.1
88265572e1fffff,H3,2025,11,3.5
88265572e1fffff,H3,2025,12,4.0
88265572e1fffff,H3,2025,13,4.4
88265572e1fffff,H3,2025,14,5.0
88265572e1fffff,H3,2025,15,5.9
88265572e1fffff,H3,2025,16,7.4
88265572e1fffff,H3,2025,17,9.7
88265572e1fffff,H3,2025,18,11.4
88265572e1fffff,H3,2025,19,12.2
88265572e1fffff,H3,2025,20,12.7
88265572e1fffff,H3,2025,21,12.4
88265572e1fffff,H3,2025,22,11.6
88265572e1fffff,H3,2025,23,10.3
882655ccc7fffff,H3,2025,0,3.8
882655ccc7fffff,H3,2025,1,3.3
882655ccc7fffff,H3,2025,2,2.8
882655ccc7fffff,H3,2025,3,2.6
882655ccc7fffff,H3,2025,4,2.4
882655ccc7fffff,H3,2025,5,2.2
882655ccc7fffff,H3,2025,6,1.8
882655ccc7fffff,H3,2025,7,1.5
882655ccc7fffff,H3,2025,8,1.2
882655ccc7fffff,H3,2025,9,1.2
882655ccc7fffff,H3,2025,10,1.2
882655ccc7fffff,H3,2025,11,1.5
882655ccc7fffff,H3,2025,12,1.7
882655ccc7fffff,H3,2025,13,1.9
882655ccc7fffff,H3,2025,14,2.2
882655ccc7fffff,H3,2025,15,2.5
882655ccc7fffff,H3,2025,16,3.2
882655ccc7fffff,H3,2025,17,4.1
882655ccc7fffff,H3,2025,18,4.9
882655ccc7fffff,H3,2025,19,5.2
882655ccc7fffff,H3,2025,20,5.5
882655ccc7fffff,H3,2025,21,5.3
882655ccc7fffff,H3,2025,22,5.0
882655ccc7fffff,H3,2025,23,4.4
882655cce9fffff,H3,2025,0,2.0
882655cce9fffff,H3,2025,1,1.8
882655cce9fffff,H3,2025,2,1.6
882655cce9fffff,H3,2025,3,1.5
882655cce9fffff,H3,2025,4,1.2
882655cce9fffff,H3,2025,5,1.1
882655cce9fffff,H3,2025,6,1.0
882655cce9fffff,H3,2025,7,0.8
882655cce9fffff,H3,2025,8,0.7
882655cce9fffff,H3,2025,9,0.7
882655cce9fffff,H3,2025,10,0.7
882655cce9fffff,H3,2025,11,0.8
882655cce9fffff,H3,2025,12,0.9
882655cce9fffff,H3,2025,13,1.0
882655cce9fffff,H3,2025,14,1.2
882655cce9fffff,H3,2025,15,1.4
882655cce9fffff,H3,2025,16,1.7
882655cce9fffff,H3,2025,17,2.3
882655cce9fffff,H3,2025,18,2.7
882655cce9fffff,H3,2025,19,2.8
882655cce9fffff,H3,2025,20,3.1
882655cce9fffff,H3,2025,21,3.0
882655cce9fffff,H3,2025,22,2.7
882655cce9fffff,H3,2025,23,2.5
882655ce91fffff,H3,2025,0,11.7
882655ce91fffff,H3,2025,1,10.3
882655ce91fffff,H3,2025,2,9.0
882655ce91fffff,H3,2025,3,8.1
882655ce91fffff,H3,2025,4,7.4
882655ce91fffff,H3,2025,5,6.6
882655ce91fffff,H3,2025,6,5.9
882655ce91fffff,H3,2025,7,4.7
882655ce91fffff,H3,2025,8,4.0
882655ce91fffff,H3,2025,9,3.8
882655ce91fffff,H3,2025,10,4.1
882655ce91fffff,H3,2025,11,4.7
882655ce91fffff,H3,2025,12,5.5
882655ce91fffff,H3,2025,13,6.0
882655ce91fffff,H3,2025,14,6.7
882655ce91fffff,H3,2025,15,8.0
882655ce91fffff,H3,2025,16,9.9
882655ce91fffff,H3,2025,17,13.0
882655ce91fffff,H3,2025,18,15.2
882655ce91fffff,H3,2025,19,16.4
882655ce91fffff,H3,2025,20,17.0
882655ce91fffff,H3,2025,21,16.7
882655ce91fffff,H3,2025,22,15.6
882655ce91fffff,H3,2025,23,13.9
8826560833fffff,H3,2025,0,3.8
8826560833fffff,H3,2025,1,3.3
8826560833fffff,H3,2025,2,2.8
8826560833fffff,H3,2025,3,2.6
8826560833fffff,H3,2025,4,2.3
8826560833fffff,H3,2025,5,2.2
8826560833fffff,H3,2025,6,1.8
8826560833fffff,H3,2025,7,1.5
8826560833fffff,H3,2025,8,1.2
8826560833fffff,H3,2025,9,1.2
8826560833fffff,H3,2025,10,1.2
8826560833fffff,H3,2025,11,1.5
8826560833fffff,H3,2025,12,1.7
8826560833fffff,H3,2025,13,1.9
8826560833fffff,H3,2025,14,2.2
8826560833fffff,H3,2025,15,2.5
8826560833fffff,H3,2025,16,3.2
8826560833fffff,H3,2025,17,4.1
8826560833fffff,H3,2025,18,4.8
8826560833fffff,H3,2025,19,5.2
8826560833fffff,H3,2025,20,5.5
8826560833fffff,H3,2025,21,5.3
8826560833fffff,H3,2025,22,4.9
8826560833fffff,H3,2025,23,4.4
88265608d5fffff,H3,2025,0,8.1
88265608d5fffff,H3,2025,1,7.2
88265608d5fffff,H3,2025,2,6.2
88265608d5fffff,H3,2025,3,5.6
88265608d5fffff,H3,2025,4,5.1
88265608d5fffff,H3,2025,5,4.5
88265608d5fffff,H3,2025,6,4.1
88265608d5fffff,H3,2025,7,3.3
88265608d5fffff,H3,2025,8,2.7
88265608d5fffff,H3,2025,9,2.6
88265608d5fffff,H3,2025,10,2.8
88265608d5fffff,H3,2025,11,3.2
88265608d5fffff,H3,2025,12,3.8
88265608d5fffff,H3,2025,13,4.1
88265608d5fffff,H3,2025,14,4.7
88265608d5fffff,H3,2025,15,5.5
88265608d5fffff,H3,2025,16,6.8
88265608d5fffff,H3,2025,17,8.9
88265608d5fffff,H3,2025,18,10.5
88265608d5fffff,H3,2025,19,11.2
88265608d5fffff,H3,2025,20,11.7
88265608d5fffff,H3,2025,21,11.5
88265608d5fffff,H3,2025,22,10.7
88265608d5fffff,H3,2025,23,9.5
8826560d27fffff,H3,2025,0,2.4
8826560d27fffff,H3,2025,1,2.0
8826560d27fffff,H3,2025,2,1.8
8826560d27fffff,H3,2025,3,1.6
8826560d27fffff,H3,2025,4,1.5
8826560d27fffff,H3,2025,5,1.4
8826560d27fffff,H3,2025,6,1.1
8826560d27fffff,H3,2025,7,0.9
8826560d27fffff,H3,2025,8,0.8
8826560d27fffff,H3,2025,9,0.8
8826560d27fffff,H3,2025,10,0.8
8826560d27fffff,H3,2025,11,0.9
8826560d27fffff,H3,2025,12,1.0
8826560d27fffff,H3,2025,13,1.2
8826560d27fffff,H3,2025,14,1.4
8826560d27fffff,H3,2025,15,1.6
8826560d27fffff,H3,2025,16,1.9
8826560d27fffff,H3,2025,17,2.6
8826560d27fffff,H3,2025,18,3.1
8826560d27fffff,H3,2025,19,3.3
8826560d27fffff,H3,2025,20,3.4
8826560d27fffff,H3,2025,21,3.3
8826560d27fffff,H3,2025,22,3.1
8826560d27fffff,H3,2025,23,2.7
8826560d41fffff,H3,2025,0,3.0
8826560d41fffff,H3,2025,1,2.6
8826560d41fffff,H3,2025,2,2.3
8826560d41fffff,H3,2025,3,2.0
8826560d41fffff,H3,2025,4,1.8
8826560d41fffff,H3,2025,5,1.7
8826560d41fffff,H3,2025,6,1.5
8826560d41fffff,H3,2025,7,1.2
8826560d41fffff,H3,2025,8,1.0
8826560d41fffff,H3,2025,9,1.0
8826560d41fffff,H3,2025,10,1.0
8826560d41fffff,H3,2025,11,1.2
8826560d41fffff,H3,2025,12,1.5
8826560d41fffff,H3,2025,13,1.6
8826560d41fffff,H3,2025,14,1.8
8826560d41fffff,H3,2025,15,2.2
8826560d41fffff,H3,2025,16,2.6
8826560d41fffff,H3,2025,17,3.4
8826560d41fffff,H3,2025,18,4.0
8826560d41fffff,H3,2025,19,4.4
8826560d41fffff,H3,2025,20,4.5
8826560d41fffff,H3,2025,21,4.4
8826560d41fffff,H3,2025,22,4.0
8826560d41fffff,H3,2025,23,3.5
88265619adfffff,H3,2025,0,14.4
88265619adfffff,H3,2025,1,12.7
88265619adfffff,H3,2025,2,11.0
88265619adfffff,H3,2025,3,10.0
88265619adfffff,H3,2025,4,9.0
88265619adfffff,H3,2025,5,8.2
88265619adfffff,H3,2025,6,7.3
88265619adfffff,H3,2025,7,5.8
88265619adfffff,H3,2025,8,4.9
88265619adfffff,H3,2025,9,4.7
88265619adfffff,H3,2025,10,5.0
88265619adfffff,H3,2025,11,5.8
88265619adfffff,H3,2025,12,6.7
88265619adfffff,H3,2025,13,7.4
88265619adfffff,H3,2025,14,8.3
88265619adfffff,H3,2025,15,9.8
88265619adfffff,H3,2025,16,12.2
88265619adfffff,H3,2025,17,16.0
88265619adfffff,H3,2025,18,18.8
88265619adfffff,H3,2025,19,20.1
88265619adfffff,H3,2025,20,21.0
88265619adfffff,H3,2025,21,20.6
88265619adfffff,H3,2025,22,19.1
88265619adfffff,H3,2025,23,17.0
8826565015fffff,H3,2025,0,7.0
8826565015fffff,H3,2025,1,6.1
8826565015fffff,H3,2025,2,5.3
8826565015fffff,H3,2025,3,4.8
8826565015fffff,H3,2025,4,4.3
8826565015fffff,H3,2025,5,4.0
8826565015fffff,H3,2025,6,3.5
8826565015fffff,H3,2025,7,3.0
8826565015fffff,H3,2025,8,2.5
8826565015fffff,H3,2025,9,2.4
8826565015fffff,H3,2025,10,2.6
8826565015fffff,H3,2025,11,3.0
8826565015fffff,H3,2025,12,3.4
8826565015fffff,H3,2025,13,3.9
8826565015fffff,H3,2025,14,4.3
8826565015fffff,H3,2025,15,5.1
8826565015fffff,H3,2025,16,6.4
8826565015fffff,H3,2025,17,8.2
8826565015fffff,H3,2025,18,9.5
8826565015fffff,H3,2025,19,10.1
8826565015fffff,H3,2025,20,10.5
8826565015fffff,H3,2025,21,10.2
8826565015fffff,H3,2025,22,9.4
8826565015fffff,H3,2025,23,8.3
88265650ebfffff,H3,2025,0,4.8
88265650ebfffff,H3,2025,1,4.2
88265650ebfffff,H3,2025,2,3.6
88265650ebfffff,H3,2025,3,3.3
88265650ebfffff,H3,2025,4,3.0
88265650ebfffff,H3,2025,5,2.7
88265650ebfffff,H3,2025,6,2.4
88265650ebfffff,H3,2025,7,1.9
88265650ebfffff,H3,2025,8,1.7
88265650ebfffff,H3,2025,9,1.6
88265650ebfffff,H3,2025,10,1.7
88265650ebfffff,H3,2025,11,2.0
88265650ebfffff,H3,2025,12,2.3
88265650ebfffff,H3,2025,13,2.6
88265650ebfffff,H3,2025,14,2.8
88265650ebfffff,H3,2025,15,3.4
88265650ebfffff,H3,2025,16,4.2
88265650ebfffff,H3,2025,17,5.5
88265650ebfffff,H3,2025,18,6.4
88265650ebfffff,H3,2025,19,6.8
88265650ebfffff,H3,2025,20,7.0
88265650ebfffff,H3,2025,21,6.9
88265650ebfffff,H3,2025,22,6.4
88265650ebfffff,H3,2025,23,5.7
88265672bbfffff,H3,2025,0,1.4
88265672bbfffff,H3,2025,1,1.2
88265672bbfffff,H3,2025,2,1.0
88265672bbfffff,H3,2025,3,0.9
88265672bbfffff,H3,2025,4,0.9
88265672bbfffff,H3,2025,5,0.8
88265672bbfffff,H3,2025,6,0.7
88265672bbfffff,H3,2025,7,0.6
88265672bbfffff,H3,2025,8,0.5
88265672bbfffff,H3,2025,9,0.5
88265672bbfffff,H3,2025,10,0.5
88265672bbfffff,H3,2025,11,0.6
88265672bbfffff,H3,2025,12,0.7
88265672bbfffff,H3,2025,13,0.7
88265672bbfffff,H3,2025,14,0.8
88265672bbfffff,H3,2025,15,0.9
88265672bbfffff,H3,2025,16,1.1
88265672bbfffff,H3,2025,17,1.6
88265672bbfffff,H3,2025,18,1.8
88265672bbfffff,H3,2025,19,1.9
88265672bbfffff,H3,2025,20,2.0
88265672bbfffff,H3,2025,21,1.9
88265672bbfffff,H3,2025,22,1.8
88265672bbfffff,H3,2025,23,1.6
88265675cbfffff,H3,2025,0,3.3
88265675cbfffff,H3,2025,1,2.8
88265675cbfffff,H3,2025,2,2.5
88265675cbfffff,H3,2025,3,2.3
88265675cbfffff,H3,2025,4,2.0
88265675cbfffff,H3,2025,5,1.8
88265675cbfffff,H3,2025,6,1.6
88265675cbfffff,H3,2025,7,1.4
88265675cbfffff,H3,2025,8,1.1
88265675cbfffff,H3,2025,9,1.0
88265675cbfffff,H3,2025,10,1.1
88265675cbfffff,H3,2025,11,1.4
88265675cbfffff,H3,2025,12,1.5
88265675cbfffff,H3,2025,13,1.7
88265675cbfffff,H3,2025,14,1.9
88265675cbfffff,H3,2025,15,2.3
88265675cbfffff,H3,2025,16,2.8
88265675cbfffff,H3,2025,17,3.6
88265675cbfffff,H3,2025,18,4.3
88265675cbfffff,H3,2025,19,4.5
88265675cbfffff,H3,2025,20,4.8
88265675cbfffff,H3,2025,21,4.7
88265675cbfffff,H3,2025,22,4.3
88265675cbfffff,H3,2025,23,3.9
88265944d9fffff,H3,2025,0,6.2
88265944d9fffff,H3,2025,1,5.5
88265944d9fffff,H3,2025,2,4.8
88265944d9fffff,H3,2025,3,4.2
88265944d9fffff,H3,2025,4,3.9
88265944d9fffff,H3,2025,5,3.5
88265944d9fffff,H3,2025,6,3.2
88265944d9fffff,H3,2025,7,2.6
88265944d9fffff,H3,2025,8,2.2
88265944d9fffff,H3,2025,9,2.0
88265944d9fffff,H3,2025,10,2.3
88265944d9fffff,H3,2025,11,2.6
88265944d9fffff,H3,2025,12,3.0
88265944d9fffff,H3,2025,13,3.4
88265944d9fffff,H3,2025,14,3.8
88265944d9fffff,H3,2025,15,4.4
88265944d9fffff,H3,2025,16,5.5
88265944d9fffff,H3,2025,17,7.2
88265944d9fffff,H3,2025,18,8.3
88265944d9fffff,H3,2025,19,8.9
88265944d9fffff,H3,2025,20,9.2
88265944d9fffff,H3,2025,21,9.0
88265944d9fffff,H3,2025,22,8.3
88265944d9fffff,H3,2025,23,7.4
882659a069fffff,H3,2025,0,2.5
882659a069fffff,H3,2025,1,2.2
882659a069fffff,H3,2025,2,1.9
882659a069fffff,H3,2025,3,1.7
882659a069fffff,H3,2025,4,1.6
882659a069fffff,H3,2025,5,1.4
882659a069fffff,H3,2025,6,1.2
882659a069fffff,H3,2025,7,1.0
882659a069fffff,H3,2025,8,0.9
882659a069fffff,H3,2025,9,0.8
882659a069fffff,H3,2025,10,0.9
882659a069fffff,H3,2025,11,1.0
882659a069fffff,H3,2025,12,1.2
882659a069fffff,H3,2025,13,1.4
882659a069fffff,H3,2025,14,1.5
882659a069fffff,H3,2025,15,1.7
882659a069fffff,H3,2025,16,2.2
882659a069fffff,H3,2025,17,2.8
882659a069fffff,H3,2025,18,3.3
882659a069fffff,H3,2025,19,3.5
882659a069fffff,H3,2025,20,3.6
882659a069fffff,H3,2025,21,3.6
882659a069fffff,H3,2025,22,3.3
882659a069fffff,H3,2025,23,3.0
882659a337fffff,H3,2025,0,6.6
882659a337fffff,H3,2025,1,5.8
882659a337fffff,H3,2025,2,5.0
882659a337fffff,H3,2025,3,4.5
882659a337fffff,H3,2025,4,4.1
882659a337fffff,H3,2025,5,3.8
882659a337fffff,H3,2025,6,3.3
882659a337fffff,H3,2025,7,2.6
882659a337fffff,H3,2025,8,2.2
882659a337fffff,H3,2025,9,2.2
882659a337fffff,H3,2025,10,2.3
882659a337fffff,H3,2025,11,2.6
882659a337fffff,H3,2025,12,3.1
882659a337fffff,H3,2025,13,3.4
882659a337fffff,H3,2025,14,3.8
882659a337fffff,H3,2025,15,4.4
882659a337fffff,H3,2025,16,5.6
882659a337fffff,H3,2025,17,7.3
882659a337fffff,H3,2025,18,8.5
882659a337fffff,H3,2025,19,9.2
882659a337fffff,H3,2025,20,9.5
882659a337fffff,H3,2025,21,9.3
882659a337fffff,H3,2025,22,8.8
882659a337fffff,H3,2025,23,7.7
882659a767fffff,H3,2025,0,1.6
882659a767fffff,H3,2025,1,1.4
882659a767fffff,H3,2025,2,1.2
882659a767fffff,H3,2025,3,1.0
882659a767fffff,H3,2025,4,1.0
882659a767fffff,H3,2025,5,0.9
882659a767fffff,H3,2025,6,0.8
882659a767fffff,H3,2025,7,0.7
882659a767fffff,H3,2025,8,0.6
882659a767fffff,H3,2025,9,0.6
882659a767fffff,H3,2025,10,0.6
882659a767fffff,H3,2025,11,0.7
882659a767fffff,H3,2025,12,0.8
882659a767fffff,H3,2025,13,0.8
882659a767fffff,H3,2025,14,0.9
882659a767fffff,H3,2025,15,1.0
882659a767fffff,H3,2025,16,1.4
882659a767fffff,H3,2025,17,1.7
882659a767fffff,H3,2025,18,2.0
882659a767fffff,H3,2025,19,2.2
882659a767fffff,H3,2025,20,2.3
882659a767fffff,H3,2025,21,2.3
882659a767fffff,H3,2025,22,2.0
882659a767fffff,H3,2025,23,1.8
882659b625fffff,H3,2025,0,1.2
882659b625fffff,H3,2025,1,1.1
882659b625fffff,H3,2025,2,1.0
882659b625fffff,H3,2025,3,0.9
882659b625fffff,H3,2025,4,0.8
882659b625fffff,H3,2025,5,0.7
882659b625fffff,H3,2025,6,0.7
882659b625fffff,H3,2025,7,0.6
882659b625fffff,H3,2025,8,0.5
882659b625fffff,H3,2025,9,0.5
882659b625fffff,H3,2025,10,0.5
882659b625fffff,H3,2025,11,0.6
882659b625fffff,H3,2025,12,0.6
882659b625fffff,H3,2025,13,0.7
882659b625fffff,H3,2025,14,0.8
882659b625fffff,H3,2025,15,0.9
882659b625fffff,H3,2025,16,1.1
882659b625fffff,H3,2025,17,1.5
882659b625fffff,H3,2025,18,1.7
882659b625fffff,H3,2025,19,1.8
882659b625fffff,H3,2025,20,1.9
882659b625fffff,H3,2025,21,1.8
882659b625fffff,H3,2025,22,1.7
882659b625fffff,H3,2025,23,1.6
882659b737fffff,H3,2025,0,1.4
882659b737fffff,H3,2025,1,1.2
882659b737fffff,H3,2025,2,1.0
882659b737fffff,H3,2025,3,0.9
882659b737fffff,H3,2025,4,0.9
882659b737fffff,H3,2025,5,0.8
882659b737fffff,H3,2025,6,0.7
882659b737fffff,H3,2025,7,0.6
882659b737fffff,H3,2025,8,0.6
882659b737fffff,H3,2025,9,0.6
882659b737fffff,H3,2025,10,0.6
882659b737fffff,H3,2025,11,0.7
882659b737fffff,H3,2025,12,0.7
882659b737fffff,H3,2025,13,0.8
882659b737fffff,H3,2025,14,0.9
882659b737fffff,H3,2025,15,1.0
882659b737fffff,H3,2025,16,1.2
882659b737fffff,H3,2025,17,1.7
882659b737fffff,H3,2025,18,1.9
882659b737fffff,H3,2025,19,2.0
882659b737fffff,H3,2025,20,2.2
882659b737fffff,H3,2025,21,2.0
882659b737fffff,H3,2025,22,1.9
882659b737fffff,H3,2025,23,1.7
88265a2501fffff,H3,2025,0,1.2
88265a2501fffff,H3,2025,1,1.0
88265a2501fffff,H3,2025,2,0.9
88265a2501fffff,H3,2025,3,0.8
88265a2501fffff,H3,2025,4,0.8
88265a2501fffff,H3,2025,5,0.7
88265a2501fffff,H3,2025,6,0.6
88265a2501fffff,H3,2025,7,0.5
88265a2501fffff,H3,2025,8,0.5
88265a2501fffff,H3,2025,9,0.3
88265a2501fffff,H3,2025,10,0.5
88265a2501fffff,H3,2025,11,0.5
88265a2501fffff,H3,2025,12,0.6
88265a2501fffff,H3,2025,13,0.7
88265a2501fffff,H3,2025,14,0.7
88265a2501fffff,H3,2025,15,0.8
88265a2501fffff,H3,2025,16,1.0
88265a2501fffff,H3,2025,17,1.4
88265a2501fffff,H3,2025,18,1.6
88265a2501fffff,H3,2025,19,1.7
88265a2501fffff,H3,2025,20,1.8
88265a2501fffff,H3,2025,21,1.7
88265a2501fffff,H3,2025,22,1.6
88265a2501fffff,H3,2025,23,1.5
88265a78ebfffff,H3,2025,0,1.2
88265a78ebfffff,H3,2025,1,1.1
88265a78ebfffff,H3,2025,2,1.0
88265a78ebfffff,H3,2025,3,0.9
88265a78ebfffff,H3,2025,4,0.8
88265a78ebfffff,H3,2025,5,0.8
88265a78ebfffff,H3,2025,6,0.7
88265a78ebfffff,H3,2025,7,0.6
88265a78ebfffff,H3,2025,8,0.5
88265a78ebfffff,H3,2025,9,0.5
88265a78ebfffff,H3,2025,10,0.5
88265a78ebfffff,H3,2025,11,0.6
88265a78ebfffff,H3,2025,12,0.6
88265a78ebfffff,H3,2025,13,0.7
88265a78ebfffff,H3,2025,14,0.8
88265a78ebfffff,H3,2025,15,0.9
88265a78ebfffff,H3,2025,16,1.1
88265a78ebfffff,H3,2025,17,1.5
88265a78ebfffff,H3,2025,18,1.7
88265a78ebfffff,H3,2025,19,1.8
88265a78ebfffff,H3,2025,20,1.9
88265a78ebfffff,H3,2025,21,1.8
88265a78ebfffff,H3,2025,22,1.7
88265a78ebfffff,H3,2025,23,1.6
88265b4025fffff,H3,2025,0,7.5
88265b4025fffff,H3,2025,1,6.6
88265b4025fffff,H3,2025,2,5.7
88265b4025fffff,H3,2025,3,5.1
88265b4025fffff,H3,2025,4,4.7
88265b4025fffff,H3,2025,5,4.2
88265b4025fffff,H3,2025,6,3.8
88265b4025fffff,H3,2025,7,3.1
88265b4025fffff,H3,2025,8,2.6
88265b4025fffff,H3,2025,9,2.5
88265b4025fffff,H3,2025,10,2.7
88265b4025fffff,H3,2025,11,3.1
88265b4025fffff,H3,2025,12,3.5
88265b4025fffff,H3,2025,13,4.0
88265b4025fffff,H3,2025,14,4.4
88265b4025fffff,H3,2025,15,5.1
88265b4025fffff,H3,2025,16,6.5
88265b4025fffff,H3,2025,17,8.4
88265b4025fffff,H3,2025,18,9.9
88265b4025fffff,H3,2025,19,10.6
88265b4025fffff,H3,2025,20,11.0
88265b4025fffff,H3,2025,21,10.7
88265b4025fffff,H3,2025,22,10.0
88265b4025fffff,H3,2025,23,8.9
88265b4181fffff,H3,2025,0,47.7
88265b4181fffff,H3,2025,1,41.8
88265b4181fffff,H3,2025,2,36.5
88265b4181fffff,H3,2025,3,32.8
88265b4181fffff,H3,2025,4,29.8
88265b4181fffff,H3,2025,5,27.0
88265b4181fffff,H3,2025,6,23.9
88265b4181fffff,H3,2025,7,19.0
88265b4181fffff,H3,2025,8,15.9
88265b4181fffff,H3,2025,9,15.3
88265b4181fffff,H3,2025,10,16.6
88265b4181fffff,H3,2025,11,19.0
88265b4181fffff,H3,2025,12,21.9
88265b4181fffff,H3,2025,13,24.4
88265b4181fffff,H3,2025,14,27.4
88265b4181fffff,H3,2025,15,32.0
88265b4181fffff,H3,2025,16,40.0
88265b4181fffff,H3,2025,17,52.5
88265b4181fffff,H3,2025,18,61.6
88265b4181fffff,H3,2025,19,66.2
88265b4181fffff,H3,2025,20,69.2
88265b4181fffff,H3,2025,21,67.8
88265b4181fffff,H3,2025,22,63.1
88265b4181fffff,H3,2025,23,56.2
88265b418bfffff,H3,2025,0,2.6
88265b418bfffff,H3,2025,1,2.3
88265b418bfffff,H3,2025,2,2.0
88265b418bfffff,H3,2025,3,1.8
88265b418bfffff,H3,2025,4,1.6
88265b418bfffff,H3,2025,5,1.5
88265b418bfffff,H3,2025,6,1.4
88265b418bfffff,H3,2025,7,1.0
88265b418bfffff,H3,2025,8,0.9
88265b418bfffff,H3,2025,9,0.9
88265b418bfffff,H3,2025,10,0.9
88265b418bfffff,H3,2025,11,1.1
88265b418bfffff,H3,2025,12,1.2
88265b418bfffff,H3,2025,13,1.4
88265b418bfffff,H3,2025,14,1.6
88265b418bfffff,H3,2025,15,1.8
88265b418bfffff,H3,2025,16,2.3
88265b418bfffff,H3,2025,17,3.0
88265b418bfffff,H3,2025,18,3.4
88265b418bfffff,H3,2025,19,3.8
88265b418bfffff,H3,2025,20,3.9
88265b418bfffff,H3,2025,21,3.8
88265b418bfffff,H3,2025,22,3.5
88265b418bfffff,H3,2025,23,3.1
88265b4191fffff,H3,2025,0,3.4
88265b4191fffff,H3,2025,1,3.0
88265b4191fffff,H3,2025,2,2.5
88265b4191fffff,H3,2025,3,2.3
88265b4191fffff,H3,2025,4,2.0
88265b4191fffff,H3,2025,5,1.8
88265b4191fffff,H3,2025,6,1.7
88265b4191fffff,H3,2025,7,1.5
88265b4191fffff,H3,2025,8,1.2
88265b4191fffff,H3,2025,9,1.2
88265b4191fffff,H3,2025,10,1.4
88265b4191fffff,H3,2025,11,1.6
88265b4191fffff,H3,2025,12,1.8
88265b4191fffff,H3,2025,13,2.0
88265b4191fffff,H3,2025,14,2.2
88265b4191fffff,H3,2025,15,2.6
88265b4191fffff,H3,2025,16,3.2
88265b4191fffff,H3,2025,17,4.1
88265b4191fffff,H3,2025,18,4.8
88265b4191fffff,H3,2025,19,5.0
88265b4191fffff,H3,2025,20,5.1
88265b4191fffff,H3,2025,21,5.0
88265b4191fffff,H3,2025,22,4.5
88265b4191fffff,H3,2025,23,4.0
88265b481bfffff,H3,2025,0,2.4
88265b481bfffff,H3,2025,1,2.0
88265b481bfffff,H3,2025,2,1.8
88265b481bfffff,H3,2025,3,1.6
88265b481bfffff,H3,2025,4,1.5
88265b481bfffff,H3,2025,5,1.4
88265b481bfffff,H3,2025,6,1.2
88265b481bfffff,H3,2025,7,1.0
88265b481bfffff,H3,2025,8,0.8
88265b481bfffff,H3,2025,9,0.8
88265b481bfffff,H3,2025,10,0.9
88265b481bfffff,H3,2025,11,1.0
88265b481bfffff,H3,2025,12,1.1
88265b481bfffff,H3,2025,13,1.2
88265b481bfffff,H3,2025,14,1.4
88265b481bfffff,H3,2025,15,1.7
88265b481bfffff,H3,2025,16,2.0
88265b481bfffff,H3,2025,17,2.7
88265b481bfffff,H3,2025,18,3.2
88265b481bfffff,H3,2025,19,3.4
88265b481bfffff,H3,2025,20,3.5
88265b481bfffff,H3,2025,21,3.4
88265b481bfffff,H3,2025,22,3.2
88265b481bfffff,H3,2025,23,2.8
88265b4e2dfffff,H3,2025,0,1.9
88265b4e2dfffff,H3,2025,1,1.7
88265b4e2dfffff,H3,2025,2,1.5
88265b4e2dfffff,H3,2025,3,1.4
88265b4e2dfffff,H3,2025,4,1.2
88265b4e2dfffff,H3,2025,5,1.1
88265b4e2dfffff,H3,2025,6,1.0
88265b4e2dfffff,H3,2025,7,0.8
88265b4e2dfffff,H3,2025,8,0.7
88265b4e2dfffff,H3,2025,9,0.7
88265b4e2dfffff,H3,2025,10,0.7
88265b4e2dfffff,H3,2025,11,0.8
88265b4e2dfffff,H3,2025,12,0.9
88265b4e2dfffff,H3,2025,13,1.0
88265b4e2dfffff,H3,2025,14,1.1
88265b4e2dfffff,H3,2025,15,1.4
88265b4e2dfffff,H3,2025,16,1.7
88265b4e2dfffff,H3,2025,17,2.2
88265b4e2dfffff,H3,2025,18,2.5
88265b4e2dfffff,H3,2025,19,2.7
88265b4e2dfffff,H3,2025,20,2.8
88265b4e2dfffff,H3,2025,21,2.8
88265b4e2dfffff,H3,2025,22,2.6
88265b4e2dfffff,H3,2025,23,2.4
88265b4e6dfffff,H3,2025,0,10.0
88265b4e6dfffff,H3,2025,1,8.8
88265b4e6dfffff,H3,2025,2,7.6
88265b4e6dfffff,H3,2025,3,6.8
88265b4e6dfffff,H3,2025,4,6.2
88265b4e6dfffff,H3,2025,5,5.7
88265b4e6dfffff,H3,2025,6,5.0
88265b4e6dfffff,H3,2025,7,4.0
88265b4e6dfffff,H3,2025,8,3.3
88265b4e6dfffff,H3,2025,9,3.2
88265b4e6dfffff,H3,2025,10,3.4
88265b4e6dfffff,H3,2025,11,4.0
88265b4e6dfffff,H3,2025,12,4.5
88265b4e6dfffff,H3,2025,13,5.1
88265b4e6dfffff,H3,2025,14,5.7
88265b4e6dfffff,H3,2025,15,6.7
88265b4e6dfffff,H3,2025,16,8.3
88265b4e6dfffff,H3,2025,17,10.9
88265b4e6dfffff,H3,2025,18,12.8
88265b4e6dfffff,H3,2025,19,13.9
88265b4e6dfffff,H3,2025,20,14.4
88265b4e6dfffff,H3,2025,21,14.2
88265b4e6dfffff,H3,2025,22,13.2
88265b4e6dfffff,H3,2025,23,11.7
88265b554dfffff,H3,2025,0,3.8
88265b554dfffff,H3,2025,1,3.3
88265b554dfffff,H3,2025,2,2.8
88265b554dfffff,H3,2025,3,2.5
88265b554dfffff,H3,2025,4,2.3
88265b554dfffff,H3,2025,5,2.0
88265b554dfffff,H3,2025,6,1.9
88265b554dfffff,H3,2025,7,1.6
88265b554dfffff,H3,2025,8,1.4
88265b554dfffff,H3,2025,9,1.4
88265b554dfffff,H3,2025,10,1.5
88265b554dfffff,H3,2025,11,1.6
88265b554dfffff,H3,2025,12,1.9
88265b554dfffff,H3,2025,13,2.2
88265b554dfffff,H3,2025,14,2.4
88265b554dfffff,H3,2025,15,2.7
88265b554dfffff,H3,2025,16,3.4
88265b554dfffff,H3,2025,17,4.4
88265b554dfffff,H3,2025,18,5.1
88265b554dfffff,H3,2025,19,5.5
88265b554dfffff,H3,2025,20,5.7
88265b554dfffff,H3,2025,21,5.5
88265b554dfffff,H3,2025,22,5.1
88265b554dfffff,H3,2025,23,4.4
88265b6d87fffff,H3,2025,0,8.0
88265b6d87fffff,H3,2025,1,7.0
88265b6d87fffff,H3,2025,2,6.0
88265b6d87fffff,H3,2025,3,5.5
88265b6d87fffff,H3,2025,4,4.9
88265b6d87fffff,H3,2025,5,4.5
88265b6d87fffff,H3,2025,6,4.1
88265b6d87fffff,H3,2025,7,3.3
88265b6d87fffff,H3,2025,8,2.8
88265b6d87fffff,H3,2025,9,2.7
88265b6d87fffff,H3,2025,10,3.0
88265b6d87fffff,H3,2025,11,3.4
88265b6d87fffff,H3,2025,12,3.9
88265b6d87fffff,H3,2025,13,4.4
88265b6d87fffff,H3,2025,14,4.9
88265b6d87fffff,H3,2025,15,5.7
88265b6d87fffff,H3,2025,16,7.2
88265b6d87fffff,H3,2025,17,9.3
88265b6d87fffff,H3,2025,18,10.8
88265b6d87fffff,H3,2025,19,11.5
88265b6d87fffff,H3,2025,20,11.9
88265b6d87fffff,H3,2025,21,11.6
88265b6d87fffff,H3,2025,22,10.7
88265b6d87fffff,H3,2025,23,9.4
88265cb80dfffff,H3,2025,0,5.7
88265cb80dfffff,H3,2025,1,5.0
88265cb80dfffff,H3,2025,2,4.3
88265cb80dfffff,H3,2025,3,3.9
88265cb80dfffff,H3,2025,4,3.5
88265cb80dfffff,H3,2025,5,3.2
88265cb80dfffff,H3,2025,6,2.8
88265cb80dfffff,H3,2025,7,2.3
88265cb80dfffff,H3,2025,8,1.9
88265cb80dfffff,H3,2025,9,1.8
88265cb80dfffff,H3,2025,10,1.9
88265cb80dfffff,H3,2025,11,2.3
88265cb80dfffff,H3,2025,12,2.6
88265cb80dfffff,H3,2025,13,2.8
88265cb80dfffff,H3,2025,14,3.3
88265cb80dfffff,H3,2025,15,3.9
88265cb80dfffff,H3,2025,16,4.8
88265cb80dfffff,H3,2025,17,6.2
88265cb80dfffff,H3,2025,18,7.3
88265cb80dfffff,H3,2025,19,7.8
88265cb80dfffff,H3,2025,20,8.2
88265cb80dfffff,H3,2025,21,8.1
88265cb80dfffff,H3,2025,22,7.5
88265cb80dfffff,H3,2025,23,6.7
88265d686dfffff,H3,2025,0,2.6
88265d686dfffff,H3,2025,1,2.3
88265d686dfffff,H3,2025,2,2.0
88265d686dfffff,H3,2025,3,1.8
88265d686dfffff,H3,2025,4,1.6
88265d686dfffff,H3,2025,5,1.5
88265d686dfffff,H3,2025,6,1.4
88265d686dfffff,H3,2025,7,1.0
88265d686dfffff,H3,2025,8,0.9
88265d686dfffff,H3,2025,9,0.9
88265d686dfffff,H3,2025,10,0.9
88265d686dfffff,H3,2025,11,1.0
88265d686dfffff,H3,2025,12,1.2
88265d686dfffff,H3,2025,13,1.4
88265d686dfffff,H3,2025,14,1.6
88265d686dfffff,H3,2025,15,1.8
88265d686dfffff,H3,2025,16,2.3
88265d686dfffff,H3,2025,17,3.0
88265d686dfffff,H3,2025,18,3.4
88265d686dfffff,H3,2025,19,3.6
88265d686dfffff,H3,2025,20,3.9
88265d686dfffff,H3,2025,21,3.8
88265d686dfffff,H3,2025,22,3.5
88265d686dfffff,H3,2025,23,3.1
88265d6a41fffff,H3,2025,0,2.8
88265d6a41fffff,H3,2025,1,2.5
88265d6a41fffff,H3,2025,2,2.2
88265d6a41fffff,H3,2025,3,2.0
88265d6a41fffff,H3,2025,4,1.8
88265d6a41fffff,H3,2025,5,1.6
88265d6a41fffff,H3,2025,6,1.5
88265d6a41fffff,H3,2025,7,1.1
88265d6a41fffff,H3,2025,8,0.9
88265d6a41fffff,H3,2025,9,0.9
88265d6a41fffff,H3,2025,10,1.0
88265d6a41fffff,H3,2025,11,1.1
88265d6a41fffff,H3,2025,12,1.4
88265d6a41fffff,H3,2025,13,1.5
88265d6a41fffff,H3,2025,14,1.7
88265d6a41fffff,H3,2025,15,1.9
88265d6a41fffff,H3,2025,16,2.4
88265d6a41fffff,H3,2025,17,3.2
88265d6a41fffff,H3,2025,18,3.8
88265d6a41fffff,H3,2025,19,4.0
88265d6a41fffff,H3,2025,20,4.2
88265d6a41fffff,H3,2025,21,4.1
88265d6a41fffff,H3,2025,22,3.9
88265d6a41fffff,H3,2025,23,3.4
88265dd21bfffff,H3,2025,0,8.1
88265dd21bfffff,H3,2025,1,7.0
88265dd21bfffff,H3,2025,2,6.1
88265dd21bfffff,H3,2025,3,5.5
88265dd21bfffff,H3,2025,4,5.0
88265dd21bfffff,H3,2025,5,4.5
88265dd21bfffff,H3,2025,6,4.1
88265dd21bfffff,H3,2025,7,3.3
88265dd21bfffff,H3,2025,8,2.8
88265dd21bfffff,H3,2025,9,2.7
88265dd21bfffff,H3,2025,10,2.8
88265dd21bfffff,H3,2025,11,3.3
88265dd21bfffff,H3,2025,12,3.9
88265dd21bfffff,H3,2025,13,4.3
88265dd21bfffff,H3,2025,14,4.8
88265dd21bfffff,H3,2025,15,5.6
88265dd21bfffff,H3,2025,16,7.0
88265dd21bfffff,H3,2025,17,9.1
88265dd21bfffff,H3,2025,18,10.7
88265dd21bfffff,H3,2025,19,11.5
88265dd21bfffff,H3,2025,20,11.8
88265dd21bfffff,H3,2025,21,11.6
88265dd21bfffff,H3,2025,22,10.7
88265dd21bfffff,H3,2025,23,9.5
88265ec753fffff,H3,2025,0,1.5
88265ec753fffff,H3,2025,1,1.2
88265ec753fffff,H3,2025,2,1.1
88265ec753fffff,H3,2025,3,1.0
88265ec753fffff,H3,2025,4,0.9
88265ec753fffff,H3,2025,5,0.8
88265ec753fffff,H3,2025,6,0.8
88265ec753fffff,H3,2025,7,0.6
88265ec753fffff,H3,2025,8,0.6
88265ec753fffff,H3,2025,9,0.5
88265ec753fffff,H3,2025,10,0.6
88265ec753fffff,H3,2025,11,0.7
88265ec753fffff,H3,2025,12,0.7
88265ec753fffff,H3,2025,13,0.8
88265ec753fffff,H3,2025,14,0.9
88265ec753fffff,H3,2025,15,1.0
88265ec753fffff,H3,2025,16,1.4
88265ec753fffff,H3,2025,17,1.7
88265ec753fffff,H3,2025,18,2.0
88265ec753fffff,H3,2025,19,2.2
88265ec753fffff,H3,2025,20,2.2
88265ec753fffff,H3,2025,21,2.2
88265ec753fffff,H3,2025,22,1.9
88265ec753fffff,H3,2025,23,1.7
8826602f61fffff,H3,2025,0,5.3
8826602f61fffff,H3,2025,1,4.7
8826602f61fffff,H3,2025,2,4.0
8826602f61fffff,H3,2025,3,3.6
8826602f61fffff,H3,2025,4,3.3
8826602f61fffff,H3,2025,5,3.0
8826602f61fffff,H3,2025,6,2.7
8826602f61fffff,H3,2025,7,2.2
8826602f61fffff,H3,2025,8,1.8
8826602f61fffff,H3,2025,9,1.8
8826602f61fffff,H3,2025,10,1.9
8826602f61fffff,H3,2025,11,2.2
8826602f61fffff,H3,2025,12,2.5
8826602f61fffff,H3,2025,13,2.8
8826602f61fffff,H3,2025,14,3.2
8826602f61fffff,H3,2025,15,3.8
8826602f61fffff,H3,2025,16,4.7
8826602f61fffff,H3,2025,17,6.0
8826602f61fffff,H3,2025,18,7.0
8826602f61fffff,H3,2025,19,7.5
8826602f61fffff,H3,2025,20,7.8
8826602f61fffff,H3,2025,21,7.6
8826602f61fffff,H3,2025,22,7.0
8826602f61fffff,H3,2025,23,6.2
8826606d23fffff,H3,2025,0,2.5
8826606d23fffff,H3,2025,1,2.2
8826606d23fffff,H3,2025,2,1.9
8826606d23fffff,H3,2025,3,1.7
8826606d23fffff,H3,2025,4,1.6
8826606d23fffff,H3,2025,5,1.4
8826606d23fffff,H3,2025,6,1.2
8826606d23fffff,H3,2025,7,1.0
8826606d23fffff,H3,2025,8,0.9
8826606d23fffff,H3,2025,9,0.8
8826606d23fffff,H3,2025,10,0.9
8826606d23fffff,H3,2025,11,1.0
8826606d23fffff,H3,2025,12,1.1
8826606d23fffff,H3,2025,13,1.2
8826606d23fffff,H3,2025,14,1.5
8826606d23fffff,H3,2025,15,1.7
8826606d23fffff,H3,2025,16,2.2
8826606d23fffff,H3,2025,17,2.8
8826606d23fffff,H3,2025,18,3.3
8826606d23fffff,H3,2025,19,3.5
8826606d23fffff,H3,2025,20,3.6
8826606d23fffff,H3,2025,21,3.5
8826606d23fffff,H3,2025,22,3.3
8826606d23fffff,H3,2025,23,3.0
882661a065fffff,H3,2025,0,16.9
882661a065fffff,H3,2025,1,14.8
882661a065fffff,H3,2025,2,12.7
882661a065fffff,H3,2025,3,11.5
882661a065fffff,H3,2025,4,10.3
882661a065fffff,H3,2025,5,9.4
882661a065fffff,H3,2025,6,8.6
882661a065fffff,H3,2025,7,7.0
882661a065fffff,H3,2025,8,6.1
882661a065fffff,H3,2025,9,6.0
882661a065fffff,H3,2025,10,6.5
882661a065fffff,H3,2025,11,7.4
882661a065fffff,H3,2025,12,8.6
882661a065fffff,H3,2025,13,9.7
882661a065fffff,H3,2025,14,10.6
882661a065fffff,H3,2025,15,12.4
882661a065fffff,H3,2025,16,15.5
882661a065fffff,H3,2025,17,20.0
882661a065fffff,H3,2025,18,23.2
882661a065fffff,H3,2025,19,24.7
882661a065fffff,H3,2025,20,25.5
882661a065fffff,H3,2025,21,24.7
882661a065fffff,H3,2025,22,22.8
882661a065fffff,H3,2025,23,20.1
882661a201fffff,H3,2025,0,0.5
882661a201fffff,H3,2025,0,3.3
882661a201fffff,H3,2025,1,0.5
882661a201fffff,H3,2025,1,2.8
882661a201fffff,H3,2025,2,0.3
882661a201fffff,H3,2025,2,2.5
882661a201fffff,H3,2025,3,0.3
882661a201fffff,H3,2025,3,2.3
882661a201fffff,H3,2025,4,0.3
882661a201fffff,H3,2025,4,2.0
882661a201fffff,H3,2025,5,0.2
882661a201fffff,H3,2025,5,1.8
882661a201fffff,H3,2025,6,0.2
882661a201fffff,H3,2025,6,1.7
882661a201fffff,H3,2025,7,0.2
882661a201fffff,H3,2025,7,1.4
882661a201fffff,H3,2025,8,0.1
882661a201fffff,H3,2025,8,1.1
882661a201fffff,H3,2025,9,0.1
882661a201fffff,H3,2025,9,1.1
882661a201fffff,H3,2025,10,0.2
882661a201fffff,H3,2025,10,1.1
882661a201fffff,H3,2025,11,0.2
882661a201fffff,H3,2025,11,1.4
882661a201fffff,H3,2025,12,0.2
882661a201fffff,H3,2025,12,1.6
882661a201fffff,H3,2025,13,0.2
882661a201fffff,H3,2025,13,1.7
882661a201fffff,H3,2025,14,0.3
882661a201fffff,H3,2025,14,1.9
882661a201fffff,H3,2025,15,0.3
882661a201fffff,H3,2025,15,2.3
882661a201fffff,H3,2025,16,0.5
882661a201fffff,H3,2025,16,2.8
882661a201fffff,H3,2025,17,0.6
882661a201fffff,H3,2025,17,3.8
882661a201fffff,H3,2025,18,0.7
882661a201fffff,H3,2025,18,4.3
882661a201fffff,H3,2025,19,0.7
882661a201fffff,H3,2025,19,4.7
882661a201fffff,H3,2025,20,0.8
882661a201fffff,H3,2025,20,4.9
882661a201fffff,H3,2025,21,0.7
882661a201fffff,H3,2025,21,4.8
882661a201fffff,H3,2025,22,0.7
882661a201fffff,H3,2025,22,4.4
882661a201fffff,H3,2025,23,0.6
882661a201fffff,H3,2025,23,3.9
882661a217fffff,H3,2025,0,30.0
882661a217fffff,H3,2025,1,26.4
882661a217fffff,H3,2025,2,23.0
882661a217fffff,H3,2025,3,20.7
882661a217fffff,H3,2025,4,18.8
882661a217fffff,H3,2025,5,17.0
882661a217fffff,H3,2025,6,15.0
882661a217fffff,H3,2025,7,12.0
882661a217fffff,H3,2025,8,10.0
882661a217fffff,H3,2025,9,9.7
882661a217fffff,H3,2025,10,10.5
882661a217fffff,H3,2025,11,11.9
882661a217fffff,H3,2025,12,13.9
882661a217fffff,H3,2025,13,15.3
882661a217fffff,H3,2025,14,17.3
882661a217fffff,H3,2025,15,20.2
882661a217fffff,H3,2025,16,25.2
882661a217fffff,H3,2025,17,33.1
882661a217fffff,H3,2025,18,38.9
882661a217fffff,H3,2025,19,41.8
882661a217fffff,H3,2025,20,43.6
882661a217fffff,H3,2025,21,42.7
882661a217fffff,H3,2025,22,39.8
882661a217fffff,H3,2025,23,35.5
882661a219fffff,H3,2025,0,10.8
882661a219fffff,H3,2025,1,9.4
882661a219fffff,H3,2025,2,8.2
882661a219fffff,H3,2025,3,7.4
882661a219fffff,H3,2025,4,6.7
882661a219fffff,H3,2025,5,6.1
882661a219fffff,H3,2025,6,5.3
882661a219fffff,H3,2025,7,4.3
882661a219fffff,H3,2025,8,3.6
882661a219fffff,H3,2025,9,3.4
882661a219fffff,H3,2025,10,3.8
882661a219fffff,H3,2025,11,4.3
882661a219fffff,H3,2025,12,4.9
882661a219fffff,H3,2025,13,5.5
882661a219fffff,H3,2025,14,6.1
882661a219fffff,H3,2025,15,7.3
882661a219fffff,H3,2025,16,9.0
882661a219fffff,H3,2025,17,11.8
882661a219fffff,H3,2025,18,13.9
882661a219fffff,H3,2025,19,15.0
882661a219fffff,H3,2025,20,15.6
882661a219fffff,H3,2025,21,15.3
882661a219fffff,H3,2025,22,14.2
882661a219fffff,H3,2025,23,12.7
882661a251fffff,H3,2025,0,1.9
882661a251fffff,H3,2025,1,1.7
882661a251fffff,H3,2025,2,1.5
882661a251fffff,H3,2025,3,1.4
882661a251fffff,H3,2025,4,1.2
882661a251fffff,H3,2025,5,1.0
882661a251fffff,H3,2025,6,0.9
882661a251fffff,H3,2025,7,0.8
882661a251fffff,H3,2025,8,0.7
882661a251fffff,H3,2025,9,0.6
882661a251fffff,H3,2025,10,0.7
882661a251fffff,H3,2025,11,0.8
882661a251fffff,H3,2025,12,0.9
882661a251fffff,H3,2025,13,1.0
882661a251fffff,H3,2025,14,1.1
882661a251fffff,H3,2025,15,1.2
882661a251fffff,H3,2025,16,1.6
882661a251fffff,H3,2025,17,2.2
882661a251fffff,H3,2025,18,2.5
882661a251fffff,H3,2025,19,2.6
882661a251fffff,H3,2025,20,2.7
882661a251fffff,H3,2025,21,2.7
882661a251fffff,H3,2025,22,2.5
882661a251fffff,H3,2025,23,2.3
882661b125fffff,H3,2025,0,2.3
882661b125fffff,H3,2025,1,2.0
882661b125fffff,H3,2025,2,1.7
882661b125fffff,H3,2025,3,1.6
882661b125fffff,H3,2025,4,1.4
882661b125fffff,H3,2025,5,1.2
882661b125fffff,H3,2025,6,1.1
882661b125fffff,H3,2025,7,0.9
882661b125fffff,H3,2025,8,0.8
882661b125fffff,H3,2025,9,0.8
882661b125fffff,H3,2025,10,0.8
882661b125fffff,H3,2025,11,0.9
882661b125fffff,H3,2025,12,1.0
882661b125fffff,H3,2025,13,1.2
882661b125fffff,H3,2025,14,1.4
882661b125fffff,H3,2025,15,1.6
882661b125fffff,H3,2025,16,2.0
882661b125fffff,H3,2025,17,2.6
882661b125fffff,H3,2025,18,3.1
882661b125fffff,H3,2025,19,3.3
882661b125fffff,H3,2025,20,3.4
882661b125fffff,H3,2025,21,3.3
882661b125fffff,H3,2025,22,3.1
882661b125fffff,H3,2025,23,2.7
882661b1b9fffff,H3,2025,0,1.4
882661b1b9fffff,H3,2025,1,1.1
882661b1b9fffff,H3,2025,2,1.0
882661b1b9fffff,H3,2025,3,0.9
882661b1b9fffff,H3,2025,4,0.8
882661b1b9fffff,H3,2025,5,0.8
882661b1b9fffff,H3,2025,6,0.7
882661b1b9fffff,H3,2025,7,0.6
882661b1b9fffff,H3,2025,8,0.5
882661b1b9fffff,H3,2025,9,0.5
882661b1b9fffff,H3,2025,10,0.5
882661b1b9fffff,H3,2025,11,0.6
882661b1b9fffff,H3,2025,12,0.7
882661b1b9fffff,H3,2025,13,0.7
882661b1b9fffff,H3,2025,14,0.8
882661b1b9fffff,H3,2025,15,0.9
882661b1b9fffff,H3,2025,16,1.1
882661b1b9fffff,H3,2025,17,1.5
882661b1b9fffff,H3,2025,18,1.7
882661b1b9fffff,H3,2025,19,1.8
882661b1b9fffff,H3,2025,20,1.9
882661b1b9fffff,H3,2025,21,1.9
882661b1b9fffff,H3,2025,22,1.8
882661b1b9fffff,H3,2025,23,1.6
882661b4c7fffff,H3,2025,0,5.1
882661b4c7fffff,H3,2025,1,4.5
882661b4c7fffff,H3,2025,2,3.9
882661b4c7fffff,H3,2025,3,3.5
882661b4c7fffff,H3,2025,4,3.2
882661b4c7fffff,H3,2025,5,2.8
882661b4c7fffff,H3,2025,6,2.6
882661b4c7fffff,H3,2025,7,2.0
882661b4c7fffff,H3,2025,8,1.7
882661b4c7fffff,H3,2025,9,1.7
882661b4c7fffff,H3,2025,10,1.8
882661b4c7fffff,H3,2025,11,2.0
882661b4c7fffff,H3,2025,12,2.4
882661b4c7fffff,H3,2025,13,2.6
882661b4c7fffff,H3,2025,14,3.0
882661b4c7fffff,H3,2025,15,3.5
882661b4c7fffff,H3,2025,16,4.3
882661b4c7fffff,H3,2025,17,5.7
882661b4c7fffff,H3,2025,18,6.7
882661b4c7fffff,H3,2025,19,7.2
882661b4c7fffff,H3,2025,20,7.5
882661b4c7fffff,H3,2025,21,7.3
882661b4c7fffff,H3,2025,22,6.8
882661b4c7fffff,H3,2025,23,6.0
8826625311fffff,H3,2025,0,1.6
8826625311fffff,H3,2025,1,1.4
8826625311fffff,H3,2025,2,1.2
8826625311fffff,H3,2025,3,1.1
8826625311fffff,H3,2025,4,1.0
8826625311fffff,H3,2025,5,0.9
8826625311fffff,H3,2025,6,0.8
8826625311fffff,H3,2025,7,0.7
8826625311fffff,H3,2025,8,0.6
8826625311fffff,H3,2025,9,0.6
8826625311fffff,H3,2025,10,0.6
8826625311fffff,H3,2025,11,0.7
8826625311fffff,H3,2025,12,0.8
8826625311fffff,H3,2025,13,0.9
8826625311fffff,H3,2025,14,0.9
8826625311fffff,H3,2025,15,1.1
8826625311fffff,H3,2025,16,1.4
8826625311fffff,H3,2025,17,1.8
8826625311fffff,H3,2025,18,2.2
8826625311fffff,H3,2025,19,2.3
8826625311fffff,H3,2025,20,2.4
8826625311fffff,H3,2025,21,2.3
8826625311fffff,H3,2025,22,2.2
8826625311fffff,H3,2025,23,1.9
882662c86bfffff,H3,2025,0,1.9
882662c86bfffff,H3,2025,1,1.7
882662c86bfffff,H3,2025,2,1.5
882662c86bfffff,H3,2025,3,1.4
882662c86bfffff,H3,2025,4,1.2
882662c86bfffff,H3,2025,5,1.0
882662c86bfffff,H3,2025,6,0.9
882662c86bfffff,H3,2025,7,0.8
882662c86bfffff,H3,2025,8,0.7
882662c86bfffff,H3,2025,9,0.6
882662c86bfffff,H3,2025,10,0.7
882662c86bfffff,H3,2025,11,0.8
882662c86bfffff,H3,2025,12,0.9
882662c86bfffff,H3,2025,13,1.0
882662c86bfffff,H3,2025,14,1.1
882662c86bfffff,H3,2025,15,1.2
882662c86bfffff,H3,2025,16,1.6
882662c86bfffff,H3,2025,17,2.2
882662c86bfffff,H3,2025,18,2.5
882662c86bfffff,H3,2025,19,2.6
882662c86bfffff,H3,2025,20,2.7
882662c86bfffff,H3,2025,21,2.7
882662c86bfffff,H3,2025,22,2.5
882662c86bfffff,H3,2025,23,2.3
882662c9edfffff,H3,2025,0,1.8
882662c9edfffff,H3,2025,1,1.6
882662c9edfffff,H3,2025,2,1.4
882662c9edfffff,H3,2025,3,1.2
882662c9edfffff,H3,2025,4,1.1
882662c9edfffff,H3,2025,5,1.0
882662c9edfffff,H3,2025,6,0.9
882662c9edfffff,H3,2025,7,0.7
882662c9edfffff,H3,2025,8,0.7
882662c9edfffff,H3,2025,9,0.6
882662c9edfffff,H3,2025,10,0.7
882662c9edfffff,H3,2025,11,0.8
882662c9edfffff,H3,2025,12,0.9
882662c9edfffff,H3,2025,13,0.9
882662c9edfffff,H3,2025,14,1.0
882662c9edfffff,H3,2025,15,1.2
882662c9edfffff,H3,2025,16,1.6
882662c9edfffff,H3,2025,17,2.0
882662c9edfffff,H3,2025,18,2.4
882662c9edfffff,H3,2025,19,2.5
882662c9edfffff,H3,2025,20,2.6
882662c9edfffff,H3,2025,21,2.6
882662c9edfffff,H3,2025,22,2.4
882662c9edfffff,H3,2025,23,2.2
882663a6e9fffff,H3,2025,0,4.1
882663a6e9fffff,H3,2025,1,2.5
882663a6e9fffff,H3,2025,2,1.8
882663a6e9fffff,H3,2025,3,1.7
882663a6e9fffff,H3,2025,4,1.4
882663a6e9fffff,H3,2025,5,1.4
882663a6e9fffff,H3,2025,6,2.4
882663a6e9fffff,H3,2025,7,3.9
882663a6e9fffff,H3,2025,8,6.0
882663a6e9fffff,H3,2025,9,7.7
882663a6e9fffff,H3,2025,10,8.2
882663a6e9fffff,H3,2025,11,9.0
882663a6e9fffff,H3,2025,12,10.0
882663a6e9fffff,H3,2025,13,11.1
882663a6e9fffff,H3,2025,14,10.5
882663a6e9fffff,H3,2025,15,10.7
882663a6e9fffff,H3,2025,16,10.9
882663a6e9fffff,H3,2025,17,12.4
882663a6e9fffff,H3,2025,18,13.8
882663a6e9fffff,H3,2025,19,12.2
882663a6e9fffff,H3,2025,20,11.5
882663a6e9fffff,H3,2025,21,9.4
882663a6e9fffff,H3,2025,22,8.2
882663a6e9fffff,H3,2025,23,6.5
8826641613fffff,H3,2025,0,2.0
8826641613fffff,H3,2025,1,1.8
8826641613fffff,H3,2025,2,1.6
8826641613fffff,H3,2025,3,1.4
8826641613fffff,H3,2025,4,1.2
8826641613fffff,H3,2025,5,1.1
8826641613fffff,H3,2025,6,1.0
8826641613fffff,H3,2025,7,0.8
8826641613fffff,H3,2025,8,0.7
8826641613fffff,H3,2025,9,0.7
8826641613fffff,H3,2025,10,0.7
8826641613fffff,H3,2025,11,0.8
8826641613fffff,H3,2025,12,0.9
8826641613fffff,H3,2025,13,1.0
8826641613fffff,H3,2025,14,1.1
8826641613fffff,H3,2025,15,1.4
8826641613fffff,H3,2025,16,1.7
8826641613fffff,H3,2025,17,2.3
8826641613fffff,H3,2025,18,2.6
8826641613fffff,H3,2025,19,2.8
8826641613fffff,H3,2025,20,3.0
8826641613fffff,H3,2025,21,2.8
8826641613fffff,H3,2025,22,2.7
8826641613fffff,H3,2025,23,2.4
8826641983fffff,H3,2025,0,1.9
8826641983fffff,H3,2025,1,1.7
8826641983fffff,H3,2025,2,1.5
8826641983fffff,H3,2025,3,1.4
8826641983fffff,H3,2025,4,1.2
8826641983fffff,H3,2025,5,1.1
8826641983fffff,H3,2025,6,1.0
8826641983fffff,H3,2025,7,0.8
8826641983fffff,H3,2025,8,0.7
8826641983fffff,H3,2025,9,0.7
8826641983fffff,H3,2025,10,0.7
8826641983fffff,H3,2025,11,0.8
8826641983fffff,H3,2025,12,0.9
8826641983fffff,H3,2025,13,1.0
8826641983fffff,H3,2025,14,1.1
8826641983fffff,H3,2025,15,1.2
8826641983fffff,H3,2025,16,1.6
8826641983fffff,H3,2025,17,2.2
8826641983fffff,H3,2025,18,2.5
8826641983fffff,H3,2025,19,2.7
8826641983fffff,H3,2025,20,2.8
8826641983fffff,H3,2025,21,2.7
8826641983fffff,H3,2025,22,2.6
8826641983fffff,H3,2025,23,2.3
8826644169fffff,H3,2025,0,3.4
8826644169fffff,H3,2025,1,3.0
8826644169fffff,H3,2025,2,2.6
8826644169fffff,H3,2025,3,2.4
8826644169fffff,H3,2025,4,2.2
8826644169fffff,H3,2025,5,1.9
8826644169fffff,H3,2025,6,1.7
8826644169fffff,H3,2025,7,1.4
8826644169fffff,H3,2025,8,1.1
8826644169fffff,H3,2025,9,1.1
8826644169fffff,H3,2025,10,1.2
8826644169fffff,H3,2025,11,1.4
8826644169fffff,H3,2025,12,1.6
8826644169fffff,H3,2025,13,1.8
8826644169fffff,H3,2025,14,2.0
8826644169fffff,H3,2025,15,2.4
8826644169fffff,H3,2025,16,3.0
8826644169fffff,H3,2025,17,3.9
8826644169fffff,H3,2025,18,4.5
8826644169fffff,H3,2025,19,4.9
8826644169fffff,H3,2025,20,5.1
8826644169fffff,H3,2025,21,4.9
8826644169fffff,H3,2025,22,4.5
8826644169fffff,H3,2025,23,4.1
8826645215fffff,H3,2025,0,2.2
8826645215fffff,H3,2025,1,1.9
8826645215fffff,H3,2025,2,1.7
8826645215fffff,H3,2025,3,1.5
8826645215fffff,H3,2025,4,1.4
8826645215fffff,H3,2025,5,1.2
8826645215fffff,H3,2025,6,1.1
8826645215fffff,H3,2025,7,0.9
8826645215fffff,H3,2025,8,0.7
8826645215fffff,H3,2025,9,0.7
8826645215fffff,H3,2025,10,0.8
8826645215fffff,H3,2025,11,0.9
8826645215fffff,H3,2025,12,1.0
8826645215fffff,H3,2025,13,1.1
8826645215fffff,H3,2025,14,1.2
8826645215fffff,H3,2025,15,1.5
8826645215fffff,H3,2025,16,1.8
8826645215fffff,H3,2025,17,2.4
8826645215fffff,H3,2025,18,2.8
8826645215fffff,H3,2025,19,3.1
8826645215fffff,H3,2025,20,3.2
8826645215fffff,H3,2025,21,3.1
8826645215fffff,H3,2025,22,2.8
8826645215fffff,H3,2025,23,2.6
882664c1a5fffff,H3,2025,0,12.2
882664c1a5fffff,H3,2025,1,10.7
882664c1a5fffff,H3,2025,2,9.3
882664c1a5fffff,H3,2025,3,8.4
882664c1a5fffff,H3,2025,4,7.6
882664c1a5fffff,H3,2025,5,6.9
882664c1a5fffff,H3,2025,6,6.1
882664c1a5fffff,H3,2025,7,4.9
882664c1a5fffff,H3,2025,8,4.1
882664c1a5fffff,H3,2025,9,4.0
882664c1a5fffff,H3,2025,10,4.2
882664c1a5fffff,H3,2025,11,4.9
882664c1a5fffff,H3,2025,12,5.6
882664c1a5fffff,H3,2025,13,6.2
882664c1a5fffff,H3,2025,14,7.0
882664c1a5fffff,H3,2025,15,8.2
882664c1a5fffff,H3,2025,16,10.2
882664c1a5fffff,H3,2025,17,13.4
882664c1a5fffff,H3,2025,18,15.8
882664c1a5fffff,H3,2025,19,16.9
882664c1a5fffff,H3,2025,20,17.7
882664c1a5fffff,H3,2025,21,17.4
882664c1a5fffff,H3,2025,22,16.1
882664c1a5fffff,H3,2025,23,14.4
882664c1abfffff,H3,2025,0,6.1
882664c1abfffff,H3,2025,1,5.5
882664c1abfffff,H3,2025,2,4.8
882664c1abfffff,H3,2025,3,4.2
882664c1abfffff,H3,2025,4,3.9
882664c1abfffff,H3,2025,5,3.5
882664c1abfffff,H3,2025,6,3.1
882664c1abfffff,H3,2025,7,2.5
882664c1abfffff,H3,2025,8,2.0
882664c1abfffff,H3,2025,9,2.0
882664c1abfffff,H3,2025,10,2.2
882664c1abfffff,H3,2025,11,2.5
882664c1abfffff,H3,2025,12,2.8
882664c1abfffff,H3,2025,13,3.2
882664c1abfffff,H3,2025,14,3.5
882664c1abfffff,H3,2025,15,4.2
882664c1abfffff,H3,2025,16,5.2
882664c1abfffff,H3,2025,17,6.8
882664c1abfffff,H3,2025,18,8.0
882664c1abfffff,H3,2025,19,8.5
882664c1abfffff,H3,2025,20,9.0
882664c1abfffff,H3,2025,21,8.8
882664c1abfffff,H3,2025,22,8.2
882664c1abfffff,H3,2025,23,7.3
882664c1adfffff,H3,2025,0,3.5
882664c1adfffff,H3,2025,1,3.2
882664c1adfffff,H3,2025,2,2.7
882664c1adfffff,H3,2025,3,2.5
882664c1adfffff,H3,2025,4,2.3
882664c1adfffff,H3,2025,5,2.0
882664c1adfffff,H3,2025,6,1.8
882664c1adfffff,H3,2025,7,1.4
882664c1adfffff,H3,2025,8,1.2
882664c1adfffff,H3,2025,9,1.1
882664c1adfffff,H3,2025,10,1.2
882664c1adfffff,H3,2025,11,1.4
882664c1adfffff,H3,2025,12,1.6
882664c1adfffff,H3,2025,13,1.8
882664c1adfffff,H3,2025,14,2.0
882664c1adfffff,H3,2025,15,2.4
882664c1adfffff,H3,2025,16,3.0
882664c1adfffff,H3,2025,17,4.0
882664c1adfffff,H3,2025,18,4.7
882664c1adfffff,H3,2025,19,5.0
882664c1adfffff,H3,2025,20,5.1
882664c1adfffff,H3,2025,21,5.1
882664c1adfffff,H3,2025,22,4.8
882664c1adfffff,H3,2025,23,4.2
882664c9e7fffff,H3,2025,0,6.5
882664c9e7fffff,H3,2025,1,5.6
882664c9e7fffff,H3,2025,2,4.9
882664c9e7fffff,H3,2025,3,4.3
882664c9e7fffff,H3,2025,4,4.0
882664c9e7fffff,H3,2025,5,3.6
882664c9e7fffff,H3,2025,6,3.3
882664c9e7fffff,H3,2025,7,2.7
882664c9e7fffff,H3,2025,8,2.3
882664c9e7fffff,H3,2025,9,2.2
882664c9e7fffff,H3,2025,10,2.4
882664c9e7fffff,H3,2025,11,2.7
882664c9e7fffff,H3,2025,12,3.2
882664c9e7fffff,H3,2025,13,3.5
882664c9e7fffff,H3,2025,14,4.0
882664c9e7fffff,H3,2025,15,4.7
882664c9e7fffff,H3,2025,16,5.8
882664c9e7fffff,H3,2025,17,7.5
882664c9e7fffff,H3,2025,18,8.8
882664c9e7fffff,H3,2025,19,9.3
882664c9e7fffff,H3,2025,20,9.7
882664c9e7fffff,H3,2025,21,9.3
882664c9e7fffff,H3,2025,22,8.6
882664c9e7fffff,H3,2025,23,7.6
882664ca87fffff,H3,2025,0,7.7
882664ca87fffff,H3,2025,1,6.7
882664ca87fffff,H3,2025,2,5.9
882664ca87fffff,H3,2025,3,5.2
882664ca87fffff,H3,2025,4,4.8
882664ca87fffff,H3,2025,5,4.3
882664ca87fffff,H3,2025,6,3.9
882664ca87fffff,H3,2025,7,3.1
882664ca87fffff,H3,2025,8,2.6
882664ca87fffff,H3,2025,9,2.5
882664ca87fffff,H3,2025,10,2.7
882664ca87fffff,H3,2025,11,3.1
882664ca87fffff,H3,2025,12,3.5
882664ca87fffff,H3,2025,13,4.0
882664ca87fffff,H3,2025,14,4.4
882664ca87fffff,H3,2025,15,5.2
882664ca87fffff,H3,2025,16,6.6
882664ca87fffff,H3,2025,17,8.5
882664ca87fffff,H3,2025,18,10.0
882664ca87fffff,H3,2025,19,10.8
882664ca87fffff,H3,2025,20,11.2
882664ca87fffff,H3,2025,21,11.0
882664ca87fffff,H3,2025,22,10.2
882664ca87fffff,H3,2025,23,9.1
882664cf4dfffff,H3,2025,0,2.2
882664cf4dfffff,H3,2025,1,1.9
882664cf4dfffff,H3,2025,2,1.7
882664cf4dfffff,H3,2025,3,1.5
882664cf4dfffff,H3,2025,4,1.4
882664cf4dfffff,H3,2025,5,1.2
882664cf4dfffff,H3,2025,6,1.1
882664cf4dfffff,H3,2025,7,0.9
882664cf4dfffff,H3,2025,8,0.8
882664cf4dfffff,H3,2025,9,0.7
882664cf4dfffff,H3,2025,10,0.8
882664cf4dfffff,H3,2025,11,0.9
882664cf4dfffff,H3,2025,12,1.0
882664cf4dfffff,H3,2025,13,1.1
882664cf4dfffff,H3,2025,14,1.2
882664cf4dfffff,H3,2025,15,1.5
882664cf4dfffff,H3,2025,16,1.9
882664cf4dfffff,H3,2025,17,2.5
882664cf4dfffff,H3,2025,18,2.8
882664cf4dfffff,H3,2025,19,3.1
882664cf4dfffff,H3,2025,20,3.2
882664cf4dfffff,H3,2025,21,3.2
882664cf4dfffff,H3,2025,22,3.0
882664cf4dfffff,H3,2025,23,2.6
8826650459fffff,H3,2025,0,3.5
8826650459fffff,H3,2025,1,3.1
8826650459fffff,H3,2025,2,2.7
8826650459fffff,H3,2025,3,2.4
8826650459fffff,H3,2025,4,2.2
8826650459fffff,H3,2025,5,2.0
8826650459fffff,H3,2025,6,1.8
8826650459fffff,H3,2025,7,1.4
8826650459fffff,H3,2025,8,1.1
8826650459fffff,H3,2025,9,1.1
8826650459fffff,H3,2025,10,1.2
8826650459fffff,H3,2025,11,1.4
8826650459fffff,H3,2025,12,1.6
8826650459fffff,H3,2025,13,1.8
8826650459fffff,H3,2025,14,2.0
8826650459fffff,H3,2025,15,2.4
8826650459fffff,H3,2025,16,3.0
8826650459fffff,H3,2025,17,3.9
8826650459fffff,H3,2025,18,4.5
8826650459fffff,H3,2025,19,4.9
8826650459fffff,H3,2025,20,5.1
8826650459fffff,H3,2025,21,5.0
8826650459fffff,H3,2025,22,4.7
8826650459fffff,H3,2025,23,4.2
882665a5d3fffff,H3,2025,0,5.0
882665a5d3fffff,H3,2025,1,4.4
882665a5d3fffff,H3,2025,2,3.9
882665a5d3fffff,H3,2025,3,3.4
882665a5d3fffff,H3,2025,4,3.1
882665a5d3fffff,H3,2025,5,2.8
882665a5d3fffff,H3,2025,6,2.5
882665a5d3fffff,H3,2025,7,2.0
882665a5d3fffff,H3,2025,8,1.7
882665a5d3fffff,H3,2025,9,1.6
882665a5d3fffff,H3,2025,10,1.8
882665a5d3fffff,H3,2025,11,2.0
882665a5d3fffff,H3,2025,12,2.4
882665a5d3fffff,H3,2025,13,2.6
882665a5d3fffff,H3,2025,14,3.0
882665a5d3fffff,H3,2025,15,3.5
882665a5d3fffff,H3,2025,16,4.3
882665a5d3fffff,H3,2025,17,5.7
882665a5d3fffff,H3,2025,18,6.6
882665a5d3fffff,H3,2025,19,7.0
882665a5d3fffff,H3,2025,20,7.4
882665a5d3fffff,H3,2025,21,7.2
882665a5d3fffff,H3,2025,22,6.7
882665a5d3fffff,H3,2025,23,5.9
882666922bfffff,H3,2025,0,2.8
882666922bfffff,H3,2025,1,2.5
882666922bfffff,H3,2025,2,2.2
882666922bfffff,H3,2025,3,1.9
882666922bfffff,H3,2025,4,1.7
882666922bfffff,H3,2025,5,1.6
882666922bfffff,H3,2025,6,1.5
882666922bfffff,H3,2025,7,1.1
882666922bfffff,H3,2025,8,1.0
882666922bfffff,H3,2025,9,0.9
882666922bfffff,H3,2025,10,1.0
882666922bfffff,H3,2025,11,1.2
882666922bfffff,H3,2025,12,1.4
882666922bfffff,H3,2025,13,1.6
882666922bfffff,H3,2025,14,1.7
882666922bfffff,H3,2025,15,2.0
882666922bfffff,H3,2025,16,2.5
882666922bfffff,H3,2025,17,3.3
882666922bfffff,H3,2025,18,3.9
882666922bfffff,H3,2025,19,4.1
882666922bfffff,H3,2025,20,4.2
882666922bfffff,H3,2025,21,4.1
882666922bfffff,H3,2025,22,3.9
882666922bfffff,H3,2025,23,3.4
8826669761fffff,H3,2025,0,2.3
8826669761fffff,H3,2025,1,2.0
8826669761fffff,H3,2025,2,1.8
8826669761fffff,H3,2025,3,1.6
8826669761fffff,H3,2025,4,1.5
8826669761fffff,H3,2025,5,1.2
8826669761fffff,H3,2025,6,1.1
8826669761fffff,H3,2025,7,0.9
8826669761fffff,H3,2025,8,0.8
8826669761fffff,H3,2025,9,0.8
8826669761fffff,H3,2025,10,0.8
8826669761fffff,H3,2025,11,0.9
8826669761fffff,H3,2025,12,1.0
8826669761fffff,H3,2025,13,1.1
8826669761fffff,H3,2025,14,1.4
8826669761fffff,H3,2025,15,1.6
8826669761fffff,H3,2025,16,1.9
8826669761fffff,H3,2025,17,2.5
8826669761fffff,H3,2025,18,3.0
8826669761fffff,H3,2025,19,3.2
8826669761fffff,H3,2025,20,3.3
8826669761fffff,H3,2025,21,3.3
8826669761fffff,H3,2025,22,3.1
8826669761fffff,H3,2025,23,2.7
8826683229fffff,H3,2025,0,11.7
8826683229fffff,H3,2025,1,10.1
8826683229fffff,H3,2025,2,8.8
8826683229fffff,H3,2025,3,7.8
8826683229fffff,H3,2025,4,7.0
8826683229fffff,H3,2025,5,6.5
8826683229fffff,H3,2025,6,6.0
8826683229fffff,H3,2025,7,5.0
8826683229fffff,H3,2025,8,4.3
8826683229fffff,H3,2025,9,4.2
8826683229fffff,H3,2025,10,4.5
8826683229fffff,H3,2025,11,5.1
8826683229fffff,H3,2025,12,6.0
8826683229fffff,H3,2025,13,6.7
8826683229fffff,H3,2025,14,7.4
8826683229fffff,H3,2025,15,8.8
8826683229fffff,H3,2025,16,10.9
8826683229fffff,H3,2025,17,14.1
8826683229fffff,H3,2025,18,16.2
8826683229fffff,H3,2025,19,17.3
8826683229fffff,H3,2025,20,17.7
8826683229fffff,H3,2025,21,17.2
8826683229fffff,H3,2025,22,15.8
8826683229fffff,H3,2025,23,13.9
8826683343fffff,H3,2025,0,7.8
8826683343fffff,H3,2025,1,6.8
8826683343fffff,H3,2025,2,5.9
8826683343fffff,H3,2025,3,5.2
8826683343fffff,H3,2025,4,4.8
8826683343fffff,H3,2025,5,4.3
8826683343fffff,H3,2025,6,4.0
8826683343fffff,H3,2025,7,3.4
8826683343fffff,H3,2025,8,3.0
8826683343fffff,H3,2025,9,2.8
8826683343fffff,H3,2025,10,3.2
8826683343fffff,H3,2025,11,3.5
8826683343fffff,H3,2025,12,4.2
8826683343fffff,H3,2025,13,4.7
8826683343fffff,H3,2025,14,5.1
8826683343fffff,H3,2025,15,6.0
8826683343fffff,H3,2025,16,7.4
8826683343fffff,H3,2025,17,9.5
8826683343fffff,H3,2025,18,11.0
8826683343fffff,H3,2025,19,11.6
8826683343fffff,H3,2025,20,11.9
8826683343fffff,H3,2025,21,11.6
8826683343fffff,H3,2025,22,10.6
8826683343fffff,H3,2025,23,9.3
88266835c7fffff,H3,2025,0,1.7
88266835c7fffff,H3,2025,1,1.5
88266835c7fffff,H3,2025,2,1.4
88266835c7fffff,H3,2025,3,1.1
88266835c7fffff,H3,2025,4,1.0
88266835c7fffff,H3,2025,5,1.0
88266835c7fffff,H3,2025,6,0.9
88266835c7fffff,H3,2025,7,0.7
88266835c7fffff,H3,2025,8,0.6
88266835c7fffff,H3,2025,9,0.6
88266835c7fffff,H3,2025,10,0.6
88266835c7fffff,H3,2025,11,0.7
88266835c7fffff,H3,2025,12,0.8
88266835c7fffff,H3,2025,13,0.9
88266835c7fffff,H3,2025,14,1.0
88266835c7fffff,H3,2025,15,1.1
88266835c7fffff,H3,2025,16,1.5
88266835c7fffff,H3,2025,17,1.9
88266835c7fffff,H3,2025,18,2.3
88266835c7fffff,H3,2025,19,2.4
88266835c7fffff,H3,2025,20,2.5
88266835c7fffff,H3,2025,21,2.5
88266835c7fffff,H3,2025,22,2.3
88266835c7fffff,H3,2025,23,2.0
882668845bfffff,H3,2025,0,14.1
882668845bfffff,H3,2025,1,12.4
882668845bfffff,H3,2025,2,10.8
882668845bfffff,H3,2025,3,9.7
882668845bfffff,H3,2025,4,8.8
882668845bfffff,H3,2025,5,8.0
882668845bfffff,H3,2025,6,7.2
882668845bfffff,H3,2025,7,5.7
882668845bfffff,H3,2025,8,4.8
882668845bfffff,H3,2025,9,4.7
882668845bfffff,H3,2025,10,5.0
882668845bfffff,H3,2025,11,5.7
882668845bfffff,H3,2025,12,6.6
882668845bfffff,H3,2025,13,7.4
882668845bfffff,H3,2025,14,8.2
882668845bfffff,H3,2025,15,9.7
882668845bfffff,H3,2025,16,12.0
882668845bfffff,H3,2025,17,15.8
882668845bfffff,H3,2025,18,18.5
882668845bfffff,H3,2025,19,19.9
882668845bfffff,H3,2025,20,20.7
882668845bfffff,H3,2025,21,20.2
882668845bfffff,H3,2025,22,18.8
882668845bfffff,H3,2025,23,16.7
8826688615fffff,H3,2025,0,2.4
8826688615fffff,H3,2025,1,2.0
8826688615fffff,H3,2025,2,1.8
8826688615fffff,H3,2025,3,1.6
8826688615fffff,H3,2025,4,1.5
8826688615fffff,H3,2025,5,1.4
8826688615fffff,H3,2025,6,1.1
8826688615fffff,H3,2025,7,0.9
8826688615fffff,H3,2025,8,0.8
8826688615fffff,H3,2025,9,0.8
8826688615fffff,H3,2025,10,0.8
8826688615fffff,H3,2025,11,0.9
8826688615fffff,H3,2025,12,1.0
8826688615fffff,H3,2025,13,1.2
8826688615fffff,H3,2025,14,1.4
8826688615fffff,H3,2025,15,1.6
8826688615fffff,H3,2025,16,1.9
8826688615fffff,H3,2025,17,2.6
8826688615fffff,H3,2025,18,3.1
8826688615fffff,H3,2025,19,3.3
8826688615fffff,H3,2025,20,3.4
8826688615fffff,H3,2025,21,3.3
8826688615fffff,H3,2025,22,3.1
8826688615fffff,H3,2025,23,2.7
88266886cbfffff,H3,2025,0,6.5
88266886cbfffff,H3,2025,1,5.7
88266886cbfffff,H3,2025,2,5.0
88266886cbfffff,H3,2025,3,4.4
88266886cbfffff,H3,2025,4,4.1
88266886cbfffff,H3,2025,5,3.6
88266886cbfffff,H3,2025,6,3.3
88266886cbfffff,H3,2025,7,2.6
88266886cbfffff,H3,2025,8,2.2
88266886cbfffff,H3,2025,9,2.2
88266886cbfffff,H3,2025,10,2.3
88266886cbfffff,H3,2025,11,2.6
88266886cbfffff,H3,2025,12,3.1
88266886cbfffff,H3,2025,13,3.4
88266886cbfffff,H3,2025,14,3.8
88266886cbfffff,H3,2025,15,4.4
88266886cbfffff,H3,2025,16,5.6
88266886cbfffff,H3,2025,17,7.3
88266886cbfffff,H3,2025,18,8.5
88266886cbfffff,H3,2025,19,9.1
88266886cbfffff,H3,2025,20,9.5
88266886cbfffff,H3,2025,21,9.3
88266886cbfffff,H3,2025,22,8.6
88266886cbfffff,H3,2025,23,7.7
88266b0767fffff,H3,2025,0,1.2
88266b0767fffff,H3,2025,1,1.0
88266b0767fffff,H3,2025,2,0.9
88266b0767fffff,H3,2025,3,0.8
88266b0767fffff,H3,2025,4,0.8
88266b0767fffff,H3,2025,5,0.7
88266b0767fffff,H3,2025,6,0.6
88266b0767fffff,H3,2025,7,0.5
88266b0767fffff,H3,2025,8,0.5
88266b0767fffff,H3,2025,9,0.3
88266b0767fffff,H3,2025,10,0.5
88266b0767fffff,H3,2025,11,0.5
88266b0767fffff,H3,2025,12,0.6
88266b0767fffff,H3,2025,13,0.7
88266b0767fffff,H3,2025,14,0.7
88266b0767fffff,H3,2025,15,0.8
88266b0767fffff,H3,2025,16,1.0
88266b0767fffff,H3,2025,17,1.4
88266b0767fffff,H3,2025,18,1.6
88266b0767fffff,H3,2025,19,1.7
88266b0767fffff,H3,2025,20,1.8
88266b0767fffff,H3,2025,21,1.7
88266b0767fffff,H3,2025,22,1.6
88266b0767fffff,H3,2025,23,1.5
88266b856bfffff,H3,2025,0,2.5
88266b856bfffff,H3,2025,1,2.2
88266b856bfffff,H3,2025,2,1.9
88266b856bfffff,H3,2025,3,1.7
88266b856bfffff,H3,2025,4,1.6
88266b856bfffff,H3,2025,5,1.4
88266b856bfffff,H3,2025,6,1.2
88266b856bfffff,H3,2025,7,1.0
88266b856bfffff,H3,2025,8,0.9
88266b856bfffff,H3,2025,9,0.8
88266b856bfffff,H3,2025,10,0.9
88266b856bfffff,H3,2025,11,1.0
88266b856bfffff,H3,2025,12,1.2
88266b856bfffff,H3,2025,13,1.4
88266b856bfffff,H3,2025,14,1.5
88266b856bfffff,H3,2025,15,1.8
88266b856bfffff,H3,2025,16,2.2
88266b856bfffff,H3,2025,17,2.8
88266b856bfffff,H3,2025,18,3.4
88266b856bfffff,H3,2025,19,3.6
88266b856bfffff,H3,2025,20,3.8
88266b856bfffff,H3,2025,21,3.6
88266b856bfffff,H3,2025,22,3.4
88266b856bfffff,H3,2025,23,3.0
88266cc0c3fffff,H3,2025,0,1.6
88266cc0c3fffff,H3,2025,1,1.4
88266cc0c3fffff,H3,2025,2,1.2
88266cc0c3fffff,H3,2025,3,1.1
88266cc0c3fffff,H3,2025,4,1.0
88266cc0c3fffff,H3,2025,5,0.9
88266cc0c3fffff,H3,2025,6,0.8
88266cc0c3fffff,H3,2025,7,0.7
88266cc0c3fffff,H3,2025,8,0.6
88266cc0c3fffff,H3,2025,9,0.6
88266cc0c3fffff,H3,2025,10,0.7
88266cc0c3fffff,H3,2025,11,0.7
88266cc0c3fffff,H3,2025,12,0.8
88266cc0c3fffff,H3,2025,13,0.9
88266cc0c3fffff,H3,2025,14,1.0
88266cc0c3fffff,H3,2025,15,1.2
88266cc0c3fffff,H3,2025,16,1.5
88266cc0c3fffff,H3,2025,17,1.9
88266cc0c3fffff,H3,2025,18,2.3
88266cc0c3fffff,H3,2025,19,2.4
88266cc0c3fffff,H3,2025,20,2.5
88266cc0c3fffff,H3,2025,21,2.4
88266cc0c3fffff,H3,2025,22,2.2
88266cc0c3fffff,H3,2025,23,1.9
88266cc2a3fffff,H3,2025,0,11.1
88266cc2a3fffff,H3,2025,1,9.8
88266cc2a3fffff,H3,2025,2,8.5
88266cc2a3fffff,H3,2025,3,7.6
88266cc2a3fffff,H3,2025,4,6.9
88266cc2a3fffff,H3,2025,5,6.2
88266cc2a3fffff,H3,2025,6,5.6
88266cc2a3fffff,H3,2025,7,4.4
88266cc2a3fffff,H3,2025,8,3.8
88266cc2a3fffff,H3,2025,9,3.6
88266cc2a3fffff,H3,2025,10,3.9
88266cc2a3fffff,H3,2025,11,4.4
88266cc2a3fffff,H3,2025,12,5.1
88266cc2a3fffff,H3,2025,13,5.8
88266cc2a3fffff,H3,2025,14,6.5
88266cc2a3fffff,H3,2025,15,7.6
88266cc2a3fffff,H3,2025,16,9.4
88266cc2a3fffff,H3,2025,17,12.4
88266cc2a3fffff,H3,2025,18,14.4
88266cc2a3fffff,H3,2025,19,15.6
88266cc2a3fffff,H3,2025,20,16.2
88266cc2a3fffff,H3,2025,21,15.9
88266cc2a3fffff,H3,2025,22,14.8
88266cc2a3fffff,H3,2025,23,13.1
88266d002bfffff,H3,2025,0,5.9
88266d002bfffff,H3,2025,1,5.2
88266d002bfffff,H3,2025,2,4.5
88266d002bfffff,H3,2025,3,4.0
88266d002bfffff,H3,2025,4,3.6
88266d002bfffff,H3,2025,5,3.3
88266d002bfffff,H3,2025,6,3.1
88266d002bfffff,H3,2025,7,2.5
88266d002bfffff,H3,2025,8,2.3
88266d002bfffff,H3,2025,9,2.2
88266d002bfffff,H3,2025,10,2.4
88266d002bfffff,H3,2025,11,2.7
88266d002bfffff,H3,2025,12,3.1
88266d002bfffff,H3,2025,13,3.5
88266d002bfffff,H3,2025,14,3.9
88266d002bfffff,H3,2025,15,4.4
88266d002bfffff,H3,2025,16,5.5
88266d002bfffff,H3,2025,17,7.0
88266d002bfffff,H3,2025,18,8.2
88266d002bfffff,H3,2025,19,8.8
88266d002bfffff,H3,2025,20,9.0
88266d002bfffff,H3,2025,21,8.8
88266d002bfffff,H3,2025,22,8.1
88266d002bfffff,H3,2025,23,7.0
88266d00e3fffff,H3,2025,0,2.5
88266d00e3fffff,H3,2025,1,2.2
88266d00e3fffff,H3,2025,2,1.9
88266d00e3fffff,H3,2025,3,1.7
88266d00e3fffff,H3,2025,4,1.6
88266d00e3fffff,H3,2025,5,1.4
88266d00e3fffff,H3,2025,6,1.2
88266d00e3fffff,H3,2025,7,1.0
88266d00e3fffff,H3,2025,8,0.9
88266d00e3fffff,H3,2025,9,0.9
88266d00e3fffff,H3,2025,10,0.9
88266d00e3fffff,H3,2025,11,1.1
88266d00e3fffff,H3,2025,12,1.2
88266d00e3fffff,H3,2025,13,1.4
88266d00e3fffff,H3,2025,14,1.6
88266d00e3fffff,H3,2025,15,1.8
88266d00e3fffff,H3,2025,16,2.3
88266d00e3fffff,H3,2025,17,3.0
88266d00e3fffff,H3,2025,18,3.4
88266d00e3fffff,H3,2025,19,3.6
88266d00e3fffff,H3,2025,20,3.8
88266d00e3fffff,H3,2025,21,3.6
88266d00e3fffff,H3,2025,22,3.4
88266d00e3fffff,H3,2025,23,3.0
88266d00ebfffff,H3,2025,0,30.8
88266d00ebfffff,H3,2025,1,26.9
88266d00ebfffff,H3,2025,2,23.5
88266d00ebfffff,H3,2025,3,21.2
88266d00ebfffff,H3,2025,4,19.2
88266d00ebfffff,H3,2025,5,17.4
88266d00ebfffff,H3,2025,6,15.5
88266d00ebfffff,H3,2025,7,12.3
88266d00ebfffff,H3,2025,8,10.3
88266d00ebfffff,H3,2025,9,9.9
88266d00ebfffff,H3,2025,10,10.7
88266d00ebfffff,H3,2025,11,12.3
88266d00ebfffff,H3,2025,12,14.1
88266d00ebfffff,H3,2025,13,15.7
88266d00ebfffff,H3,2025,14,17.6
88266d00ebfffff,H3,2025,15,20.7
88266d00ebfffff,H3,2025,16,25.8
88266d00ebfffff,H3,2025,17,33.9
88266d00ebfffff,H3,2025,18,39.8
88266d00ebfffff,H3,2025,19,42.7
88266d00ebfffff,H3,2025,20,44.7
88266d00ebfffff,H3,2025,21,43.8
88266d00ebfffff,H3,2025,22,40.7
88266d00ebfffff,H3,2025,23,36.2
88266d1115fffff,H3,2025,0,1.4
88266d1115fffff,H3,2025,1,1.1
88266d1115fffff,H3,2025,2,1.0
88266d1115fffff,H3,2025,3,0.9
88266d1115fffff,H3,2025,4,0.8
88266d1115fffff,H3,2025,5,0.8
88266d1115fffff,H3,2025,6,0.7
88266d1115fffff,H3,2025,7,0.7
88266d1115fffff,H3,2025,8,0.7
88266d1115fffff,H3,2025,9,0.7
88266d1115fffff,H3,2025,10,0.7
88266d1115fffff,H3,2025,11,0.8
88266d1115fffff,H3,2025,12,0.9
88266d1115fffff,H3,2025,13,1.0
88266d1115fffff,H3,2025,14,1.0
88266d1115fffff,H3,2025,15,1.2
88266d1115fffff,H3,2025,16,1.4
88266d1115fffff,H3,2025,17,1.8
88266d1115fffff,H3,2025,18,2.0
88266d1115fffff,H3,2025,19,2.2
88266d1115fffff,H3,2025,20,2.2
88266d1115fffff,H3,2025,21,2.0
88266d1115fffff,H3,2025,22,1.9
88266d1115fffff,H3,2025,23,1.7
88266d32d3fffff,H3,2025,0,2.8
88266d32d3fffff,H3,2025,1,2.5
88266d32d3fffff,H3,2025,2,2.2
88266d32d3fffff,H3,2025,3,1.9
88266d32d3fffff,H3,2025,4,1.7
88266d32d3fffff,H3,2025,5,1.6
88266d32d3fffff,H3,2025,6,1.4
88266d32d3fffff,H3,2025,7,1.1
88266d32d3fffff,H3,2025,8,0.9
88266d32d3fffff,H3,2025,9,0.9
88266d32d3fffff,H3,2025,10,1.0
88266d32d3fffff,H3,2025,11,1.1
88266d32d3fffff,H3,2025,12,1.2
88266d32d3fffff,H3,2025,13,1.5
88266d32d3fffff,H3,2025,14,1.6
88266d32d3fffff,H3,2025,15,1.9
88266d32d3fffff,H3,2025,16,2.4
88266d32d3fffff,H3,2025,17,3.1
88266d32d3fffff,H3,2025,18,3.6
88266d32d3fffff,H3,2025,19,3.9
88266d32d3fffff,H3,2025,20,4.1
88266d32d3fffff,H3,2025,21,4.0
88266d32d3fffff,H3,2025,22,3.8
88266d32d3fffff,H3,2025,23,3.3
88266d32ebfffff,H3,2025,0,1.2
88266d32ebfffff,H3,2025,1,1.0
88266d32ebfffff,H3,2025,2,0.9
88266d32ebfffff,H3,2025,3,0.8
88266d32ebfffff,H3,2025,4,0.8
88266d32ebfffff,H3,2025,5,0.7
88266d32ebfffff,H3,2025,6,0.6
88266d32ebfffff,H3,2025,7,0.5
88266d32ebfffff,H3,2025,8,0.5
88266d32ebfffff,H3,2025,9,0.3
88266d32ebfffff,H3,2025,10,0.5
88266d32ebfffff,H3,2025,11,0.5
88266d32ebfffff,H3,2025,12,0.6
88266d32ebfffff,H3,2025,13,0.6
88266d32ebfffff,H3,2025,14,0.7
88266d32ebfffff,H3,2025,15,0.8
88266d32ebfffff,H3,2025,16,1.0
88266d32ebfffff,H3,2025,17,1.4
88266d32ebfffff,H3,2025,18,1.6
88266d32ebfffff,H3,2025,19,1.7
88266d32ebfffff,H3,2025,20,1.8
88266d32ebfffff,H3,2025,21,1.7
88266d32ebfffff,H3,2025,22,1.6
88266d32ebfffff,H3,2025,23,1.5
88266d48b1fffff,H3,2025,0,1.1
88266d48b1fffff,H3,2025,1,1.0
88266d48b1fffff,H3,2025,2,0.9
88266d48b1fffff,H3,2025,3,0.8
88266d48b1fffff,H3,2025,4,0.7
88266d48b1fffff,H3,2025,5,0.7
88266d48b1fffff,H3,2025,6,0.6
88266d48b1fffff,H3,2025,7,0.5
88266d48b1fffff,H3,2025,8,0.5
88266d48b1fffff,H3,2025,9,0.5
88266d48b1fffff,H3,2025,10,0.5
88266d48b1fffff,H3,2025,11,0.6
88266d48b1fffff,H3,2025,12,0.6
88266d48b1fffff,H3,2025,13,0.7
88266d48b1fffff,H3,2025,14,0.8
88266d48b1fffff,H3,2025,15,0.9
88266d48b1fffff,H3,2025,16,1.1
88266d48b1fffff,H3,2025,17,1.4
88266d48b1fffff,H3,2025,18,1.6
88266d48b1fffff,H3,2025,19,1.7
88266d48b1fffff,H3,2025,20,1.8
88266d48b1fffff,H3,2025,21,1.7
88266d48b1fffff,H3,2025,22,1.6
88266d48b1fffff,H3,2025,23,1.4
88266da49bfffff,H3,2025,0,1.9
88266da49bfffff,H3,2025,1,1.7
88266da49bfffff,H3,2025,2,1.5
88266da49bfffff,H3,2025,3,1.4
88266da49bfffff,H3,2025,4,1.2
88266da49bfffff,H3,2025,5,1.1
88266da49bfffff,H3,2025,6,1.0
88266da49bfffff,H3,2025,7,0.8
88266da49bfffff,H3,2025,8,0.7
88266da49bfffff,H3,2025,9,0.7
88266da49bfffff,H3,2025,10,0.7
88266da49bfffff,H3,2025,11,0.8
88266da49bfffff,H3,2025,12,0.9
88266da49bfffff,H3,2025,13,1.0
88266da49bfffff,H3,2025,14,1.1
88266da49bfffff,H3,2025,15,1.4
88266da49bfffff,H3,2025,16,1.7
88266da49bfffff,H3,2025,17,2.3
88266da49bfffff,H3,2025,18,2.6
88266da49bfffff,H3,2025,19,2.7
88266da49bfffff,H3,2025,20,2.8
88266da49bfffff,H3,2025,21,2.8
88266da49bfffff,H3,2025,22,2.6
88266da49bfffff,H3,2025,23,2.3
88266dad03fffff,H3,2025,0,5.9
88266dad03fffff,H3,2025,0,0.1
88266dad03fffff,H3,2025,1,5.2
88266dad03fffff,H3,2025,1,0.1
88266dad03fffff,H3,2025,2,4.5
88266dad03fffff,H3,2025,2,0.0
88266dad03fffff,H3,2025,3,4.1
88266dad03fffff,H3,2025,3,0.0
88266dad03fffff,H3,2025,4,3.6
88266dad03fffff,H3,2025,4,0.0
88266dad03fffff,H3,2025,5,3.3
88266dad03fffff,H3,2025,5,0.0
88266dad03fffff,H3,2025,6,3.0
88266dad03fffff,H3,2025,6,0.0
88266dad03fffff,H3,2025,7,2.4
88266dad03fffff,H3,2025,7,0.0
88266dad03fffff,H3,2025,8,2.0
88266dad03fffff,H3,2025,8,0.0
88266dad03fffff,H3,2025,9,1.9
88266dad03fffff,H3,2025,9,0.0
88266dad03fffff,H3,2025,10,2.0
88266dad03fffff,H3,2025,10,0.0
88266dad03fffff,H3,2025,11,2.4
88266dad03fffff,H3,2025,11,0.0
88266dad03fffff,H3,2025,12,2.7
88266dad03fffff,H3,2025,12,0.0
88266dad03fffff,H3,2025,13,3.1
88266dad03fffff,H3,2025,13,0.0
88266dad03fffff,H3,2025,14,3.4
88266dad03fffff,H3,2025,14,0.0
88266dad03fffff,H3,2025,15,4.1
88266dad03fffff,H3,2025,15,0.0
88266dad03fffff,H3,2025,16,5.0
88266dad03fffff,H3,2025,16,0.1
88266dad03fffff,H3,2025,17,6.6
88266dad03fffff,H3,2025,17,0.1
88266dad03fffff,H3,2025,18,7.7
88266dad03fffff,H3,2025,18,0.1
88266dad03fffff,H3,2025,19,8.3
88266dad03fffff,H3,2025,19,0.1
88266dad03fffff,H3,2025,20,8.6
88266dad03fffff,H3,2025,20,0.1
88266dad03fffff,H3,2025,21,8.4
88266dad03fffff,H3,2025,21,0.1
88266dad03fffff,H3,2025,22,7.8
88266dad03fffff,H3,2025,22,0.1
88266dad03fffff,H3,2025,23,6.9
88266dad03fffff,H3,2025,23,0.1
88266dad0bfffff,H3,2025,0,2.2
88266dad0bfffff,H3,2025,1,1.9
88266dad0bfffff,H3,2025,2,1.7
88266dad0bfffff,H3,2025,3,1.5
88266dad0bfffff,H3,2025,4,1.4
88266dad0bfffff,H3,2025,5,1.2
88266dad0bfffff,H3,2025,6,1.1
88266dad0bfffff,H3,2025,7,0.9
88266dad0bfffff,H3,2025,8,0.8
88266dad0bfffff,H3,2025,9,0.7
88266dad0bfffff,H3,2025,10,0.8
88266dad0bfffff,H3,2025,11,0.9
88266dad0bfffff,H3,2025,12,1.0
88266dad0bfffff,H3,2025,13,1.1
88266dad0bfffff,H3,2025,14,1.2
88266dad0bfffff,H3,2025,15,1.5
88266dad0bfffff,H3,2025,16,1.8
88266dad0bfffff,H3,2025,17,2.4
88266dad0bfffff,H3,2025,18,2.8
88266dad0bfffff,H3,2025,19,3.1
88266dad0bfffff,H3,2025,20,3.2
88266dad0bfffff,H3,2025,21,3.2
88266dad0bfffff,H3,2025,22,3.0
88266dad0bfffff,H3,2025,23,2.6
88266dad11fffff,H3,2025,0,1.8
88266dad11fffff,H3,2025,1,1.6
88266dad11fffff,H3,2025,2,1.4
88266dad11fffff,H3,2025,3,1.2
88266dad11fffff,H3,2025,4,1.1
88266dad11fffff,H3,2025,5,1.0
88266dad11fffff,H3,2025,6,0.9
88266dad11fffff,H3,2025,7,0.7
88266dad11fffff,H3,2025,8,0.6
88266dad11fffff,H3,2025,9,0.6
88266dad11fffff,H3,2025,10,0.7
88266dad11fffff,H3,2025,11,0.7
88266dad11fffff,H3,2025,12,0.8
88266dad11fffff,H3,2025,13,0.9
88266dad11fffff,H3,2025,14,1.0
88266dad11fffff,H3,2025,15,1.2
88266dad11fffff,H3,2025,16,1.5
88266dad11fffff,H3,2025,17,1.9
88266dad11fffff,H3,2025,18,2.4
88266dad11fffff,H3,2025,19,2.6
88266dad11fffff,H3,2025,20,2.7
88266dad11fffff,H3,2025,21,2.7
88266dad11fffff,H3,2025,22,2.4
88266dad11fffff,H3,2025,23,2.2
88266daf2bfffff,H3,2025,0,7.2
88266daf2bfffff,H3,2025,1,6.2
88266daf2bfffff,H3,2025,2,5.5
88266daf2bfffff,H3,2025,3,4.9
88266daf2bfffff,H3,2025,4,4.4
88266daf2bfffff,H3,2025,5,4.0
88266daf2bfffff,H3,2025,6,3.5
88266daf2bfffff,H3,2025,7,2.8
88266daf2bfffff,H3,2025,8,2.5
88266daf2bfffff,H3,2025,9,2.4
88266daf2bfffff,H3,2025,10,2.6
88266daf2bfffff,H3,2025,11,3.0
88266daf2bfffff,H3,2025,12,3.4
88266daf2bfffff,H3,2025,13,3.9
88266daf2bfffff,H3,2025,14,4.2
88266daf2bfffff,H3,2025,15,5.0
88266daf2bfffff,H3,2025,16,6.1
88266daf2bfffff,H3,2025,17,8.1
88266daf2bfffff,H3,2025,18,9.5
88266daf2bfffff,H3,2025,19,10.3
88266daf2bfffff,H3,2025,20,10.8
88266daf2bfffff,H3,2025,21,10.5
88266daf2bfffff,H3,2025,22,9.7
88266daf2bfffff,H3,2025,23,8.5
88266eb925fffff,H3,2025,0,15.0
88266eb925fffff,H3,2025,1,13.2
88266eb925fffff,H3,2025,2,11.5
88266eb925fffff,H3,2025,3,10.2
88266eb925fffff,H3,2025,4,9.3
88266eb925fffff,H3,2025,5,8.4
88266eb925fffff,H3,2025,6,7.6
88266eb925fffff,H3,2025,7,6.1
88266eb925fffff,H3,2025,8,5.1
88266eb925fffff,H3,2025,9,5.0
88266eb925fffff,H3,2025,10,5.3
88266eb925fffff,H3,2025,11,6.1
88266eb925fffff,H3,2025,12,7.2
88266eb925fffff,H3,2025,13,8.0
88266eb925fffff,H3,2025,14,8.9
88266eb925fffff,H3,2025,15,10.5
88266eb925fffff,H3,2025,16,13.0
88266eb925fffff,H3,2025,17,16.9
88266eb925fffff,H3,2025,18,19.8
88266eb925fffff,H3,2025,19,21.2
88266eb925fffff,H3,2025,20,22.0
88266eb925fffff,H3,2025,21,21.5
88266eb925fffff,H3,2025,22,20.0
88266eb925fffff,H3,2025,23,17.7
88267085b1fffff,H3,2025,0,4.3
88267085b1fffff,H3,2025,1,3.8
88267085b1fffff,H3,2025,2,3.3
88267085b1fffff,H3,2025,3,3.0
88267085b1fffff,H3,2025,4,2.7
88267085b1fffff,H3,2025,5,2.4
88267085b1fffff,H3,2025,6,2.2
88267085b1fffff,H3,2025,7,1.7
88267085b1fffff,H3,2025,8,1.5
88267085b1fffff,H3,2025,9,1.4
88267085b1fffff,H3,2025,10,1.5
88267085b1fffff,H3,2025,11,1.7
88267085b1fffff,H3,2025,12,2.0
88267085b1fffff,H3,2025,13,2.3
88267085b1fffff,H3,2025,14,2.5
88267085b1fffff,H3,2025,15,3.0
88267085b1fffff,H3,2025,16,3.6
88267085b1fffff,H3,2025,17,4.8
88267085b1fffff,H3,2025,18,5.7
88267085b1fffff,H3,2025,19,6.0
88267085b1fffff,H3,2025,20,6.2
88267085b1fffff,H3,2025,21,6.1
88267085b1fffff,H3,2025,22,5.7
88267085b1fffff,H3,2025,23,5.1
8826745725fffff,H3,2025,0,2.0
8826745725fffff,H3,2025,1,1.8
8826745725fffff,H3,2025,2,1.6
8826745725fffff,H3,2025,3,1.5
8826745725fffff,H3,2025,4,1.2
8826745725fffff,H3,2025,5,1.1
8826745725fffff,H3,2025,6,1.0
8826745725fffff,H3,2025,7,0.8
8826745725fffff,H3,2025,8,0.7
8826745725fffff,H3,2025,9,0.7
8826745725fffff,H3,2025,10,0.7
8826745725fffff,H3,2025,11,0.8
8826745725fffff,H3,2025,12,0.9
8826745725fffff,H3,2025,13,1.0
8826745725fffff,H3,2025,14,1.2
8826745725fffff,H3,2025,15,1.4
8826745725fffff,H3,2025,16,1.8
8826745725fffff,H3,2025,17,2.3
8826745725fffff,H3,2025,18,2.7
8826745725fffff,H3,2025,19,3.0
8826745725fffff,H3,2025,20,3.1
8826745725fffff,H3,2025,21,3.0
8826745725fffff,H3,2025,22,2.7
8826745725fffff,H3,2025,23,2.5
88267471edfffff,H3,2025,0,4.2
88267471edfffff,H3,2025,1,3.6
88267471edfffff,H3,2025,2,3.2
88267471edfffff,H3,2025,3,2.8
88267471edfffff,H3,2025,4,2.6
88267471edfffff,H3,2025,5,2.4
88267471edfffff,H3,2025,6,2.0
88267471edfffff,H3,2025,7,1.7
88267471edfffff,H3,2025,8,1.4
88267471edfffff,H3,2025,9,1.4
88267471edfffff,H3,2025,10,1.5
88267471edfffff,H3,2025,11,1.7
88267471edfffff,H3,2025,12,1.9
88267471edfffff,H3,2025,13,2.2
88267471edfffff,H3,2025,14,2.4
88267471edfffff,H3,2025,15,2.8
88267471edfffff,H3,2025,16,3.5
88267471edfffff,H3,2025,17,4.7
88267471edfffff,H3,2025,18,5.5
88267471edfffff,H3,2025,19,5.9
88267471edfffff,H3,2025,20,6.1
88267471edfffff,H3,2025,21,5.9
88267471edfffff,H3,2025,22,5.6
88267471edfffff,H3,2025,23,4.9
882675cae7fffff,H3,2025,0,1.5
882675cae7fffff,H3,2025,1,1.2
882675cae7fffff,H3,2025,2,1.1
882675cae7fffff,H3,2025,3,1.0
882675cae7fffff,H3,2025,4,0.9
882675cae7fffff,H3,2025,5,0.8
882675cae7fffff,H3,2025,6,0.8
882675cae7fffff,H3,2025,7,0.6
882675cae7fffff,H3,2025,8,0.5
882675cae7fffff,H3,2025,9,0.5
882675cae7fffff,H3,2025,10,0.6
882675cae7fffff,H3,2025,11,0.6
882675cae7fffff,H3,2025,12,0.7
882675cae7fffff,H3,2025,13,0.8
882675cae7fffff,H3,2025,14,0.9
882675cae7fffff,H3,2025,15,1.0
882675cae7fffff,H3,2025,16,1.2
882675cae7fffff,H3,2025,17,1.6
882675cae7fffff,H3,2025,18,1.9
882675cae7fffff,H3,2025,19,2.0
882675cae7fffff,H3,2025,20,2.2
882675cae7fffff,H3,2025,21,2.2
882675cae7fffff,H3,2025,22,1.9
882675cae7fffff,H3,2025,23,1.7
882675d99bfffff,H3,2025,0,3.0
882675d99bfffff,H3,2025,1,2.6
882675d99bfffff,H3,2025,2,2.3
882675d99bfffff,H3,2025,3,2.0
882675d99bfffff,H3,2025,4,1.8
882675d99bfffff,H3,2025,5,1.7
882675d99bfffff,H3,2025,6,1.5
882675d99bfffff,H3,2025,7,1.2
882675d99bfffff,H3,2025,8,1.0
882675d99bfffff,H3,2025,9,1.0
882675d99bfffff,H3,2025,10,1.1
882675d99bfffff,H3,2025,11,1.2
882675d99bfffff,H3,2025,12,1.5
882675d99bfffff,H3,2025,13,1.6
882675d99bfffff,H3,2025,14,1.8
882675d99bfffff,H3,2025,15,2.2
882675d99bfffff,H3,2025,16,2.6
882675d99bfffff,H3,2025,17,3.4
882675d99bfffff,H3,2025,18,4.0
882675d99bfffff,H3,2025,19,4.3
882675d99bfffff,H3,2025,20,4.4
882675d99bfffff,H3,2025,21,4.3
882675d99bfffff,H3,2025,22,4.0
882675d99bfffff,H3,2025,23,3.5
88268004e9fffff,H3,2025,0,1.4
88268004e9fffff,H3,2025,1,1.2
88268004e9fffff,H3,2025,2,1.0
88268004e9fffff,H3,2025,3,1.0
88268004e9fffff,H3,2025,4,0.9
88268004e9fffff,H3,2025,5,0.8
88268004e9fffff,H3,2025,6,0.7
88268004e9fffff,H3,2025,7,0.6
88268004e9fffff,H3,2025,8,0.5
88268004e9fffff,H3,2025,9,0.5
88268004e9fffff,H3,2025,10,0.5
88268004e9fffff,H3,2025,11,0.6
88268004e9fffff,H3,2025,12,0.7
88268004e9fffff,H3,2025,13,0.8
88268004e9fffff,H3,2025,14,0.8
88268004e9fffff,H3,2025,15,1.0
88268004e9fffff,H3,2025,16,1.2
88268004e9fffff,H3,2025,17,1.6
88268004e9fffff,H3,2025,18,1.8
88268004e9fffff,H3,2025,19,2.0
88268004e9fffff,H3,2025,20,2.0
88268004e9fffff,H3,2025,21,2.0
88268004e9fffff,H3,2025,22,1.9
88268004e9fffff,H3,2025,23,1.7
8826813649fffff,H3,2025,0,3.8
8826813649fffff,H3,2025,1,3.3
8826813649fffff,H3,2025,2,2.8
8826813649fffff,H3,2025,3,2.6
8826813649fffff,H3,2025,4,2.4
8826813649fffff,H3,2025,5,2.2
8826813649fffff,H3,2025,6,1.9
8826813649fffff,H3,2025,7,1.6
8826813649fffff,H3,2025,8,1.2
8826813649fffff,H3,2025,9,1.2
8826813649fffff,H3,2025,10,1.4
8826813649fffff,H3,2025,11,1.6
8826813649fffff,H3,2025,12,1.8
8826813649fffff,H3,2025,13,1.9
8826813649fffff,H3,2025,14,2.2
8826813649fffff,H3,2025,15,2.6
8826813649fffff,H3,2025,16,3.3
8826813649fffff,H3,2025,17,4.2
8826813649fffff,H3,2025,18,5.0
8826813649fffff,H3,2025,19,5.3
8826813649fffff,H3,2025,20,5.6
8826813649fffff,H3,2025,21,5.5
8826813649fffff,H3,2025,22,5.0
8826813649fffff,H3,2025,23,4.4
8826818225fffff,H3,2025,0,5.2
8826818225fffff,H3,2025,1,4.7
8826818225fffff,H3,2025,2,4.0
8826818225fffff,H3,2025,3,3.6
8826818225fffff,H3,2025,4,3.3
8826818225fffff,H3,2025,5,3.0
8826818225fffff,H3,2025,6,2.6
8826818225fffff,H3,2025,7,2.2
8826818225fffff,H3,2025,8,1.8
8826818225fffff,H3,2025,9,1.7
8826818225fffff,H3,2025,10,1.8
8826818225fffff,H3,2025,11,2.2
8826818225fffff,H3,2025,12,2.4
8826818225fffff,H3,2025,13,2.7
8826818225fffff,H3,2025,14,3.1
8826818225fffff,H3,2025,15,3.5
8826818225fffff,H3,2025,16,4.4
8826818225fffff,H3,2025,17,5.8
8826818225fffff,H3,2025,18,6.8
8826818225fffff,H3,2025,19,7.4
8826818225fffff,H3,2025,20,7.7
8826818225fffff,H3,2025,21,7.5
8826818225fffff,H3,2025,22,7.0
8826818225fffff,H3,2025,23,6.2
882681a311fffff,H3,2025,0,5.1
882681a311fffff,H3,2025,1,4.4
882681a311fffff,H3,2025,2,3.9
882681a311fffff,H3,2025,3,3.5
882681a311fffff,H3,2025,4,3.2
882681a311fffff,H3,2025,5,2.8
882681a311fffff,H3,2025,6,2.5
882681a311fffff,H3,2025,7,2.0
882681a311fffff,H3,2025,8,1.8
882681a311fffff,H3,2025,9,1.7
882681a311fffff,H3,2025,10,1.8
882681a311fffff,H3,2025,11,2.2
882681a311fffff,H3,2025,12,2.4
882681a311fffff,H3,2025,13,2.7
882681a311fffff,H3,2025,14,3.1
882681a311fffff,H3,2025,15,3.5
882681a311fffff,H3,2025,16,4.4
882681a311fffff,H3,2025,17,5.7
882681a311fffff,H3,2025,18,6.7
882681a311fffff,H3,2025,19,7.2
882681a311fffff,H3,2025,20,7.5
882681a311fffff,H3,2025,21,7.3
882681a311fffff,H3,2025,22,6.8
882681a311fffff,H3,2025,23,6.0
882682cc59fffff,H3,2025,0,2.0
882682cc59fffff,H3,2025,1,1.8
882682cc59fffff,H3,2025,2,1.6
882682cc59fffff,H3,2025,3,1.4
882682cc59fffff,H3,2025,4,1.2
882682cc59fffff,H3,2025,5,1.1
882682cc59fffff,H3,2025,6,1.0
882682cc59fffff,H3,2025,7,0.8
882682cc59fffff,H3,2025,8,0.7
882682cc59fffff,H3,2025,9,0.7
882682cc59fffff,H3,2025,10,0.7
882682cc59fffff,H3,2025,11,0.8
882682cc59fffff,H3,2025,12,0.9
882682cc59fffff,H3,2025,13,1.0
882682cc59fffff,H3,2025,14,1.1
882682cc59fffff,H3,2025,15,1.4
882682cc59fffff,H3,2025,16,1.7
882682cc59fffff,H3,2025,17,2.3
882682cc59fffff,H3,2025,18,2.6
882682cc59fffff,H3,2025,19,2.8
882682cc59fffff,H3,2025,20,3.0
882682cc59fffff,H3,2025,21,3.0
882682cc59fffff,H3,2025,22,2.7
882682cc59fffff,H3,2025,23,2.4
8826831825fffff,H3,2025,0,1.7
8826831825fffff,H3,2025,1,1.5
8826831825fffff,H3,2025,2,1.2
8826831825fffff,H3,2025,3,1.1
8826831825fffff,H3,2025,4,1.0
8826831825fffff,H3,2025,5,0.9
8826831825fffff,H3,2025,6,0.9
8826831825fffff,H3,2025,7,0.7
8826831825fffff,H3,2025,8,0.6
8826831825fffff,H3,2025,9,0.6
8826831825fffff,H3,2025,10,0.6
8826831825fffff,H3,2025,11,0.7
8826831825fffff,H3,2025,12,0.8
8826831825fffff,H3,2025,13,0.9
8826831825fffff,H3,2025,14,1.0
8826831825fffff,H3,2025,15,1.1
8826831825fffff,H3,2025,16,1.5
8826831825fffff,H3,2025,17,1.9
8826831825fffff,H3,2025,18,2.3
8826831825fffff,H3,2025,19,2.4
8826831825fffff,H3,2025,20,2.5
8826831825fffff,H3,2025,21,2.4
8826831825fffff,H3,2025,22,2.3
8826831825fffff,H3,2025,23,2.0
8826852489fffff,H3,2025,0,7.8
8826852489fffff,H3,2025,1,6.8
8826852489fffff,H3,2025,2,6.0
8826852489fffff,H3,2025,3,5.3
8826852489fffff,H3,2025,4,4.9
8826852489fffff,H3,2025,5,4.4
8826852489fffff,H3,2025,6,4.0
8826852489fffff,H3,2025,7,3.2
8826852489fffff,H3,2025,8,2.6
8826852489fffff,H3,2025,9,2.5
8826852489fffff,H3,2025,10,2.7
8826852489fffff,H3,2025,11,3.2
8826852489fffff,H3,2025,12,3.6
8826852489fffff,H3,2025,13,4.1
8826852489fffff,H3,2025,14,4.5
8826852489fffff,H3,2025,15,5.3
8826852489fffff,H3,2025,16,6.7
8826852489fffff,H3,2025,17,8.8
8826852489fffff,H3,2025,18,10.2
8826852489fffff,H3,2025,19,11.0
8826852489fffff,H3,2025,20,11.5
8826852489fffff,H3,2025,21,11.1
8826852489fffff,H3,2025,22,10.3
8826852489fffff,H3,2025,23,9.2
88268588c1fffff,H3,2025,0,3.3
88268588c1fffff,H3,2025,1,2.8
88268588c1fffff,H3,2025,2,2.5
88268588c1fffff,H3,2025,3,2.3
88268588c1fffff,H3,2025,4,2.0
88268588c1fffff,H3,2025,5,1.8
88268588c1fffff,H3,2025,6,1.7
88268588c1fffff,H3,2025,7,1.4
88268588c1fffff,H3,2025,8,1.1
88268588c1fffff,H3,2025,9,1.1
88268588c1fffff,H3,2025,10,1.2
88268588c1fffff,H3,2025,11,1.4
88268588c1fffff,H3,2025,12,1.6
88268588c1fffff,H3,2025,13,1.8
88268588c1fffff,H3,2025,14,1.9
88268588c1fffff,H3,2025,15,2.3
88268588c1fffff,H3,2025,16,2.8
88268588c1fffff,H3,2025,17,3.8
88268588c1fffff,H3,2025,18,4.3
88268588c1fffff,H3,2025,19,4.7
88268588c1fffff,H3,2025,20,4.9
88268588c1fffff,H3,2025,21,4.8
88268588c1fffff,H3,2025,22,4.4
88268588c1fffff,H3,2025,23,3.9
882685b68bfffff,H3,2025,0,4.8
882685b68bfffff,H3,2025,1,4.2
882685b68bfffff,H3,2025,2,3.6
882685b68bfffff,H3,2025,3,3.3
882685b68bfffff,H3,2025,4,3.0
882685b68bfffff,H3,2025,5,2.7
882685b68bfffff,H3,2025,6,2.4
882685b68bfffff,H3,2025,7,1.9
882685b68bfffff,H3,2025,8,1.6
882685b68bfffff,H3,2025,9,1.6
882685b68bfffff,H3,2025,10,1.7
882685b68bfffff,H3,2025,11,1.9
882685b68bfffff,H3,2025,12,2.3
882685b68bfffff,H3,2025,13,2.5
882685b68bfffff,H3,2025,14,2.7
882685b68bfffff,H3,2025,15,3.3
882685b68bfffff,H3,2025,16,4.1
882685b68bfffff,H3,2025,17,5.3
882685b68bfffff,H3,2025,18,6.2
882685b68bfffff,H3,2025,19,6.7
882685b68bfffff,H3,2025,20,6.9
882685b68bfffff,H3,2025,21,6.8
882685b68bfffff,H3,2025,22,6.4
882685b68bfffff,H3,2025,23,5.7
882685b69dfffff,H3,2025,0,1.7
882685b69dfffff,H3,2025,1,1.5
882685b69dfffff,H3,2025,2,1.2
882685b69dfffff,H3,2025,3,1.1
882685b69dfffff,H3,2025,4,1.0
882685b69dfffff,H3,2025,5,0.9
882685b69dfffff,H3,2025,6,0.9
882685b69dfffff,H3,2025,7,0.7
882685b69dfffff,H3,2025,8,0.6
882685b69dfffff,H3,2025,9,0.6
882685b69dfffff,H3,2025,10,0.6
882685b69dfffff,H3,2025,11,0.7
882685b69dfffff,H3,2025,12,0.8
882685b69dfffff,H3,2025,13,0.9
882685b69dfffff,H3,2025,14,1.0
882685b69dfffff,H3,2025,15,1.1
882685b69dfffff,H3,2025,16,1.5
882685b69dfffff,H3,2025,17,1.8
882685b69dfffff,H3,2025,18,2.2
882685b69dfffff,H3,2025,19,2.4
882685b69dfffff,H3,2025,20,2.5
882685b69dfffff,H3,2025,21,2.4
882685b69dfffff,H3,2025,22,2.3
882685b69dfffff,H3,2025,23,2.0
882685b6d7fffff,H3,2025,0,1.4
882685b6d7fffff,H3,2025,1,1.1
882685b6d7fffff,H3,2025,2,1.0
882685b6d7fffff,H3,2025,3,0.9
882685b6d7fffff,H3,2025,4,0.8
882685b6d7fffff,H3,2025,5,0.8
882685b6d7fffff,H3,2025,6,0.7
882685b6d7fffff,H3,2025,7,0.6
882685b6d7fffff,H3,2025,8,0.5
882685b6d7fffff,H3,2025,9,0.5
882685b6d7fffff,H3,2025,10,0.5
882685b6d7fffff,H3,2025,11,0.6
882685b6d7fffff,H3,2025,12,0.6
882685b6d7fffff,H3,2025,13,0.7
882685b6d7fffff,H3,2025,14,0.8
882685b6d7fffff,H3,2025,15,0.9
882685b6d7fffff,H3,2025,16,1.1
882685b6d7fffff,H3,2025,17,1.5
882685b6d7fffff,H3,2025,18,1.7
882685b6d7fffff,H3,2025,19,1.8
882685b6d7fffff,H3,2025,20,1.9
882685b6d7fffff,H3,2025,21,1.9
882685b6d7fffff,H3,2025,22,1.8
882685b6d7fffff,H3,2025,23,1.6
882685b6e1fffff,H3,2025,0,4.9
882685b6e1fffff,H3,2025,1,4.2
882685b6e1fffff,H3,2025,2,3.6
882685b6e1fffff,H3,2025,3,3.3
882685b6e1fffff,H3,2025,4,3.0
882685b6e1fffff,H3,2025,5,2.7
882685b6e1fffff,H3,2025,6,2.4
882685b6e1fffff,H3,2025,7,1.9
882685b6e1fffff,H3,2025,8,1.7
882685b6e1fffff,H3,2025,9,1.6
882685b6e1fffff,H3,2025,10,1.7
882685b6e1fffff,H3,2025,11,2.0
882685b6e1fffff,H3,2025,12,2.3
882685b6e1fffff,H3,2025,13,2.6
882685b6e1fffff,H3,2025,14,2.8
882685b6e1fffff,H3,2025,15,3.4
882685b6e1fffff,H3,2025,16,4.2
882685b6e1fffff,H3,2025,17,5.5
882685b6e1fffff,H3,2025,18,6.4
882685b6e1fffff,H3,2025,19,6.8
882685b6e1fffff,H3,2025,20,7.2
882685b6e1fffff,H3,2025,21,6.9
882685b6e1fffff,H3,2025,22,6.5
882685b6e1fffff,H3,2025,23,5.7
882688108dfffff,H3,2025,0,1.4
882688108dfffff,H3,2025,1,1.2
882688108dfffff,H3,2025,2,1.0
882688108dfffff,H3,2025,3,0.9
882688108dfffff,H3,2025,4,0.9
882688108dfffff,H3,2025,5,0.8
882688108dfffff,H3,2025,6,0.7
882688108dfffff,H3,2025,7,0.6
882688108dfffff,H3,2025,8,0.5
882688108dfffff,H3,2025,9,0.5
882688108dfffff,H3,2025,10,0.5
882688108dfffff,H3,2025,11,0.6
882688108dfffff,H3,2025,12,0.7
882688108dfffff,H3,2025,13,0.8
882688108dfffff,H3,2025,14,0.8
882688108dfffff,H3,2025,15,1.0
882688108dfffff,H3,2025,16,1.2
882688108dfffff,H3,2025,17,1.6
882688108dfffff,H3,2025,18,1.8
882688108dfffff,H3,2025,19,2.0
882688108dfffff,H3,2025,20,2.0
882688108dfffff,H3,2025,21,2.0
882688108dfffff,H3,2025,22,1.8
882688108dfffff,H3,2025,23,1.7
8826881521fffff,H3,2025,0,9.7
8826881521fffff,H3,2025,1,8.5
8826881521fffff,H3,2025,2,7.4
8826881521fffff,H3,2025,3,6.6
8826881521fffff,H3,2025,4,6.0
8826881521fffff,H3,2025,5,5.5
8826881521fffff,H3,2025,6,4.9
8826881521fffff,H3,2025,7,4.0
8826881521fffff,H3,2025,8,3.3
8826881521fffff,H3,2025,9,3.2
8826881521fffff,H3,2025,10,3.4
8826881521fffff,H3,2025,11,4.0
8826881521fffff,H3,2025,12,4.5
8826881521fffff,H3,2025,13,5.1
8826881521fffff,H3,2025,14,5.7
8826881521fffff,H3,2025,15,6.7
8826881521fffff,H3,2025,16,8.4
8826881521fffff,H3,2025,17,10.9
8826881521fffff,H3,2025,18,12.7
8826881521fffff,H3,2025,19,13.8
8826881521fffff,H3,2025,20,14.2
8826881521fffff,H3,2025,21,13.9
8826881521fffff,H3,2025,22,12.8
8826881521fffff,H3,2025,23,11.5
882688c9c5fffff,H3,2025,0,3.6
882688c9c5fffff,H3,2025,1,3.2
882688c9c5fffff,H3,2025,2,2.7
882688c9c5fffff,H3,2025,3,2.5
882688c9c5fffff,H3,2025,4,2.3
882688c9c5fffff,H3,2025,5,2.0
882688c9c5fffff,H3,2025,6,1.8
882688c9c5fffff,H3,2025,7,1.5
882688c9c5fffff,H3,2025,8,1.2
882688c9c5fffff,H3,2025,9,1.1
882688c9c5fffff,H3,2025,10,1.2
882688c9c5fffff,H3,2025,11,1.5
882688c9c5fffff,H3,2025,12,1.7
882688c9c5fffff,H3,2025,13,1.9
882688c9c5fffff,H3,2025,14,2.2
882688c9c5fffff,H3,2025,15,2.5
882688c9c5fffff,H3,2025,16,3.1
882688c9c5fffff,H3,2025,17,4.1
882688c9c5fffff,H3,2025,18,4.8
882688c9c5fffff,H3,2025,19,5.1
882688c9c5fffff,H3,2025,20,5.3
882688c9c5fffff,H3,2025,21,5.2
882688c9c5fffff,H3,2025,22,4.8
882688c9c5fffff,H3,2025,23,4.3
882688cd47fffff,H3,2025,0,4.3
882688cd47fffff,H3,2025,1,3.8
882688cd47fffff,H3,2025,2,3.3
882688cd47fffff,H3,2025,3,3.0
882688cd47fffff,H3,2025,4,2.7
882688cd47fffff,H3,2025,5,2.4
882688cd47fffff,H3,2025,6,2.2
882688cd47fffff,H3,2025,7,1.7
882688cd47fffff,H3,2025,8,1.5
882688cd47fffff,H3,2025,9,1.4
882688cd47fffff,H3,2025,10,1.6
882688cd47fffff,H3,2025,11,1.8
882688cd47fffff,H3,2025,12,2.0
882688cd47fffff,H3,2025,13,2.3
882688cd47fffff,H3,2025,14,2.5
882688cd47fffff,H3,2025,15,3.0
882688cd47fffff,H3,2025,16,3.8
882688cd47fffff,H3,2025,17,4.9
882688cd47fffff,H3,2025,18,5.7
882688cd47fffff,H3,2025,19,6.0
882688cd47fffff,H3,2025,20,6.4
882688cd47fffff,H3,2025,21,6.1
882688cd47fffff,H3,2025,22,5.7
882688cd47fffff,H3,2025,23,5.1
882689d28bfffff,H3,2025,0,1.8
882689d28bfffff,H3,2025,1,1.6
882689d28bfffff,H3,2025,2,1.4
882689d28bfffff,H3,2025,3,1.2
882689d28bfffff,H3,2025,4,1.1
882689d28bfffff,H3,2025,5,1.0
882689d28bfffff,H3,2025,6,0.9
882689d28bfffff,H3,2025,7,0.7
882689d28bfffff,H3,2025,8,0.6
882689d28bfffff,H3,2025,9,0.6
882689d28bfffff,H3,2025,10,0.6
882689d28bfffff,H3,2025,11,0.7
882689d28bfffff,H3,2025,12,0.8
882689d28bfffff,H3,2025,13,0.9
882689d28bfffff,H3,2025,14,1.0
882689d28bfffff,H3,2025,15,1.2
882689d28bfffff,H3,2025,16,1.5
882689d28bfffff,H3,2025,17,1.9
882689d28bfffff,H3,2025,18,2.3
882689d28bfffff,H3,2025,19,2.5
882689d28bfffff,H3,2025,20,2.6
882689d28bfffff,H3,2025,21,2.5
882689d28bfffff,H3,2025,22,2.4
882689d28bfffff,H3,2025,23,2.0
88268a3953fffff,H3,2025,0,1.5
88268a3953fffff,H3,2025,1,1.2
88268a3953fffff,H3,2025,2,1.1
88268a3953fffff,H3,2025,3,1.0
88268a3953fffff,H3,2025,4,0.9
88268a3953fffff,H3,2025,5,0.8
88268a3953fffff,H3,2025,6,0.7
88268a3953fffff,H3,2025,7,0.6
88268a3953fffff,H3,2025,8,0.5
88268a3953fffff,H3,2025,9,0.5
88268a3953fffff,H3,2025,10,0.6
88268a3953fffff,H3,2025,11,0.6
88268a3953fffff,H3,2025,12,0.7
88268a3953fffff,H3,2025,13,0.8
88268a3953fffff,H3,2025,14,0.8
88268a3953fffff,H3,2025,15,1.0
88268a3953fffff,H3,2025,16,1.2
88268a3953fffff,H3,2025,17,1.6
88268a3953fffff,H3,2025,18,1.9
88268a3953fffff,H3,2025,19,2.0
88268a3953fffff,H3,2025,20,2.2
88268a3953fffff,H3,2025,21,2.0
88268a3953fffff,H3,2025,22,1.9
88268a3953fffff,H3,2025,23,1.7
88268a7259fffff,H3,2025,0,1.6
88268a7259fffff,H3,2025,1,1.4
88268a7259fffff,H3,2025,2,1.1
88268a7259fffff,H3,2025,3,1.0
88268a7259fffff,H3,2025,4,0.9
88268a7259fffff,H3,2025,5,0.9
88268a7259fffff,H3,2025,6,0.8
88268a7259fffff,H3,2025,7,0.6
88268a7259fffff,H3,2025,8,0.6
88268a7259fffff,H3,2025,9,0.5
88268a7259fffff,H3,2025,10,0.6
88268a7259fffff,H3,2025,11,0.6
88268a7259fffff,H3,2025,12,0.7
88268a7259fffff,H3,2025,13,0.8
88268a7259fffff,H3,2025,14,0.9
88268a7259fffff,H3,2025,15,1.0
88268a7259fffff,H3,2025,16,1.2
88268a7259fffff,H3,2025,17,1.7
88268a7259fffff,H3,2025,18,2.0
88268a7259fffff,H3,2025,19,2.2
88268a7259fffff,H3,2025,20,2.3
88268a7259fffff,H3,2025,21,2.2
88268a7259fffff,H3,2025,22,2.0
88268a7259fffff,H3,2025,23,1.8
88268c61b3fffff,H3,2025,0,1.4
88268c61b3fffff,H3,2025,1,1.1
88268c61b3fffff,H3,2025,2,1.0
88268c61b3fffff,H3,2025,3,0.9
88268c61b3fffff,H3,2025,4,0.8
88268c61b3fffff,H3,2025,5,0.8
88268c61b3fffff,H3,2025,6,0.7
88268c61b3fffff,H3,2025,7,0.6
88268c61b3fffff,H3,2025,8,0.5
88268c61b3fffff,H3,2025,9,0.5
88268c61b3fffff,H3,2025,10,0.6
88268c61b3fffff,H3,2025,11,0.6
88268c61b3fffff,H3,2025,12,0.7
88268c61b3fffff,H3,2025,13,0.8
88268c61b3fffff,H3,2025,14,0.8
88268c61b3fffff,H3,2025,15,1.0
88268c61b3fffff,H3,2025,16,1.2
88268c61b3fffff,H3,2025,17,1.6
88268c61b3fffff,H3,2025,18,1.8
88268c61b3fffff,H3,2025,19,1.9
88268c61b3fffff,H3,2025,20,2.0
88268c61b3fffff,H3,2025,21,1.9
88268c61b3fffff,H3,2025,22,1.8
88268c61b3fffff,H3,2025,23,1.6
88268c6329fffff,H3,2025,0,2.8
88268c6329fffff,H3,2025,1,2.5
88268c6329fffff,H3,2025,2,2.2
88268c6329fffff,H3,2025,3,1.9
88268c6329fffff,H3,2025,4,1.7
88268c6329fffff,H3,2025,5,1.6
88268c6329fffff,H3,2025,6,1.4
88268c6329fffff,H3,2025,7,1.1
88268c6329fffff,H3,2025,8,0.9
88268c6329fffff,H3,2025,9,0.9
88268c6329fffff,H3,2025,10,1.0
88268c6329fffff,H3,2025,11,1.1
88268c6329fffff,H3,2025,12,1.4
88268c6329fffff,H3,2025,13,1.5
88268c6329fffff,H3,2025,14,1.7
88268c6329fffff,H3,2025,15,1.9
88268c6329fffff,H3,2025,16,2.4
88268c6329fffff,H3,2025,17,3.2
88268c6329fffff,H3,2025,18,3.9
88268c6329fffff,H3,2025,19,4.3
88268c6329fffff,H3,2025,20,4.5
88268c6329fffff,H3,2025,21,4.4
88268c6329fffff,H3,2025,22,4.0
88268c6329fffff,H3,2025,23,3.4
88268c6c17fffff,H3,2025,0,23.2
88268c6c17fffff,H3,2025,1,20.1
88268c6c17fffff,H3,2025,2,17.4
88268c6c17fffff,H3,2025,3,15.6
88268c6c17fffff,H3,2025,4,14.1
88268c6c17fffff,H3,2025,5,13.0
88268c6c17fffff,H3,2025,6,11.9
88268c6c17fffff,H3,2025,7,10.0
88268c6c17fffff,H3,2025,8,8.8
88268c6c17fffff,H3,2025,9,8.4
88268c6c17fffff,H3,2025,10,9.2
88268c6c17fffff,H3,2025,11,10.5
88268c6c17fffff,H3,2025,12,12.2
88268c6c17fffff,H3,2025,13,13.6
88268c6c17fffff,H3,2025,14,14.9
88268c6c17fffff,H3,2025,15,17.6
88268c6c17fffff,H3,2025,16,21.9
88268c6c17fffff,H3,2025,17,28.2
88268c6c17fffff,H3,2025,18,32.5
88268c6c17fffff,H3,2025,19,34.4
88268c6c17fffff,H3,2025,20,35.5
88268c6c17fffff,H3,2025,21,34.2
88268c6c17fffff,H3,2025,22,31.5
88268c6c17fffff,H3,2025,23,27.6
88268cc031fffff,H3,2025,0,2.5
88268cc031fffff,H3,2025,1,2.2
88268cc031fffff,H3,2025,2,1.8
88268cc031fffff,H3,2025,3,1.7
88268cc031fffff,H3,2025,4,1.6
88268cc031fffff,H3,2025,5,1.4
88268cc031fffff,H3,2025,6,1.2
88268cc031fffff,H3,2025,7,1.0
88268cc031fffff,H3,2025,8,0.8
88268cc031fffff,H3,2025,9,0.8
88268cc031fffff,H3,2025,10,0.9
88268cc031fffff,H3,2025,11,1.0
88268cc031fffff,H3,2025,12,1.1
88268cc031fffff,H3,2025,13,1.2
88268cc031fffff,H3,2025,14,1.4
88268cc031fffff,H3,2025,15,1.6
88268cc031fffff,H3,2025,16,2.0
88268cc031fffff,H3,2025,17,2.7
88268cc031fffff,H3,2025,18,3.2
88268cc031fffff,H3,2025,19,3.4
88268cc031fffff,H3,2025,20,3.5
88268cc031fffff,H3,2025,21,3.5
88268cc031fffff,H3,2025,22,3.3
88268cc031fffff,H3,2025,23,2.8
88268ccb13fffff,H3,2025,0,3.8
88268ccb13fffff,H3,2025,1,3.3
88268ccb13fffff,H3,2025,2,2.8
88268ccb13fffff,H3,2025,3,2.6
88268ccb13fffff,H3,2025,4,2.3
88268ccb13fffff,H3,2025,5,2.2
88268ccb13fffff,H3,2025,6,1.9
88268ccb13fffff,H3,2025,7,1.5
88268ccb13fffff,H3,2025,8,1.2
88268ccb13fffff,H3,2025,9,1.2
88268ccb13fffff,H3,2025,10,1.4
88268ccb13fffff,H3,2025,11,1.5
88268ccb13fffff,H3,2025,12,1.7
88268ccb13fffff,H3,2025,13,1.9
88268ccb13fffff,H3,2025,14,2.2
88268ccb13fffff,H3,2025,15,2.6
88268ccb13fffff,H3,2025,16,3.2
88268ccb13fffff,H3,2025,17,4.2
88268ccb13fffff,H3,2025,18,4.9
88268ccb13fffff,H3,2025,19,5.2
88268ccb13fffff,H3,2025,20,5.5
88268ccb13fffff,H3,2025,21,5.3
88268ccb13fffff,H3,2025,22,5.0
88268ccb13fffff,H3,2025,23,4.4
88268cd065fffff,H3,2025,0,18.6
88268cd065fffff,H3,2025,1,16.4
88268cd065fffff,H3,2025,2,14.2
88268cd065fffff,H3,2025,3,12.8
88268cd065fffff,H3,2025,4,11.6
88268cd065fffff,H3,2025,5,10.6
88268cd065fffff,H3,2025,6,9.3
88268cd065fffff,H3,2025,7,7.5
88268cd065fffff,H3,2025,8,6.2
88268cd065fffff,H3,2025,9,6.0
88268cd065fffff,H3,2025,10,6.6
88268cd065fffff,H3,2025,11,7.5
88268cd065fffff,H3,2025,12,8.6
88268cd065fffff,H3,2025,13,9.7
88268cd065fffff,H3,2025,14,10.8
88268cd065fffff,H3,2025,15,12.7
88268cd065fffff,H3,2025,16,15.8
88268cd065fffff,H3,2025,17,20.7
88268cd065fffff,H3,2025,18,24.3
88268cd065fffff,H3,2025,19,26.0
88268cd065fffff,H3,2025,20,27.2
88268cd065fffff,H3,2025,21,26.6
88268cd065fffff,H3,2025,22,24.7
88268cd065fffff,H3,2025,23,22.0
88268cd087fffff,H3,2025,0,3.9
88268cd087fffff,H3,2025,1,3.4
88268cd087fffff,H3,2025,2,3.0
88268cd087fffff,H3,2025,3,2.6
88268cd087fffff,H3,2025,4,2.4
88268cd087fffff,H3,2025,5,2.2
88268cd087fffff,H3,2025,6,1.9
88268cd087fffff,H3,2025,7,1.6
88268cd087fffff,H3,2025,8,1.2
88268cd087fffff,H3,2025,9,1.2
88268cd087fffff,H3,2025,10,1.4
88268cd087fffff,H3,2025,11,1.6
88268cd087fffff,H3,2025,12,1.8
88268cd087fffff,H3,2025,13,2.0
88268cd087fffff,H3,2025,14,2.3
88268cd087fffff,H3,2025,15,2.6
88268cd087fffff,H3,2025,16,3.3
88268cd087fffff,H3,2025,17,4.3
88268cd087fffff,H3,2025,18,5.1
88268cd087fffff,H3,2025,19,5.5
88268cd087fffff,H3,2025,20,5.7
88268cd087fffff,H3,2025,21,5.6
88268cd087fffff,H3,2025,22,5.1
88268cd087fffff,H3,2025,23,4.5
88268cd09dfffff,H3,2025,0,2.3
88268cd09dfffff,H3,2025,1,2.0
88268cd09dfffff,H3,2025,2,1.7
88268cd09dfffff,H3,2025,3,1.6
88268cd09dfffff,H3,2025,4,1.5
88268cd09dfffff,H3,2025,5,1.2
88268cd09dfffff,H3,2025,6,1.1
88268cd09dfffff,H3,2025,7,0.9
88268cd09dfffff,H3,2025,8,0.8
88268cd09dfffff,H3,2025,9,0.8
88268cd09dfffff,H3,2025,10,0.8
88268cd09dfffff,H3,2025,11,0.9
88268cd09dfffff,H3,2025,12,1.0
88268cd09dfffff,H3,2025,13,1.1
88268cd09dfffff,H3,2025,14,1.4
88268cd09dfffff,H3,2025,15,1.6
88268cd09dfffff,H3,2025,16,1.9
88268cd09dfffff,H3,2025,17,2.5
88268cd09dfffff,H3,2025,18,3.0
88268cd09dfffff,H3,2025,19,3.2
88268cd09dfffff,H3,2025,20,3.3
88268cd09dfffff,H3,2025,21,3.3
88268cd09dfffff,H3,2025,22,3.1
88268cd09dfffff,H3,2025,23,2.7
88268cd0b3fffff,H3,2025,0,8.3
88268cd0b3fffff,H3,2025,1,7.3
88268cd0b3fffff,H3,2025,2,6.4
88268cd0b3fffff,H3,2025,3,5.7
88268cd0b3fffff,H3,2025,4,5.1
88268cd0b3fffff,H3,2025,5,4.7
88268cd0b3fffff,H3,2025,6,4.1
88268cd0b3fffff,H3,2025,7,3.3
88268cd0b3fffff,H3,2025,8,2.8
88268cd0b3fffff,H3,2025,9,2.7
88268cd0b3fffff,H3,2025,10,3.0
88268cd0b3fffff,H3,2025,11,3.3
88268cd0b3fffff,H3,2025,12,3.9
88268cd0b3fffff,H3,2025,13,4.3
88268cd0b3fffff,H3,2025,14,4.8
88268cd0b3fffff,H3,2025,15,5.7
88268cd0b3fffff,H3,2025,16,7.0
88268cd0b3fffff,H3,2025,17,9.2
88268cd0b3fffff,H3,2025,18,10.8
88268cd0b3fffff,H3,2025,19,11.6
88268cd0b3fffff,H3,2025,20,12.0
88268cd0b3fffff,H3,2025,21,11.8
88268cd0b3fffff,H3,2025,22,11.0
88268cd0b3fffff,H3,2025,23,9.8
88268cd16bfffff,H3,2025,0,55.3
88268cd16bfffff,H3,2025,1,48.5
88268cd16bfffff,H3,2025,2,42.4
88268cd16bfffff,H3,2025,3,38.2
88268cd16bfffff,H3,2025,4,34.5
88268cd16bfffff,H3,2025,5,31.4
88268cd16bfffff,H3,2025,6,27.7
88268cd16bfffff,H3,2025,7,22.0
88268cd16bfffff,H3,2025,8,18.5
88268cd16bfffff,H3,2025,9,17.8
88268cd16bfffff,H3,2025,10,19.3
88268cd16bfffff,H3,2025,11,22.0
88268cd16bfffff,H3,2025,12,25.5
88268cd16bfffff,H3,2025,13,28.3
88268cd16bfffff,H3,2025,14,31.8
88268cd16bfffff,H3,2025,15,37.4
88268cd16bfffff,H3,2025,16,46.5
88268cd16bfffff,H3,2025,17,61.0
88268cd16bfffff,H3,2025,18,71.6
88268cd16bfffff,H3,2025,19,77.0
88268cd16bfffff,H3,2025,20,80.5
88268cd16bfffff,H3,2025,21,78.8
88268cd16bfffff,H3,2025,22,73.2
88268cd16bfffff,H3,2025,23,65.2
88268cd1a1fffff,H3,2025,0,4.4
88268cd1a1fffff,H3,2025,1,3.9
88268cd1a1fffff,H3,2025,2,3.4
88268cd1a1fffff,H3,2025,3,3.1
88268cd1a1fffff,H3,2025,4,2.7
88268cd1a1fffff,H3,2025,5,2.5
88268cd1a1fffff,H3,2025,6,2.2
88268cd1a1fffff,H3,2025,7,1.8
88268cd1a1fffff,H3,2025,8,1.5
88268cd1a1fffff,H3,2025,9,1.5
88268cd1a1fffff,H3,2025,10,1.6
88268cd1a1fffff,H3,2025,11,1.8
88268cd1a1fffff,H3,2025,12,2.0
88268cd1a1fffff,H3,2025,13,2.3
88268cd1a1fffff,H3,2025,14,2.5
88268cd1a1fffff,H3,2025,15,3.0
88268cd1a1fffff,H3,2025,16,3.8
88268cd1a1fffff,H3,2025,17,4.9
88268cd1a1fffff,H3,2025,18,5.8
88268cd1a1fffff,H3,2025,19,6.2
88268cd1a1fffff,H3,2025,20,6.5
88268cd1a1fffff,H3,2025,21,6.4
88268cd1a1fffff,H3,2025,22,5.9
88268cd1a1fffff,H3,2025,23,5.2
88268cd867fffff,H3,2025,0,4.0
88268cd867fffff,H3,2025,1,3.5
88268cd867fffff,H3,2025,2,3.1
88268cd867fffff,H3,2025,3,2.7
88268cd867fffff,H3,2025,4,2.5
88268cd867fffff,H3,2025,5,2.3
88268cd867fffff,H3,2025,6,2.0
88268cd867fffff,H3,2025,7,1.6
88268cd867fffff,H3,2025,8,1.4
88268cd867fffff,H3,2025,9,1.2
88268cd867fffff,H3,2025,10,1.4
88268cd867fffff,H3,2025,11,1.6
88268cd867fffff,H3,2025,12,1.8
88268cd867fffff,H3,2025,13,2.0
88268cd867fffff,H3,2025,14,2.3
88268cd867fffff,H3,2025,15,2.7
88268cd867fffff,H3,2025,16,3.3
88268cd867fffff,H3,2025,17,4.4
88268cd867fffff,H3,2025,18,5.1
88268cd867fffff,H3,2025,19,5.6
88268cd867fffff,H3,2025,20,5.8
88268cd867fffff,H3,2025,21,5.7
88268cd867fffff,H3,2025,22,5.2
88268cd867fffff,H3,2025,23,4.7
88268cd8ddfffff,H3,2025,0,2.7
88268cd8ddfffff,H3,2025,1,2.4
88268cd8ddfffff,H3,2025,2,2.2
88268cd8ddfffff,H3,2025,3,1.9
88268cd8ddfffff,H3,2025,4,1.7
88268cd8ddfffff,H3,2025,5,1.6
88268cd8ddfffff,H3,2025,6,1.4
88268cd8ddfffff,H3,2025,7,1.1
88268cd8ddfffff,H3,2025,8,0.9
88268cd8ddfffff,H3,2025,9,0.9
88268cd8ddfffff,H3,2025,10,0.9
88268cd8ddfffff,H3,2025,11,1.1
88268cd8ddfffff,H3,2025,12,1.2
88268cd8ddfffff,H3,2025,13,1.4
88268cd8ddfffff,H3,2025,14,1.6
88268cd8ddfffff,H3,2025,15,1.8
88268cd8ddfffff,H3,2025,16,2.3
88268cd8ddfffff,H3,2025,17,3.1
88268cd8ddfffff,H3,2025,18,3.6
88268cd8ddfffff,H3,2025,19,3.9
88268cd8ddfffff,H3,2025,20,4.0
88268cd8ddfffff,H3,2025,21,4.0
88268cd8ddfffff,H3,2025,22,3.6
88268cd8ddfffff,H3,2025,23,3.3
88268cd911fffff,H3,2025,0,5.1
88268cd911fffff,H3,2025,1,4.4
88268cd911fffff,H3,2025,2,3.9
88268cd911fffff,H3,2025,3,3.5
88268cd911fffff,H3,2025,4,3.2
88268cd911fffff,H3,2025,5,2.8
88268cd911fffff,H3,2025,6,2.5
88268cd911fffff,H3,2025,7,2.0
88268cd911fffff,H3,2025,8,1.7
88268cd911fffff,H3,2025,9,1.7
88268cd911fffff,H3,2025,10,1.8
88268cd911fffff,H3,2025,11,2.0
88268cd911fffff,H3,2025,12,2.4
88268cd911fffff,H3,2025,13,2.6
88268cd911fffff,H3,2025,14,3.0
88268cd911fffff,H3,2025,15,3.5
88268cd911fffff,H3,2025,16,4.3
88268cd911fffff,H3,2025,17,5.7
88268cd911fffff,H3,2025,18,6.6
88268cd911fffff,H3,2025,19,7.2
88268cd911fffff,H3,2025,20,7.4
88268cd911fffff,H3,2025,21,7.3
88268cd911fffff,H3,2025,22,6.7
88268cd911fffff,H3,2025,23,6.0
88268cd913fffff,H3,2025,0,2.4
88268cd913fffff,H3,2025,1,2.0
88268cd913fffff,H3,2025,2,1.8
88268cd913fffff,H3,2025,3,1.6
88268cd913fffff,H3,2025,4,1.5
88268cd913fffff,H3,2025,5,1.4
88268cd913fffff,H3,2025,6,1.1
88268cd913fffff,H3,2025,7,0.9
88268cd913fffff,H3,2025,8,0.8
88268cd913fffff,H3,2025,9,0.8
88268cd913fffff,H3,2025,10,0.8
88268cd913fffff,H3,2025,11,0.9
88268cd913fffff,H3,2025,12,1.0
88268cd913fffff,H3,2025,13,1.2
88268cd913fffff,H3,2025,14,1.4
88268cd913fffff,H3,2025,15,1.6
88268cd913fffff,H3,2025,16,1.9
88268cd913fffff,H3,2025,17,2.6
88268cd913fffff,H3,2025,18,3.1
88268cd913fffff,H3,2025,19,3.3
88268cd913fffff,H3,2025,20,3.4
88268cd913fffff,H3,2025,21,3.3
88268cd913fffff,H3,2025,22,3.1
88268cd913fffff,H3,2025,23,2.7
88268cd939fffff,H3,2025,0,3.8
88268cd939fffff,H3,2025,1,3.3
88268cd939fffff,H3,2025,2,2.8
88268cd939fffff,H3,2025,3,2.6
88268cd939fffff,H3,2025,4,2.4
88268cd939fffff,H3,2025,5,2.2
88268cd939fffff,H3,2025,6,1.9
88268cd939fffff,H3,2025,7,1.5
88268cd939fffff,H3,2025,8,1.2
88268cd939fffff,H3,2025,9,1.2
88268cd939fffff,H3,2025,10,1.2
88268cd939fffff,H3,2025,11,1.5
88268cd939fffff,H3,2025,12,1.7
88268cd939fffff,H3,2025,13,1.9
88268cd939fffff,H3,2025,14,2.2
88268cd939fffff,H3,2025,15,2.5
88268cd939fffff,H3,2025,16,3.2
88268cd939fffff,H3,2025,17,4.1
88268cd939fffff,H3,2025,18,4.9
88268cd939fffff,H3,2025,19,5.2
88268cd939fffff,H3,2025,20,5.5
88268cd939fffff,H3,2025,21,5.3
88268cd939fffff,H3,2025,22,5.0
88268cd939fffff,H3,2025,23,4.4
88268cda89fffff,H3,2025,0,5.1
88268cda89fffff,H3,2025,1,4.5
88268cda89fffff,H3,2025,2,4.0
88268cda89fffff,H3,2025,3,3.5
88268cda89fffff,H3,2025,4,3.2
88268cda89fffff,H3,2025,5,2.8
88268cda89fffff,H3,2025,6,2.6
88268cda89fffff,H3,2025,7,2.0
88268cda89fffff,H3,2025,8,1.7
88268cda89fffff,H3,2025,9,1.7
88268cda89fffff,H3,2025,10,1.8
88268cda89fffff,H3,2025,11,2.0
88268cda89fffff,H3,2025,12,2.4
88268cda89fffff,H3,2025,13,2.6
88268cda89fffff,H3,2025,14,3.0
88268cda89fffff,H3,2025,15,3.5
88268cda89fffff,H3,2025,16,4.3
88268cda89fffff,H3,2025,17,5.7
88268cda89fffff,H3,2025,18,6.7
88268cda89fffff,H3,2025,19,7.2
88268cda89fffff,H3,2025,20,7.5
88268cda89fffff,H3,2025,21,7.3
88268cda89fffff,H3,2025,22,6.8
88268cda89fffff,H3,2025,23,6.0
88268cda8dfffff,H3,2025,0,2.7
88268cda8dfffff,H3,2025,1,2.4
88268cda8dfffff,H3,2025,2,2.2
88268cda8dfffff,H3,2025,3,1.9
88268cda8dfffff,H3,2025,4,1.7
88268cda8dfffff,H3,2025,5,1.6
88268cda8dfffff,H3,2025,6,1.4
88268cda8dfffff,H3,2025,7,1.1
88268cda8dfffff,H3,2025,8,0.9
88268cda8dfffff,H3,2025,9,0.9
88268cda8dfffff,H3,2025,10,0.9
88268cda8dfffff,H3,2025,11,1.1
88268cda8dfffff,H3,2025,12,1.2
88268cda8dfffff,H3,2025,13,1.4
88268cda8dfffff,H3,2025,14,1.6
88268cda8dfffff,H3,2025,15,1.8
88268cda8dfffff,H3,2025,16,2.3
88268cda8dfffff,H3,2025,17,3.1
88268cda8dfffff,H3,2025,18,3.6
88268cda8dfffff,H3,2025,19,3.9
88268cda8dfffff,H3,2025,20,4.0
88268cda8dfffff,H3,2025,21,4.0
88268cda8dfffff,H3,2025,22,3.6
88268cda8dfffff,H3,2025,23,3.3
88268e7543fffff,H3,2025,0,1.4
88268e7543fffff,H3,2025,1,1.2
88268e7543fffff,H3,2025,2,1.0
88268e7543fffff,H3,2025,3,0.9
88268e7543fffff,H3,2025,4,0.8
88268e7543fffff,H3,2025,5,0.8
88268e7543fffff,H3,2025,6,0.7
88268e7543fffff,H3,2025,7,0.6
88268e7543fffff,H3,2025,8,0.5
88268e7543fffff,H3,2025,9,0.5
88268e7543fffff,H3,2025,10,0.5
88268e7543fffff,H3,2025,11,0.6
88268e7543fffff,H3,2025,12,0.7
88268e7543fffff,H3,2025,13,0.7
88268e7543fffff,H3,2025,14,0.8
88268e7543fffff,H3,2025,15,0.9
88268e7543fffff,H3,2025,16,1.2
88268e7543fffff,H3,2025,17,1.6
88268e7543fffff,H3,2025,18,1.8
88268e7543fffff,H3,2025,19,1.9
88268e7543fffff,H3,2025,20,2.0
88268e7543fffff,H3,2025,21,1.9
88268e7543fffff,H3,2025,22,1.8
88268e7543fffff,H3,2025,23,1.6
8826905a69fffff,H3,2025,0,3.3
8826905a69fffff,H3,2025,1,2.8
8826905a69fffff,H3,2025,2,2.5
8826905a69fffff,H3,2025,3,2.3
8826905a69fffff,H3,2025,4,2.0
8826905a69fffff,H3,2025,5,1.8
8826905a69fffff,H3,2025,6,1.6
8826905a69fffff,H3,2025,7,1.2
8826905a69fffff,H3,2025,8,1.1
8826905a69fffff,H3,2025,9,1.0
8826905a69fffff,H3,2025,10,1.1
8826905a69fffff,H3,2025,11,1.2
8826905a69fffff,H3,2025,12,1.5
8826905a69fffff,H3,2025,13,1.7
8826905a69fffff,H3,2025,14,1.9
8826905a69fffff,H3,2025,15,2.2
8826905a69fffff,H3,2025,16,2.7
8826905a69fffff,H3,2025,17,3.6
8826905a69fffff,H3,2025,18,4.2
8826905a69fffff,H3,2025,19,4.5
8826905a69fffff,H3,2025,20,4.8
8826905a69fffff,H3,2025,21,4.7
8826905a69fffff,H3,2025,22,4.3
8826905a69fffff,H3,2025,23,3.9
882693902dfffff,H3,2025,0,1.4
882693902dfffff,H3,2025,1,1.1
882693902dfffff,H3,2025,2,1.0
882693902dfffff,H3,2025,3,0.9
882693902dfffff,H3,2025,4,0.8
882693902dfffff,H3,2025,5,0.8
882693902dfffff,H3,2025,6,0.7
882693902dfffff,H3,2025,7,0.6
882693902dfffff,H3,2025,8,0.5
882693902dfffff,H3,2025,9,0.5
882693902dfffff,H3,2025,10,0.6
882693902dfffff,H3,2025,11,0.6
882693902dfffff,H3,2025,12,0.7
882693902dfffff,H3,2025,13,0.8
882693902dfffff,H3,2025,14,0.8
882693902dfffff,H3,2025,15,1.0
882693902dfffff,H3,2025,16,1.2
882693902dfffff,H3,2025,17,1.6
882693902dfffff,H3,2025,18,1.8
882693902dfffff,H3,2025,19,1.9
882693902dfffff,H3,2025,20,2.0
882693902dfffff,H3,2025,21,1.9
882693902dfffff,H3,2025,22,1.8
882693902dfffff,H3,2025,23,1.6
882693cb61fffff,H3,2025,0,1.2
882693cb61fffff,H3,2025,1,1.0
882693cb61fffff,H3,2025,2,0.9
882693cb61fffff,H3,2025,3,0.8
882693cb61fffff,H3,2025,4,0.8
882693cb61fffff,H3,2025,5,0.7
882693cb61fffff,H3,2025,6,0.7
882693cb61fffff,H3,2025,7,0.6
882693cb61fffff,H3,2025,8,0.5
882693cb61fffff,H3,2025,9,0.5
882693cb61fffff,H3,2025,10,0.5
882693cb61fffff,H3,2025,11,0.6
882693cb61fffff,H3,2025,12,0.6
882693cb61fffff,H3,2025,13,0.7
882693cb61fffff,H3,2025,14,0.8
882693cb61fffff,H3,2025,15,0.9
882693cb61fffff,H3,2025,16,1.1
882693cb61fffff,H3,2025,17,1.5
882693cb61fffff,H3,2025,18,1.7
882693cb61fffff,H3,2025,19,1.8
882693cb61fffff,H3,2025,20,1.8
882693cb61fffff,H3,2025,21,1.8
882693cb61fffff,H3,2025,22,1.7
882693cb61fffff,H3,2025,23,1.5
8826950c91fffff,H3,2025,0,7.6
8826950c91fffff,H3,2025,1,6.7
8826950c91fffff,H3,2025,2,5.8
8826950c91fffff,H3,2025,3,5.2
8826950c91fffff,H3,2025,4,4.8
8826950c91fffff,H3,2025,5,4.3
8826950c91fffff,H3,2025,6,3.9
8826950c91fffff,H3,2025,7,3.1
8826950c91fffff,H3,2025,8,2.6
8826950c91fffff,H3,2025,9,2.5
8826950c91fffff,H3,2025,10,2.7
8826950c91fffff,H3,2025,11,3.1
8826950c91fffff,H3,2025,12,3.6
8826950c91fffff,H3,2025,13,4.0
8826950c91fffff,H3,2025,14,4.4
8826950c91fffff,H3,2025,15,5.2
8826950c91fffff,H3,2025,16,6.6
8826950c91fffff,H3,2025,17,8.5
8826950c91fffff,H3,2025,18,10.0
8826950c91fffff,H3,2025,19,10.8
8826950c91fffff,H3,2025,20,11.1
8826950c91fffff,H3,2025,21,10.9
8826950c91fffff,H3,2025,22,10.1
8826950c91fffff,H3,2025,23,9.0
8826956337fffff,H3,2025,0,3.3
8826956337fffff,H3,2025,1,2.8
8826956337fffff,H3,2025,2,2.5
8826956337fffff,H3,2025,3,2.3
8826956337fffff,H3,2025,4,2.0
8826956337fffff,H3,2025,5,1.8
8826956337fffff,H3,2025,6,1.6
8826956337fffff,H3,2025,7,1.2
8826956337fffff,H3,2025,8,1.1
8826956337fffff,H3,2025,9,1.0
8826956337fffff,H3,2025,10,1.1
8826956337fffff,H3,2025,11,1.2
8826956337fffff,H3,2025,12,1.5
8826956337fffff,H3,2025,13,1.7
8826956337fffff,H3,2025,14,1.8
8826956337fffff,H3,2025,15,2.2
8826956337fffff,H3,2025,16,2.7
8826956337fffff,H3,2025,17,3.6
8826956337fffff,H3,2025,18,4.2
8826956337fffff,H3,2025,19,4.5
8826956337fffff,H3,2025,20,4.8
8826956337fffff,H3,2025,21,4.7
8826956337fffff,H3,2025,22,4.3
8826956337fffff,H3,2025,23,3.9
882696060bfffff,H3,2025,0,2.8
882696060bfffff,H3,2025,1,2.4
882696060bfffff,H3,2025,2,2.2
882696060bfffff,H3,2025,3,1.9
882696060bfffff,H3,2025,4,1.7
882696060bfffff,H3,2025,5,1.6
882696060bfffff,H3,2025,6,1.4
882696060bfffff,H3,2025,7,1.1
882696060bfffff,H3,2025,8,0.9
882696060bfffff,H3,2025,9,0.9
882696060bfffff,H3,2025,10,1.0
882696060bfffff,H3,2025,11,1.1
882696060bfffff,H3,2025,12,1.2
882696060bfffff,H3,2025,13,1.5
882696060bfffff,H3,2025,14,1.6
882696060bfffff,H3,2025,15,1.9
882696060bfffff,H3,2025,16,2.4
882696060bfffff,H3,2025,17,3.1
882696060bfffff,H3,2025,18,3.6
882696060bfffff,H3,2025,19,3.9
882696060bfffff,H3,2025,20,4.1
882696060bfffff,H3,2025,21,4.0
882696060bfffff,H3,2025,22,3.6
882696060bfffff,H3,2025,23,3.3
8826960619fffff,H3,2025,0,11.9
8826960619fffff,H3,2025,1,10.5
8826960619fffff,H3,2025,2,9.1
8826960619fffff,H3,2025,3,8.2
8826960619fffff,H3,2025,4,7.4
8826960619fffff,H3,2025,5,6.7
8826960619fffff,H3,2025,6,6.0
8826960619fffff,H3,2025,7,4.8
8826960619fffff,H3,2025,8,4.0
8826960619fffff,H3,2025,9,3.9
8826960619fffff,H3,2025,10,4.2
8826960619fffff,H3,2025,11,4.8
8826960619fffff,H3,2025,12,5.5
8826960619fffff,H3,2025,13,6.1
8826960619fffff,H3,2025,14,6.8
8826960619fffff,H3,2025,15,8.1
8826960619fffff,H3,2025,16,10.0
8826960619fffff,H3,2025,17,13.2
8826960619fffff,H3,2025,18,15.5
8826960619fffff,H3,2025,19,16.6
8826960619fffff,H3,2025,20,17.4
8826960619fffff,H3,2025,21,16.9
8826960619fffff,H3,2025,22,15.8
8826960619fffff,H3,2025,23,14.1
8826960d21fffff,H3,2025,0,5.5
8826960d21fffff,H3,2025,1,4.8
8826960d21fffff,H3,2025,2,4.1
8826960d21fffff,H3,2025,3,3.8
8826960d21fffff,H3,2025,4,3.4
8826960d21fffff,H3,2025,5,3.1
8826960d21fffff,H3,2025,6,2.7
8826960d21fffff,H3,2025,7,2.3
8826960d21fffff,H3,2025,8,1.9
8826960d21fffff,H3,2025,9,1.8
8826960d21fffff,H3,2025,10,1.9
8826960d21fffff,H3,2025,11,2.3
8826960d21fffff,H3,2025,12,2.6
8826960d21fffff,H3,2025,13,3.0
8826960d21fffff,H3,2025,14,3.3
8826960d21fffff,H3,2025,15,3.9
8826960d21fffff,H3,2025,16,4.8
8826960d21fffff,H3,2025,17,6.2
8826960d21fffff,H3,2025,18,7.3
8826960d21fffff,H3,2025,19,7.7
8826960d21fffff,H3,2025,20,8.1
8826960d21fffff,H3,2025,21,7.8
8826960d21fffff,H3,2025,22,7.3
8826960d21fffff,H3,2025,23,6.5
8826960d23fffff,H3,2025,0,1.5
8826960d23fffff,H3,2025,1,1.2
8826960d23fffff,H3,2025,2,1.1
8826960d23fffff,H3,2025,3,1.0
8826960d23fffff,H3,2025,4,0.9
8826960d23fffff,H3,2025,5,0.8
8826960d23fffff,H3,2025,6,0.8
8826960d23fffff,H3,2025,7,0.7
8826960d23fffff,H3,2025,8,0.6
8826960d23fffff,H3,2025,9,0.6
8826960d23fffff,H3,2025,10,0.6
8826960d23fffff,H3,2025,11,0.7
8826960d23fffff,H3,2025,12,0.8
8826960d23fffff,H3,2025,13,0.8
8826960d23fffff,H3,2025,14,0.9
8826960d23fffff,H3,2025,15,1.1
8826960d23fffff,H3,2025,16,1.4
8826960d23fffff,H3,2025,17,1.8
8826960d23fffff,H3,2025,18,2.0
8826960d23fffff,H3,2025,19,2.2
8826960d23fffff,H3,2025,20,2.3
8826960d23fffff,H3,2025,21,2.2
8826960d23fffff,H3,2025,22,2.0
8826960d23fffff,H3,2025,23,1.7
88269614c9fffff,H3,2025,0,6.4
88269614c9fffff,H3,2025,1,5.6
88269614c9fffff,H3,2025,2,4.9
88269614c9fffff,H3,2025,3,4.4
88269614c9fffff,H3,2025,4,4.0
88269614c9fffff,H3,2025,5,3.6
88269614c9fffff,H3,2025,6,3.2
88269614c9fffff,H3,2025,7,2.6
88269614c9fffff,H3,2025,8,2.2
88269614c9fffff,H3,2025,9,2.2
88269614c9fffff,H3,2025,10,2.3
88269614c9fffff,H3,2025,11,2.6
88269614c9fffff,H3,2025,12,3.1
88269614c9fffff,H3,2025,13,3.4
88269614c9fffff,H3,2025,14,3.8
88269614c9fffff,H3,2025,15,4.4
88269614c9fffff,H3,2025,16,5.5
88269614c9fffff,H3,2025,17,7.2
88269614c9fffff,H3,2025,18,8.4
88269614c9fffff,H3,2025,19,9.0
88269614c9fffff,H3,2025,20,9.3
88269614c9fffff,H3,2025,21,9.1
88269614c9fffff,H3,2025,22,8.5
88269614c9fffff,H3,2025,23,7.5
882696310dfffff,H3,2025,0,3.2
882696310dfffff,H3,2025,1,2.7
882696310dfffff,H3,2025,2,2.4
882696310dfffff,H3,2025,3,2.2
882696310dfffff,H3,2025,4,1.9
882696310dfffff,H3,2025,5,1.8
882696310dfffff,H3,2025,6,1.6
882696310dfffff,H3,2025,7,1.4
882696310dfffff,H3,2025,8,1.1
882696310dfffff,H3,2025,9,1.1
882696310dfffff,H3,2025,10,1.2
882696310dfffff,H3,2025,11,1.4
882696310dfffff,H3,2025,12,1.6
882696310dfffff,H3,2025,13,1.8
882696310dfffff,H3,2025,14,1.9
882696310dfffff,H3,2025,15,2.4
882696310dfffff,H3,2025,16,3.0
882696310dfffff,H3,2025,17,3.8
882696310dfffff,H3,2025,18,4.4
882696310dfffff,H3,2025,19,4.7
882696310dfffff,H3,2025,20,4.8
882696310dfffff,H3,2025,21,4.7
882696310dfffff,H3,2025,22,4.3
882696310dfffff,H3,2025,23,3.8
8826963117fffff,H3,2025,0,7.4
8826963117fffff,H3,2025,1,6.5
8826963117fffff,H3,2025,2,5.6
8826963117fffff,H3,2025,3,5.0
8826963117fffff,H3,2025,4,4.5
8826963117fffff,H3,2025,5,4.1
8826963117fffff,H3,2025,6,3.8
8826963117fffff,H3,2025,7,3.0
8826963117fffff,H3,2025,8,2.6
8826963117fffff,H3,2025,9,2.5
8826963117fffff,H3,2025,10,2.7
8826963117fffff,H3,2025,11,3.1
8826963117fffff,H3,2025,12,3.5
8826963117fffff,H3,2025,13,4.0
8826963117fffff,H3,2025,14,4.4
8826963117fffff,H3,2025,15,5.1
8826963117fffff,H3,2025,16,6.4
8826963117fffff,H3,2025,17,8.3
8826963117fffff,H3,2025,18,9.8
8826963117fffff,H3,2025,19,10.5
8826963117fffff,H3,2025,20,10.8
8826963117fffff,H3,2025,21,10.6
8826963117fffff,H3,2025,22,9.8
8826963117fffff,H3,2025,23,8.8
88269631e5fffff,H3,2025,0,2.2
88269631e5fffff,H3,2025,1,1.9
88269631e5fffff,H3,2025,2,1.7
88269631e5fffff,H3,2025,3,1.5
88269631e5fffff,H3,2025,4,1.4
88269631e5fffff,H3,2025,5,1.2
88269631e5fffff,H3,2025,6,1.1
88269631e5fffff,H3,2025,7,0.9
88269631e5fffff,H3,2025,8,0.8
88269631e5fffff,H3,2025,9,0.7
88269631e5fffff,H3,2025,10,0.8
88269631e5fffff,H3,2025,11,0.9
88269631e5fffff,H3,2025,12,1.0
88269631e5fffff,H3,2025,13,1.1
88269631e5fffff,H3,2025,14,1.2
88269631e5fffff,H3,2025,15,1.5
88269631e5fffff,H3,2025,16,1.8
88269631e5fffff,H3,2025,17,2.4
88269631e5fffff,H3,2025,18,2.8
88269631e5fffff,H3,2025,19,3.1
88269631e5fffff,H3,2025,20,3.2
88269631e5fffff,H3,2025,21,3.2
88269631e5fffff,H3,2025,22,3.0
88269631e5fffff,H3,2025,23,2.6
8826968063fffff,H3,2025,0,9.7
8826968063fffff,H3,2025,1,8.4
8826968063fffff,H3,2025,2,7.3
8826968063fffff,H3,2025,3,6.5
8826968063fffff,H3,2025,4,5.9
8826968063fffff,H3,2025,5,5.5
8826968063fffff,H3,2025,6,4.9
8826968063fffff,H3,2025,7,4.1
8826968063fffff,H3,2025,8,3.5
8826968063fffff,H3,2025,9,3.4
8826968063fffff,H3,2025,10,3.6
8826968063fffff,H3,2025,11,4.2
8826968063fffff,H3,2025,12,4.9
8826968063fffff,H3,2025,13,5.5
8826968063fffff,H3,2025,14,6.0
8826968063fffff,H3,2025,15,7.2
8826968063fffff,H3,2025,16,8.9
8826968063fffff,H3,2025,17,11.5
8826968063fffff,H3,2025,18,13.3
8826968063fffff,H3,2025,19,14.2
8826968063fffff,H3,2025,20,14.5
8826968063fffff,H3,2025,21,14.2
8826968063fffff,H3,2025,22,13.1
8826968063fffff,H3,2025,23,11.5
88269691e5fffff,H3,2025,0,5.6
88269691e5fffff,H3,2025,1,4.9
88269691e5fffff,H3,2025,2,4.2
88269691e5fffff,H3,2025,3,3.9
88269691e5fffff,H3,2025,4,3.4
88269691e5fffff,H3,2025,5,3.2
88269691e5fffff,H3,2025,6,2.7
88269691e5fffff,H3,2025,7,2.2
88269691e5fffff,H3,2025,8,1.8
88269691e5fffff,H3,2025,9,1.8
88269691e5fffff,H3,2025,10,1.9
88269691e5fffff,H3,2025,11,2.2
88269691e5fffff,H3,2025,12,2.5
88269691e5fffff,H3,2025,13,2.8
88269691e5fffff,H3,2025,14,3.2
88269691e5fffff,H3,2025,15,3.8
88269691e5fffff,H3,2025,16,4.7
88269691e5fffff,H3,2025,17,6.1
88269691e5fffff,H3,2025,18,7.2
88269691e5fffff,H3,2025,19,7.7
88269691e5fffff,H3,2025,20,8.1
88269691e5fffff,H3,2025,21,7.8
88269691e5fffff,H3,2025,22,7.3
88269691e5fffff,H3,2025,23,6.6
882696a90bfffff,H3,2025,0,2.4
882696a90bfffff,H3,2025,1,2.0
882696a90bfffff,H3,2025,2,1.8
882696a90bfffff,H3,2025,3,1.6
882696a90bfffff,H3,2025,4,1.5
882696a90bfffff,H3,2025,5,1.4
882696a90bfffff,H3,2025,6,1.2
882696a90bfffff,H3,2025,7,0.9
882696a90bfffff,H3,2025,8,0.8
882696a90bfffff,H3,2025,9,0.8
882696a90bfffff,H3,2025,10,0.8
882696a90bfffff,H3,2025,11,0.9
882696a90bfffff,H3,2025,12,1.1
882696a90bfffff,H3,2025,13,1.2
882696a90bfffff,H3,2025,14,1.4
882696a90bfffff,H3,2025,15,1.6
882696a90bfffff,H3,2025,16,2.0
882696a90bfffff,H3,2025,17,2.6
882696a90bfffff,H3,2025,18,3.1
882696a90bfffff,H3,2025,19,3.3
882696a90bfffff,H3,2025,20,3.4
882696a90bfffff,H3,2025,21,3.4
882696a90bfffff,H3,2025,22,3.2
882696a90bfffff,H3,2025,23,2.8
882696ab19fffff,H3,2025,0,6.5
882696ab19fffff,H3,2025,1,5.7
882696ab19fffff,H3,2025,2,5.0
882696ab19fffff,H3,2025,3,4.4
882696ab19fffff,H3,2025,4,4.0
882696ab19fffff,H3,2025,5,3.6
882696ab19fffff,H3,2025,6,3.3
882696ab19fffff,H3,2025,7,2.6
882696ab19fffff,H3,2025,8,2.3
882696ab19fffff,H3,2025,9,2.2
882696ab19fffff,H3,2025,10,2.4
882696ab19fffff,H3,2025,11,2.7
882696ab19fffff,H3,2025,12,3.1
882696ab19fffff,H3,2025,13,3.4
882696ab19fffff,H3,2025,14,3.9
882696ab19fffff,H3,2025,15,4.5
882696ab19fffff,H3,2025,16,5.7
882696ab19fffff,H3,2025,17,7.4
882696ab19fffff,H3,2025,18,8.6
882696ab19fffff,H3,2025,19,9.3
882696ab19fffff,H3,2025,20,9.7
882696ab19fffff,H3,2025,21,9.4
882696ab19fffff,H3,2025,22,8.8
882696ab19fffff,H3,2025,23,7.7
882696ab61fffff,H3,2025,0,63.1
882696ab61fffff,H3,2025,1,55.2
882696ab61fffff,H3,2025,2,48.1
882696ab61fffff,H3,2025,3,43.3
882696ab61fffff,H3,2025,4,39.2
882696ab61fffff,H3,2025,5,35.6
882696ab61fffff,H3,2025,6,31.6
882696ab61fffff,H3,2025,7,25.3
882696ab61fffff,H3,2025,8,21.5
882696ab61fffff,H3,2025,9,20.7
882696ab61fffff,H3,2025,10,22.4
882696ab61fffff,H3,2025,11,25.6
882696ab61fffff,H3,2025,12,29.5
882696ab61fffff,H3,2025,13,32.8
882696ab61fffff,H3,2025,14,36.7
882696ab61fffff,H3,2025,15,43.1
882696ab61fffff,H3,2025,16,53.4
882696ab61fffff,H3,2025,17,70.0
882696ab61fffff,H3,2025,18,82.2
882696ab61fffff,H3,2025,19,88.2
882696ab61fffff,H3,2025,20,91.9
882696ab61fffff,H3,2025,21,89.9
882696ab61fffff,H3,2025,22,83.5
882696ab61fffff,H3,2025,23,74.4
882696ab63fffff,H3,2025,0,3.5
882696ab63fffff,H3,2025,1,3.1
882696ab63fffff,H3,2025,2,2.7
882696ab63fffff,H3,2025,3,2.4
882696ab63fffff,H3,2025,4,2.2
882696ab63fffff,H3,2025,5,2.0
882696ab63fffff,H3,2025,6,1.8
882696ab63fffff,H3,2025,7,1.4
882696ab63fffff,H3,2025,8,1.1
882696ab63fffff,H3,2025,9,1.1
882696ab63fffff,H3,2025,10,1.2
882696ab63fffff,H3,2025,11,1.4
882696ab63fffff,H3,2025,12,1.6
882696ab63fffff,H3,2025,13,1.8
882696ab63fffff,H3,2025,14,2.0
882696ab63fffff,H3,2025,15,2.4
882696ab63fffff,H3,2025,16,3.0
882696ab63fffff,H3,2025,17,3.9
882696ab63fffff,H3,2025,18,4.5
882696ab63fffff,H3,2025,19,4.9
882696ab63fffff,H3,2025,20,5.1
882696ab63fffff,H3,2025,21,5.0
882696ab63fffff,H3,2025,22,4.7
882696ab63fffff,H3,2025,23,4.2
882696ab67fffff,H3,2025,0,7.7
882696ab67fffff,H3,2025,1,6.8
882696ab67fffff,H3,2025,2,5.9
882696ab67fffff,H3,2025,3,5.3
882696ab67fffff,H3,2025,4,4.8
882696ab67fffff,H3,2025,5,4.4
882696ab67fffff,H3,2025,6,3.9
882696ab67fffff,H3,2025,7,3.1
882696ab67fffff,H3,2025,8,2.6
882696ab67fffff,H3,2025,9,2.5
882696ab67fffff,H3,2025,10,2.7
882696ab67fffff,H3,2025,11,3.1
882696ab67fffff,H3,2025,12,3.5
882696ab67fffff,H3,2025,13,4.0
882696ab67fffff,H3,2025,14,4.4
882696ab67fffff,H3,2025,15,5.2
882696ab67fffff,H3,2025,16,6.6
882696ab67fffff,H3,2025,17,8.5
882696ab67fffff,H3,2025,18,10.0
882696ab67fffff,H3,2025,19,10.8
882696ab67fffff,H3,2025,20,11.2
882696ab67fffff,H3,2025,21,11.0
882696ab67fffff,H3,2025,22,10.2
882696ab67fffff,H3,2025,23,9.1
8826985921fffff,H3,2025,0,1.5
8826985921fffff,H3,2025,1,1.2
8826985921fffff,H3,2025,2,1.1
8826985921fffff,H3,2025,3,1.0
8826985921fffff,H3,2025,4,0.9
8826985921fffff,H3,2025,5,0.8
8826985921fffff,H3,2025,6,0.7
8826985921fffff,H3,2025,7,0.6
8826985921fffff,H3,2025,8,0.5
8826985921fffff,H3,2025,9,0.5
8826985921fffff,H3,2025,10,0.6
8826985921fffff,H3,2025,11,0.6
8826985921fffff,H3,2025,12,0.7
8826985921fffff,H3,2025,13,0.8
8826985921fffff,H3,2025,14,0.8
8826985921fffff,H3,2025,15,1.0
8826985921fffff,H3,2025,16,1.2
8826985921fffff,H3,2025,17,1.6
8826985921fffff,H3,2025,18,1.8
8826985921fffff,H3,2025,19,2.0
8826985921fffff,H3,2025,20,2.2
8826985921fffff,H3,2025,21,2.0
8826985921fffff,H3,2025,22,1.9
8826985921fffff,H3,2025,23,1.7
8826986669fffff,H3,2025,0,1.4
8826986669fffff,H3,2025,1,1.2
8826986669fffff,H3,2025,2,1.0
8826986669fffff,H3,2025,3,0.9
8826986669fffff,H3,2025,4,0.9
8826986669fffff,H3,2025,5,0.8
8826986669fffff,H3,2025,6,0.7
8826986669fffff,H3,2025,7,0.6
8826986669fffff,H3,2025,8,0.5
8826986669fffff,H3,2025,9,0.5
8826986669fffff,H3,2025,10,0.5
8826986669fffff,H3,2025,11,0.6
8826986669fffff,H3,2025,12,0.7
8826986669fffff,H3,2025,13,0.8
8826986669fffff,H3,2025,14,0.8
8826986669fffff,H3,2025,15,0.9
8826986669fffff,H3,2025,16,1.2
8826986669fffff,H3,2025,17,1.6
8826986669fffff,H3,2025,18,1.8
8826986669fffff,H3,2025,19,1.9
8826986669fffff,H3,2025,20,2.0
8826986669fffff,H3,2025,21,2.0
8826986669fffff,H3,2025,22,1.8
8826986669fffff,H3,2025,23,1.7
8826991487fffff,H3,2025,0,1.7
8826991487fffff,H3,2025,1,1.5
8826991487fffff,H3,2025,2,1.2
8826991487fffff,H3,2025,3,1.1
8826991487fffff,H3,2025,4,1.0
8826991487fffff,H3,2025,5,0.9
8826991487fffff,H3,2025,6,0.8
8826991487fffff,H3,2025,7,0.7
8826991487fffff,H3,2025,8,0.6
8826991487fffff,H3,2025,9,0.6
8826991487fffff,H3,2025,10,0.6
8826991487fffff,H3,2025,11,0.7
8826991487fffff,H3,2025,12,0.8
8826991487fffff,H3,2025,13,0.9
8826991487fffff,H3,2025,14,1.0
8826991487fffff,H3,2025,15,1.1
8826991487fffff,H3,2025,16,1.5
8826991487fffff,H3,2025,17,1.9
8826991487fffff,H3,2025,18,2.2
8826991487fffff,H3,2025,19,2.4
8826991487fffff,H3,2025,20,2.5
8826991487fffff,H3,2025,21,2.4
8826991487fffff,H3,2025,22,2.2
8826991487fffff,H3,2025,23,1.9
88269951b5fffff,H3,2025,0,2.6
88269951b5fffff,H3,2025,1,2.3
88269951b5fffff,H3,2025,2,1.9
88269951b5fffff,H3,2025,3,1.8
88269951b5fffff,H3,2025,4,1.6
88269951b5fffff,H3,2025,5,1.5
88269951b5fffff,H3,2025,6,1.4
88269951b5fffff,H3,2025,7,1.0
88269951b5fffff,H3,2025,8,0.9
88269951b5fffff,H3,2025,9,0.9
88269951b5fffff,H3,2025,10,0.9
88269951b5fffff,H3,2025,11,1.0
88269951b5fffff,H3,2025,12,1.2
88269951b5fffff,H3,2025,13,1.4
88269951b5fffff,H3,2025,14,1.6
88269951b5fffff,H3,2025,15,1.8
88269951b5fffff,H3,2025,16,2.3
88269951b5fffff,H3,2025,17,3.0
88269951b5fffff,H3,2025,18,3.4
88269951b5fffff,H3,2025,19,3.6
88269951b5fffff,H3,2025,20,3.9
88269951b5fffff,H3,2025,21,3.8
88269951b5fffff,H3,2025,22,3.4
88269951b5fffff,H3,2025,23,3.1
88269ba85bfffff,H3,2025,0,4.2
88269ba85bfffff,H3,2025,1,3.6
88269ba85bfffff,H3,2025,2,3.2
88269ba85bfffff,H3,2025,3,3.0
88269ba85bfffff,H3,2025,4,2.6
88269ba85bfffff,H3,2025,5,2.4
88269ba85bfffff,H3,2025,6,2.2
88269ba85bfffff,H3,2025,7,1.7
88269ba85bfffff,H3,2025,8,1.4
88269ba85bfffff,H3,2025,9,1.4
88269ba85bfffff,H3,2025,10,1.5
88269ba85bfffff,H3,2025,11,1.7
88269ba85bfffff,H3,2025,12,1.9
88269ba85bfffff,H3,2025,13,2.2
88269ba85bfffff,H3,2025,14,2.4
88269ba85bfffff,H3,2025,15,2.8
88269ba85bfffff,H3,2025,16,3.5
88269ba85bfffff,H3,2025,17,4.7
88269ba85bfffff,H3,2025,18,5.5
88269ba85bfffff,H3,2025,19,5.9
88269ba85bfffff,H3,2025,20,6.1
88269ba85bfffff,H3,2025,21,6.0
88269ba85bfffff,H3,2025,22,5.6
88269ba85bfffff,H3,2025,23,5.0
88269baac9fffff,H3,2025,0,4.0
88269baac9fffff,H3,2025,1,3.5
88269baac9fffff,H3,2025,2,3.1
88269baac9fffff,H3,2025,3,2.7
88269baac9fffff,H3,2025,4,2.5
88269baac9fffff,H3,2025,5,2.3
88269baac9fffff,H3,2025,6,2.0
88269baac9fffff,H3,2025,7,1.6
88269baac9fffff,H3,2025,8,1.4
88269baac9fffff,H3,2025,9,1.2
88269baac9fffff,H3,2025,10,1.4
88269baac9fffff,H3,2025,11,1.6
88269baac9fffff,H3,2025,12,1.8
88269baac9fffff,H3,2025,13,2.0
88269baac9fffff,H3,2025,14,2.3
88269baac9fffff,H3,2025,15,2.7
88269baac9fffff,H3,2025,16,3.4
88269baac9fffff,H3,2025,17,4.4
88269baac9fffff,H3,2025,18,5.2
88269baac9fffff,H3,2025,19,5.6
88269baac9fffff,H3,2025,20,5.8
88269baac9fffff,H3,2025,21,5.7
88269baac9fffff,H3,2025,22,5.3
88269baac9fffff,H3,2025,23,4.8
88269c1a13fffff,H3,2025,0,4.5
88269c1a13fffff,H3,2025,1,4.0
88269c1a13fffff,H3,2025,2,3.4
88269c1a13fffff,H3,2025,3,3.1
88269c1a13fffff,H3,2025,4,2.8
88269c1a13fffff,H3,2025,5,2.5
88269c1a13fffff,H3,2025,6,2.3
88269c1a13fffff,H3,2025,7,1.8
88269c1a13fffff,H3,2025,8,1.6
88269c1a13fffff,H3,2025,9,1.5
88269c1a13fffff,H3,2025,10,1.6
88269c1a13fffff,H3,2025,11,1.8
88269c1a13fffff,H3,2025,12,2.2
88269c1a13fffff,H3,2025,13,2.4
88269c1a13fffff,H3,2025,14,2.6
88269c1a13fffff,H3,2025,15,3.1
88269c1a13fffff,H3,2025,16,3.9
88269c1a13fffff,H3,2025,17,5.1
88269c1a13fffff,H3,2025,18,5.9
88269c1a13fffff,H3,2025,19,6.4
88269c1a13fffff,H3,2025,20,6.6
88269c1a13fffff,H3,2025,21,6.5
88269c1a13fffff,H3,2025,22,6.0
88269c1a13fffff,H3,2025,23,5.3
88269c1ab5fffff,H3,2025,0,2.5
88269c1ab5fffff,H3,2025,1,2.2
88269c1ab5fffff,H3,2025,2,1.9
88269c1ab5fffff,H3,2025,3,1.7
88269c1ab5fffff,H3,2025,4,1.6
88269c1ab5fffff,H3,2025,5,1.5
88269c1ab5fffff,H3,2025,6,1.2
88269c1ab5fffff,H3,2025,7,1.0
88269c1ab5fffff,H3,2025,8,0.8
88269c1ab5fffff,H3,2025,9,0.8
88269c1ab5fffff,H3,2025,10,0.9
88269c1ab5fffff,H3,2025,11,1.0
88269c1ab5fffff,H3,2025,12,1.1
88269c1ab5fffff,H3,2025,13,1.2
88269c1ab5fffff,H3,2025,14,1.5
88269c1ab5fffff,H3,2025,15,1.7
88269c1ab5fffff,H3,2025,16,2.2
88269c1ab5fffff,H3,2025,17,2.8
88269c1ab5fffff,H3,2025,18,3.3
88269c1ab5fffff,H3,2025,19,3.5
88269c1ab5fffff,H3,2025,20,3.6
88269c1ab5fffff,H3,2025,21,3.6
88269c1ab5fffff,H3,2025,22,3.3
88269c1ab5fffff,H3,2025,23,3.0
88269c1ae7fffff,H3,2025,0,3.9
88269c1ae7fffff,H3,2025,1,3.4
88269c1ae7fffff,H3,2025,2,3.0
88269c1ae7fffff,H3,2025,3,2.6
88269c1ae7fffff,H3,2025,4,2.4
88269c1ae7fffff,H3,2025,5,2.2
88269c1ae7fffff,H3,2025,6,1.9
88269c1ae7fffff,H3,2025,7,1.6
88269c1ae7fffff,H3,2025,8,1.4
88269c1ae7fffff,H3,2025,9,1.2
88269c1ae7fffff,H3,2025,10,1.4
88269c1ae7fffff,H3,2025,11,1.6
88269c1ae7fffff,H3,2025,12,1.8
88269c1ae7fffff,H3,2025,13,2.0
88269c1ae7fffff,H3,2025,14,2.3
88269c1ae7fffff,H3,2025,15,2.7
88269c1ae7fffff,H3,2025,16,3.4
88269c1ae7fffff,H3,2025,17,4.4
88269c1ae7fffff,H3,2025,18,5.2
88269c1ae7fffff,H3,2025,19,5.6
88269c1ae7fffff,H3,2025,20,5.8
88269c1ae7fffff,H3,2025,21,5.6
88269c1ae7fffff,H3,2025,22,5.2
88269c1ae7fffff,H3,2025,23,4.5
88269c24b7fffff,H3,2025,0,4.1
88269c24b7fffff,H3,2025,1,3.5
88269c24b7fffff,H3,2025,2,3.1
88269c24b7fffff,H3,2025,3,2.7
88269c24b7fffff,H3,2025,4,2.5
88269c24b7fffff,H3,2025,5,2.3
88269c24b7fffff,H3,2025,6,2.2
88269c24b7fffff,H3,2025,7,1.8
88269c24b7fffff,H3,2025,8,1.5
88269c24b7fffff,H3,2025,9,1.5
88269c24b7fffff,H3,2025,10,1.6
88269c24b7fffff,H3,2025,11,1.8
88269c24b7fffff,H3,2025,12,2.2
88269c24b7fffff,H3,2025,13,2.4
88269c24b7fffff,H3,2025,14,2.6
88269c24b7fffff,H3,2025,15,3.1
88269c24b7fffff,H3,2025,16,3.9
88269c24b7fffff,H3,2025,17,5.0
88269c24b7fffff,H3,2025,18,5.8
88269c24b7fffff,H3,2025,19,6.1
88269c24b7fffff,H3,2025,20,6.2
88269c24b7fffff,H3,2025,21,6.0
88269c24b7fffff,H3,2025,22,5.6
88269c24b7fffff,H3,2025,23,4.9
88269c30a7fffff,H3,2025,0,2.0
88269c30a7fffff,H3,2025,1,1.8
88269c30a7fffff,H3,2025,2,1.6
88269c30a7fffff,H3,2025,3,1.4
88269c30a7fffff,H3,2025,4,1.2
88269c30a7fffff,H3,2025,5,1.1
88269c30a7fffff,H3,2025,6,1.0
88269c30a7fffff,H3,2025,7,0.9
88269c30a7fffff,H3,2025,8,0.7
88269c30a7fffff,H3,2025,9,0.7
88269c30a7fffff,H3,2025,10,0.8
88269c30a7fffff,H3,2025,11,0.9
88269c30a7fffff,H3,2025,12,1.0
88269c30a7fffff,H3,2025,13,1.1
88269c30a7fffff,H3,2025,14,1.2
88269c30a7fffff,H3,2025,15,1.5
88269c30a7fffff,H3,2025,16,1.8
88269c30a7fffff,H3,2025,17,2.4
88269c30a7fffff,H3,2025,18,2.7
88269c30a7fffff,H3,2025,19,3.0
88269c30a7fffff,H3,2025,20,3.1
88269c30a7fffff,H3,2025,21,3.0
88269c30a7fffff,H3,2025,22,2.7
88269c30a7fffff,H3,2025,23,2.5
88269ccc81fffff,H3,2025,0,1.2
88269ccc81fffff,H3,2025,1,1.1
88269ccc81fffff,H3,2025,2,0.9
88269ccc81fffff,H3,2025,3,0.9
88269ccc81fffff,H3,2025,4,0.8
88269ccc81fffff,H3,2025,5,0.7
88269ccc81fffff,H3,2025,6,0.7
88269ccc81fffff,H3,2025,7,0.5
88269ccc81fffff,H3,2025,8,0.5
88269ccc81fffff,H3,2025,9,0.3
88269ccc81fffff,H3,2025,10,0.5
88269ccc81fffff,H3,2025,11,0.5
88269ccc81fffff,H3,2025,12,0.6
88269ccc81fffff,H3,2025,13,0.7
88269ccc81fffff,H3,2025,14,0.7
88269ccc81fffff,H3,2025,15,0.8
88269ccc81fffff,H3,2025,16,1.0
88269ccc81fffff,H3,2025,17,1.4
88269ccc81fffff,H3,2025,18,1.6
88269ccc81fffff,H3,2025,19,1.7
88269ccc81fffff,H3,2025,20,1.8
88269ccc81fffff,H3,2025,21,1.8
88269ccc81fffff,H3,2025,22,1.6
88269ccc81fffff,H3,2025,23,1.5
88269d8cd3fffff,H3,2025,0,3.8
88269d8cd3fffff,H3,2025,1,3.3
88269d8cd3fffff,H3,2025,2,2.8
88269d8cd3fffff,H3,2025,3,2.6
88269d8cd3fffff,H3,2025,4,2.4
88269d8cd3fffff,H3,2025,5,2.2
88269d8cd3fffff,H3,2025,6,1.9
88269d8cd3fffff,H3,2025,7,1.5
88269d8cd3fffff,H3,2025,8,1.2
88269d8cd3fffff,H3,2025,9,1.2
88269d8cd3fffff,H3,2025,10,1.4
88269d8cd3fffff,H3,2025,11,1.5
88269d8cd3fffff,H3,2025,12,1.7
88269d8cd3fffff,H3,2025,13,1.9
88269d8cd3fffff,H3,2025,14,2.2
88269d8cd3fffff,H3,2025,15,2.6
88269d8cd3fffff,H3,2025,16,3.2
88269d8cd3fffff,H3,2025,17,4.2
88269d8cd3fffff,H3,2025,18,4.9
88269d8cd3fffff,H3,2025,19,5.3
88269d8cd3fffff,H3,2025,20,5.5
88269d8cd3fffff,H3,2025,21,5.5
88269d8cd3fffff,H3,2025,22,5.0
88269d8cd3fffff,H3,2025,23,4.4
88269e1627fffff,H3,2025,0,9.2
88269e1627fffff,H3,2025,1,8.0
88269e1627fffff,H3,2025,2,6.9
88269e1627fffff,H3,2025,3,6.2
88269e1627fffff,H3,2025,4,5.7
88269e1627fffff,H3,2025,5,5.1
88269e1627fffff,H3,2025,6,4.7
88269e1627fffff,H3,2025,7,3.8
88269e1627fffff,H3,2025,8,3.2
88269e1627fffff,H3,2025,9,3.0
88269e1627fffff,H3,2025,10,3.3
88269e1627fffff,H3,2025,11,3.8
88269e1627fffff,H3,2025,12,4.3
88269e1627fffff,H3,2025,13,4.8
88269e1627fffff,H3,2025,14,5.3
88269e1627fffff,H3,2025,15,6.4
88269e1627fffff,H3,2025,16,8.0
88269e1627fffff,H3,2025,17,10.3
88269e1627fffff,H3,2025,18,12.0
88269e1627fffff,H3,2025,19,13.0
88269e1627fffff,H3,2025,20,13.4
88269e1627fffff,H3,2025,21,13.1
88269e1627fffff,H3,2025,22,12.2
88269e1627fffff,H3,2025,23,10.8
8826a0293dfffff,H3,2025,0,2.4
8826a0293dfffff,H3,2025,1,2.0
8826a0293dfffff,H3,2025,2,1.8
8826a0293dfffff,H3,2025,3,1.6
8826a0293dfffff,H3,2025,4,1.5
8826a0293dfffff,H3,2025,5,1.4
8826a0293dfffff,H3,2025,6,1.2
8826a0293dfffff,H3,2025,7,0.9
8826a0293dfffff,H3,2025,8,0.8
8826a0293dfffff,H3,2025,9,0.8
8826a0293dfffff,H3,2025,10,0.8
8826a0293dfffff,H3,2025,11,0.9
8826a0293dfffff,H3,2025,12,1.1
8826a0293dfffff,H3,2025,13,1.2
8826a0293dfffff,H3,2025,14,1.4
8826a0293dfffff,H3,2025,15,1.6
8826a0293dfffff,H3,2025,16,2.0
8826a0293dfffff,H3,2025,17,2.6
8826a0293dfffff,H3,2025,18,3.1
8826a0293dfffff,H3,2025,19,3.3
8826a0293dfffff,H3,2025,20,3.4
8826a0293dfffff,H3,2025,21,3.4
8826a0293dfffff,H3,2025,22,3.2
8826a0293dfffff,H3,2025,23,2.8
8826a2ba8bfffff,H3,2025,0,2.8
8826a2ba8bfffff,H3,2025,1,2.5
8826a2ba8bfffff,H3,2025,2,2.2
8826a2ba8bfffff,H3,2025,3,2.0
8826a2ba8bfffff,H3,2025,4,1.8
8826a2ba8bfffff,H3,2025,5,1.6
8826a2ba8bfffff,H3,2025,6,1.5
8826a2ba8bfffff,H3,2025,7,1.1
8826a2ba8bfffff,H3,2025,8,0.9
8826a2ba8bfffff,H3,2025,9,0.9
8826a2ba8bfffff,H3,2025,10,1.0
8826a2ba8bfffff,H3,2025,11,1.1
8826a2ba8bfffff,H3,2025,12,1.4
8826a2ba8bfffff,H3,2025,13,1.5
8826a2ba8bfffff,H3,2025,14,1.7
8826a2ba8bfffff,H3,2025,15,1.9
8826a2ba8bfffff,H3,2025,16,2.4
8826a2ba8bfffff,H3,2025,17,3.2
8826a2ba8bfffff,H3,2025,18,3.8
8826a2ba8bfffff,H3,2025,19,4.0
8826a2ba8bfffff,H3,2025,20,4.2
8826a2ba8bfffff,H3,2025,21,4.1
8826a2ba8bfffff,H3,2025,22,3.9
8826a2ba8bfffff,H3,2025,23,3.4
8826a2baa1fffff,H3,2025,0,1.7
8826a2baa1fffff,H3,2025,1,1.5
8826a2baa1fffff,H3,2025,2,1.2
8826a2baa1fffff,H3,2025,3,1.1
8826a2baa1fffff,H3,2025,4,1.0
8826a2baa1fffff,H3,2025,5,0.9
8826a2baa1fffff,H3,2025,6,0.8
8826a2baa1fffff,H3,2025,7,0.7
8826a2baa1fffff,H3,2025,8,0.6
8826a2baa1fffff,H3,2025,9,0.6
8826a2baa1fffff,H3,2025,10,0.6
8826a2baa1fffff,H3,2025,11,0.7
8826a2baa1fffff,H3,2025,12,0.8
8826a2baa1fffff,H3,2025,13,0.9
8826a2baa1fffff,H3,2025,14,1.0
8826a2baa1fffff,H3,2025,15,1.1
8826a2baa1fffff,H3,2025,16,1.5
8826a2baa1fffff,H3,2025,17,1.9
8826a2baa1fffff,H3,2025,18,2.2
8826a2baa1fffff,H3,2025,19,2.4
8826a2baa1fffff,H3,2025,20,2.5
8826a2baa1fffff,H3,2025,21,2.4
8826a2baa1fffff,H3,2025,22,2.3
8826a2baa1fffff,H3,2025,23,1.9
8826a2babdfffff,H3,2025,0,9.7
8826a2babdfffff,H3,2025,1,8.5
8826a2babdfffff,H3,2025,2,7.4
8826a2babdfffff,H3,2025,3,6.6
8826a2babdfffff,H3,2025,4,6.0
8826a2babdfffff,H3,2025,5,5.5
8826a2babdfffff,H3,2025,6,4.9
8826a2babdfffff,H3,2025,7,4.0
8826a2babdfffff,H3,2025,8,3.3
8826a2babdfffff,H3,2025,9,3.2
8826a2babdfffff,H3,2025,10,3.4
8826a2babdfffff,H3,2025,11,4.0
8826a2babdfffff,H3,2025,12,4.5
8826a2babdfffff,H3,2025,13,5.1
8826a2babdfffff,H3,2025,14,5.7
8826a2babdfffff,H3,2025,15,6.7
8826a2babdfffff,H3,2025,16,8.4
8826a2babdfffff,H3,2025,17,11.0
8826a2babdfffff,H3,2025,18,12.8
8826a2babdfffff,H3,2025,19,13.8
8826a2babdfffff,H3,2025,20,14.2
8826a2babdfffff,H3,2025,21,13.9
8826a2babdfffff,H3,2025,22,12.8
8826a2babdfffff,H3,2025,23,11.5
8826a5acadfffff,H3,2025,0,4.5
8826a5acadfffff,H3,2025,1,4.0
8826a5acadfffff,H3,2025,2,3.4
8826a5acadfffff,H3,2025,3,3.1
8826a5acadfffff,H3,2025,4,2.8
8826a5acadfffff,H3,2025,5,2.5
8826a5acadfffff,H3,2025,6,2.3
8826a5acadfffff,H3,2025,7,1.8
8826a5acadfffff,H3,2025,8,1.5
8826a5acadfffff,H3,2025,9,1.5
8826a5acadfffff,H3,2025,10,1.6
8826a5acadfffff,H3,2025,11,1.8
8826a5acadfffff,H3,2025,12,2.2
8826a5acadfffff,H3,2025,13,2.4
8826a5acadfffff,H3,2025,14,2.6
8826a5acadfffff,H3,2025,15,3.1
8826a5acadfffff,H3,2025,16,3.9
8826a5acadfffff,H3,2025,17,5.0
8826a5acadfffff,H3,2025,18,5.9
8826a5acadfffff,H3,2025,19,6.4
8826a5acadfffff,H3,2025,20,6.6
8826a5acadfffff,H3,2025,21,6.5
8826a5acadfffff,H3,2025,22,6.0
8826a5acadfffff,H3,2025,23,5.3
8826a5ba0bfffff,H3,2025,0,2.8
8826a5ba0bfffff,H3,2025,1,2.5
8826a5ba0bfffff,H3,2025,2,2.2
8826a5ba0bfffff,H3,2025,3,1.9
8826a5ba0bfffff,H3,2025,4,1.8
8826a5ba0bfffff,H3,2025,5,1.6
8826a5ba0bfffff,H3,2025,6,1.5
8826a5ba0bfffff,H3,2025,7,1.2
8826a5ba0bfffff,H3,2025,8,1.0
8826a5ba0bfffff,H3,2025,9,0.9
8826a5ba0bfffff,H3,2025,10,1.0
8826a5ba0bfffff,H3,2025,11,1.2
8826a5ba0bfffff,H3,2025,12,1.4
8826a5ba0bfffff,H3,2025,13,1.6
8826a5ba0bfffff,H3,2025,14,1.7
8826a5ba0bfffff,H3,2025,15,2.0
8826a5ba0bfffff,H3,2025,16,2.5
8826a5ba0bfffff,H3,2025,17,3.3
8826a5ba0bfffff,H3,2025,18,3.9
8826a5ba0bfffff,H3,2025,19,4.1
8826a5ba0bfffff,H3,2025,20,4.3
8826a5ba0bfffff,H3,2025,21,4.2
8826a5ba0bfffff,H3,2025,22,3.9
8826a5ba0bfffff,H3,2025,23,3.4
8826aa4329fffff,H3,2025,0,1.8
8826aa4329fffff,H3,2025,1,1.6
8826aa4329fffff,H3,2025,2,1.4
8826aa4329fffff,H3,2025,3,1.2
8826aa4329fffff,H3,2025,4,1.1
8826aa4329fffff,H3,2025,5,1.0
8826aa4329fffff,H3,2025,6,0.9
8826aa4329fffff,H3,2025,7,0.8
8826aa4329fffff,H3,2025,8,0.7
8826aa4329fffff,H3,2025,9,0.6
8826aa4329fffff,H3,2025,10,0.7
8826aa4329fffff,H3,2025,11,0.8
8826aa4329fffff,H3,2025,12,0.9
8826aa4329fffff,H3,2025,13,0.9
8826aa4329fffff,H3,2025,14,1.0
8826aa4329fffff,H3,2025,15,1.2
8826aa4329fffff,H3,2025,16,1.6
8826aa4329fffff,H3,2025,17,2.0
8826aa4329fffff,H3,2025,18,2.4
8826aa4329fffff,H3,2025,19,2.6
8826aa4329fffff,H3,2025,20,2.7
8826aa4329fffff,H3,2025,21,2.6
8826aa4329fffff,H3,2025,22,2.4
8826aa4329fffff,H3,2025,23,2.2
8826aa5a9dfffff,H3,2025,0,2.2
8826aa5a9dfffff,H3,2025,1,1.9
8826aa5a9dfffff,H3,2025,2,1.7
8826aa5a9dfffff,H3,2025,3,1.5
8826aa5a9dfffff,H3,2025,4,1.4
8826aa5a9dfffff,H3,2025,5,1.2
8826aa5a9dfffff,H3,2025,6,1.1
8826aa5a9dfffff,H3,2025,7,0.9
8826aa5a9dfffff,H3,2025,8,0.7
8826aa5a9dfffff,H3,2025,9,0.7
8826aa5a9dfffff,H3,2025,10,0.8
8826aa5a9dfffff,H3,2025,11,0.9
8826aa5a9dfffff,H3,2025,12,1.0
8826aa5a9dfffff,H3,2025,13,1.1
8826aa5a9dfffff,H3,2025,14,1.2
8826aa5a9dfffff,H3,2025,15,1.5
8826aa5a9dfffff,H3,2025,16,1.8
8826aa5a9dfffff,H3,2025,17,2.4
8826aa5a9dfffff,H3,2025,18,2.8
8826aa5a9dfffff,H3,2025,19,3.1
8826aa5a9dfffff,H3,2025,20,3.2
8826aa5a9dfffff,H3,2025,21,3.1
8826aa5a9dfffff,H3,2025,22,2.8
8826aa5a9dfffff,H3,2025,23,2.6
8826ae7927fffff,H3,2025,0,6.6
8826ae7927fffff,H3,2025,1,5.8
8826ae7927fffff,H3,2025,2,5.0
8826ae7927fffff,H3,2025,3,4.5
8826ae7927fffff,H3,2025,4,4.1
8826ae7927fffff,H3,2025,5,3.8
8826ae7927fffff,H3,2025,6,3.3
8826ae7927fffff,H3,2025,7,2.6
8826ae7927fffff,H3,2025,8,2.3
8826ae7927fffff,H3,2025,9,2.2
8826ae7927fffff,H3,2025,10,2.3
8826ae7927fffff,H3,2025,11,2.6
8826ae7927fffff,H3,2025,12,3.1
8826ae7927fffff,H3,2025,13,3.4
8826ae7927fffff,H3,2025,14,3.9
8826ae7927fffff,H3,2025,15,4.5
8826ae7927fffff,H3,2025,16,5.6
8826ae7927fffff,H3,2025,17,7.4
8826ae7927fffff,H3,2025,18,8.5
8826ae7927fffff,H3,2025,19,9.2
8826ae7927fffff,H3,2025,20,9.5
8826ae7927fffff,H3,2025,21,9.4
8826ae7927fffff,H3,2025,22,8.8
8826ae7927fffff,H3,2025,23,7.7
8826b0a71dfffff,H3,2025,0,2.4
8826b0a71dfffff,H3,2025,1,2.0
8826b0a71dfffff,H3,2025,2,1.8
8826b0a71dfffff,H3,2025,3,1.6
8826b0a71dfffff,H3,2025,4,1.5
8826b0a71dfffff,H3,2025,5,1.4
8826b0a71dfffff,H3,2025,6,1.2
8826b0a71dfffff,H3,2025,7,0.9
8826b0a71dfffff,H3,2025,8,0.8
8826b0a71dfffff,H3,2025,9,0.8
8826b0a71dfffff,H3,2025,10,0.9
8826b0a71dfffff,H3,2025,11,0.9
8826b0a71dfffff,H3,2025,12,1.1
8826b0a71dfffff,H3,2025,13,1.2
8826b0a71dfffff,H3,2025,14,1.4
8826b0a71dfffff,H3,2025,15,1.6
8826b0a71dfffff,H3,2025,16,2.0
8826b0a71dfffff,H3,2025,17,2.7
8826b0a71dfffff,H3,2025,18,3.2
8826b0a71dfffff,H3,2025,19,3.4
8826b0a71dfffff,H3,2025,20,3.5
8826b0a71dfffff,H3,2025,21,3.4
8826b0a71dfffff,H3,2025,22,3.2
8826b0a71dfffff,H3,2025,23,2.8
8826b33151fffff,H3,2025,0,6.5
8826b33151fffff,H3,2025,1,5.7
8826b33151fffff,H3,2025,2,5.0
8826b33151fffff,H3,2025,3,4.4
8826b33151fffff,H3,2025,4,4.1
8826b33151fffff,H3,2025,5,3.6
8826b33151fffff,H3,2025,6,3.3
8826b33151fffff,H3,2025,7,2.6
8826b33151fffff,H3,2025,8,2.2
8826b33151fffff,H3,2025,9,2.2
8826b33151fffff,H3,2025,10,2.3
8826b33151fffff,H3,2025,11,2.6
8826b33151fffff,H3,2025,12,3.1
8826b33151fffff,H3,2025,13,3.4
8826b33151fffff,H3,2025,14,3.8
8826b33151fffff,H3,2025,15,4.4
8826b33151fffff,H3,2025,16,5.5
8826b33151fffff,H3,2025,17,7.3
8826b33151fffff,H3,2025,18,8.5
8826b33151fffff,H3,2025,19,9.1
8826b33151fffff,H3,2025,20,9.4
8826b33151fffff,H3,2025,21,9.3
8826b33151fffff,H3,2025,22,8.6
8826b33151fffff,H3,2025,23,7.7
8826b61183fffff,H3,2025,0,1.6
8826b61183fffff,H3,2025,1,1.4
8826b61183fffff,H3,2025,2,1.2
8826b61183fffff,H3,2025,3,1.0
8826b61183fffff,H3,2025,4,0.9
8826b61183fffff,H3,2025,5,0.9
8826b61183fffff,H3,2025,6,0.8
8826b61183fffff,H3,2025,7,0.7
8826b61183fffff,H3,2025,8,0.6
8826b61183fffff,H3,2025,9,0.6
8826b61183fffff,H3,2025,10,0.6
8826b61183fffff,H3,2025,11,0.7
8826b61183fffff,H3,2025,12,0.8
8826b61183fffff,H3,2025,13,0.8
8826b61183fffff,H3,2025,14,0.9
8826b61183fffff,H3,2025,15,1.1
8826b61183fffff,H3,2025,16,1.4
8826b61183fffff,H3,2025,17,1.8
8826b61183fffff,H3,2025,18,2.0
8826b61183fffff,H3,2025,19,2.3
8826b61183fffff,H3,2025,20,2.3
8826b61183fffff,H3,2025,21,2.3
8826b61183fffff,H3,2025,22,2.0
8826b61183fffff,H3,2025,23,1.8
8826b68833fffff,H3,2025,0,6.1
8826b68833fffff,H3,2025,1,5.5
8826b68833fffff,H3,2025,2,4.8
8826b68833fffff,H3,2025,3,4.2
8826b68833fffff,H3,2025,4,3.9
8826b68833fffff,H3,2025,5,3.5
8826b68833fffff,H3,2025,6,3.1
8826b68833fffff,H3,2025,7,2.5
8826b68833fffff,H3,2025,8,2.0
8826b68833fffff,H3,2025,9,2.0
8826b68833fffff,H3,2025,10,2.2
8826b68833fffff,H3,2025,11,2.5
8826b68833fffff,H3,2025,12,2.8
8826b68833fffff,H3,2025,13,3.2
8826b68833fffff,H3,2025,14,3.5
8826b68833fffff,H3,2025,15,4.2
8826b68833fffff,H3,2025,16,5.2
8826b68833fffff,H3,2025,17,6.8
8826b68833fffff,H3,2025,18,8.1
8826b68833fffff,H3,2025,19,8.6
8826b68833fffff,H3,2025,20,9.0
8826b68833fffff,H3,2025,21,8.9
8826b68833fffff,H3,2025,22,8.2
8826b68833fffff,H3,2025,23,7.3
8826c11333fffff,H3,2025,0,1.5
8826c11333fffff,H3,2025,1,1.2
8826c11333fffff,H3,2025,2,1.1
8826c11333fffff,H3,2025,3,1.0
8826c11333fffff,H3,2025,4,0.9
8826c11333fffff,H3,2025,5,0.8
8826c11333fffff,H3,2025,6,0.8
8826c11333fffff,H3,2025,7,0.6
8826c11333fffff,H3,2025,8,0.6
8826c11333fffff,H3,2025,9,0.5
8826c11333fffff,H3,2025,10,0.6
8826c11333fffff,H3,2025,11,0.6
8826c11333fffff,H3,2025,12,0.7
8826c11333fffff,H3,2025,13,0.8
8826c11333fffff,H3,2025,14,0.9
8826c11333fffff,H3,2025,15,1.0
8826c11333fffff,H3,2025,16,1.2
8826c11333fffff,H3,2025,17,1.7
8826c11333fffff,H3,2025,18,1.9
8826c11333fffff,H3,2025,19,2.0
8826c11333fffff,H3,2025,20,2.2
8826c11333fffff,H3,2025,21,2.2
8826c11333fffff,H3,2025,22,1.9
8826c11333fffff,H3,2025,23,1.7
8826c114bdfffff,H3,2025,0,2.3
8826c114bdfffff,H3,2025,1,1.9
8826c114bdfffff,H3,2025,2,1.7
8826c114bdfffff,H3,2025,3,1.6
8826c114bdfffff,H3,2025,4,1.4
8826c114bdfffff,H3,2025,5,1.2
8826c114bdfffff,H3,2025,6,1.1
8826c114bdfffff,H3,2025,7,0.9
8826c114bdfffff,H3,2025,8,0.8
8826c114bdfffff,H3,2025,9,0.8
8826c114bdfffff,H3,2025,10,0.8
8826c114bdfffff,H3,2025,11,0.9
8826c114bdfffff,H3,2025,12,1.1
8826c114bdfffff,H3,2025,13,1.2
8826c114bdfffff,H3,2025,14,1.4
8826c114bdfffff,H3,2025,15,1.6
8826c114bdfffff,H3,2025,16,2.0
8826c114bdfffff,H3,2025,17,2.6
8826c114bdfffff,H3,2025,18,3.1
8826c114bdfffff,H3,2025,19,3.3
8826c114bdfffff,H3,2025,20,3.4
8826c114bdfffff,H3,2025,21,3.3
8826c114bdfffff,H3,2025,22,3.1
8826c114bdfffff,H3,2025,23,2.7
8826c115c7fffff,H3,2025,0,2.3
8826c115c7fffff,H3,2025,1,1.9
8826c115c7fffff,H3,2025,2,1.7
8826c115c7fffff,H3,2025,3,1.6
8826c115c7fffff,H3,2025,4,1.4
8826c115c7fffff,H3,2025,5,1.2
8826c115c7fffff,H3,2025,6,1.1
8826c115c7fffff,H3,2025,7,0.9
8826c115c7fffff,H3,2025,8,0.8
8826c115c7fffff,H3,2025,9,0.8
8826c115c7fffff,H3,2025,10,0.8
8826c115c7fffff,H3,2025,11,0.9
8826c115c7fffff,H3,2025,12,1.0
8826c115c7fffff,H3,2025,13,1.2
8826c115c7fffff,H3,2025,14,1.4
8826c115c7fffff,H3,2025,15,1.6
8826c115c7fffff,H3,2025,16,1.9
8826c115c7fffff,H3,2025,17,2.5
8826c115c7fffff,H3,2025,18,3.0
8826c115c7fffff,H3,2025,19,3.2
8826c115c7fffff,H3,2025,20,3.3
8826c115c7fffff,H3,2025,21,3.2
8826c115c7fffff,H3,2025,22,3.0
8826c115c7fffff,H3,2025,23,2.6
8826c14f3dfffff,H3,2025,0,6.0
8826c14f3dfffff,H3,2025,1,5.2
8826c14f3dfffff,H3,2025,2,4.5
8826c14f3dfffff,H3,2025,3,4.1
8826c14f3dfffff,H3,2025,4,3.8
8826c14f3dfffff,H3,2025,5,3.4
8826c14f3dfffff,H3,2025,6,3.0
8826c14f3dfffff,H3,2025,7,2.4
8826c14f3dfffff,H3,2025,8,2.0
8826c14f3dfffff,H3,2025,9,1.9
8826c14f3dfffff,H3,2025,10,2.2
8826c14f3dfffff,H3,2025,11,2.4
8826c14f3dfffff,H3,2025,12,2.8
8826c14f3dfffff,H3,2025,13,3.2
8826c14f3dfffff,H3,2025,14,3.5
8826c14f3dfffff,H3,2025,15,4.1
8826c14f3dfffff,H3,2025,16,5.1
8826c14f3dfffff,H3,2025,17,6.7
8826c14f3dfffff,H3,2025,18,7.8
8826c14f3dfffff,H3,2025,19,8.4
8826c14f3dfffff,H3,2025,20,8.8
8826c14f3dfffff,H3,2025,21,8.5
8826c14f3dfffff,H3,2025,22,8.0
8826c14f3dfffff,H3,2025,23,7.0
8826c18837fffff,H3,2025,0,3.0
8826c18837fffff,H3,2025,1,2.5
8826c18837fffff,H3,2025,2,2.3
8826c18837fffff,H3,2025,3,2.0
8826c18837fffff,H3,2025,4,1.8
8826c18837fffff,H3,2025,5,1.6
8826c18837fffff,H3,2025,6,1.5
8826c18837fffff,H3,2025,7,1.1
8826c18837fffff,H3,2025,8,0.9
8826c18837fffff,H3,2025,9,0.9
8826c18837fffff,H3,2025,10,1.0
8826c18837fffff,H3,2025,11,1.1
8826c18837fffff,H3,2025,12,1.4
8826c18837fffff,H3,2025,13,1.5
8826c18837fffff,H3,2025,14,1.7
8826c18837fffff,H3,2025,15,1.9
8826c18837fffff,H3,2025,16,2.4
8826c18837fffff,H3,2025,17,3.2
8826c18837fffff,H3,2025,18,3.8
8826c18837fffff,H3,2025,19,4.0
8826c18837fffff,H3,2025,20,4.2
8826c18837fffff,H3,2025,21,4.1
8826c18837fffff,H3,2025,22,3.9
8826c18837fffff,H3,2025,23,3.4
8826c18a97fffff,H3,2025,0,23.3
8826c18a97fffff,H3,2025,0,5.0
8826c18a97fffff,H3,2025,1,20.5
8826c18a97fffff,H3,2025,1,4.4
8826c18a97fffff,H3,2025,2,17.8
8826c18a97fffff,H3,2025,2,3.9
8826c18a97fffff,H3,2025,3,16.1
8826c18a97fffff,H3,2025,3,3.4
8826c18a97fffff,H3,2025,4,14.5
8826c18a97fffff,H3,2025,4,3.2
8826c18a97fffff,H3,2025,5,13.2
8826c18a97fffff,H3,2025,5,2.8
8826c18a97fffff,H3,2025,6,11.7
8826c18a97fffff,H3,2025,6,2.5
8826c18a97fffff,H3,2025,7,9.3
8826c18a97fffff,H3,2025,7,2.0
8826c18a97fffff,H3,2025,8,7.8
8826c18a97fffff,H3,2025,8,1.7
8826c18a97fffff,H3,2025,9,7.5
8826c18a97fffff,H3,2025,9,1.6
8826c18a97fffff,H3,2025,10,8.1
8826c18a97fffff,H3,2025,10,1.7
8826c18a97fffff,H3,2025,11,9.3
8826c18a97fffff,H3,2025,11,2.0
8826c18a97fffff,H3,2025,12,10.7
8826c18a97fffff,H3,2025,12,2.3
8826c18a97fffff,H3,2025,13,11.9
8826c18a97fffff,H3,2025,13,2.6
8826c18a97fffff,H3,2025,14,13.4
8826c18a97fffff,H3,2025,14,2.8
8826c18a97fffff,H3,2025,15,15.7
8826c18a97fffff,H3,2025,15,3.4
8826c18a97fffff,H3,2025,16,19.5
8826c18a97fffff,H3,2025,16,4.2
8826c18a97fffff,H3,2025,17,25.7
8826c18a97fffff,H3,2025,17,5.6
8826c18a97fffff,H3,2025,18,30.2
8826c18a97fffff,H3,2025,18,6.5
8826c18a97fffff,H3,2025,19,32.5
8826c18a97fffff,H3,2025,19,7.0
8826c18a97fffff,H3,2025,20,33.9
8826c18a97fffff,H3,2025,20,7.3
8826c18a97fffff,H3,2025,21,33.2
8826c18a97fffff,H3,2025,21,7.2
8826c18a97fffff,H3,2025,22,30.9
8826c18a97fffff,H3,2025,22,6.6
8826c18a97fffff,H3,2025,23,27.5
8826c18a97fffff,H3,2025,23,5.9
8826c18c51fffff,H3,2025,0,7.0
8826c18c51fffff,H3,2025,1,6.1
8826c18c51fffff,H3,2025,2,5.3
8826c18c51fffff,H3,2025,3,4.8
8826c18c51fffff,H3,2025,4,4.3
8826c18c51fffff,H3,2025,5,4.0
8826c18c51fffff,H3,2025,6,3.5
8826c18c51fffff,H3,2025,7,2.8
8826c18c51fffff,H3,2025,8,2.4
8826c18c51fffff,H3,2025,9,2.3
8826c18c51fffff,H3,2025,10,2.5
8826c18c51fffff,H3,2025,11,2.8
8826c18c51fffff,H3,2025,12,3.4
8826c18c51fffff,H3,2025,13,3.8
8826c18c51fffff,H3,2025,14,4.2
8826c18c51fffff,H3,2025,15,4.9
8826c18c51fffff,H3,2025,16,6.1
8826c18c51fffff,H3,2025,17,8.0
8826c18c51fffff,H3,2025,18,9.3
8826c18c51fffff,H3,2025,19,10.0
8826c18c51fffff,H3,2025,20,10.3
8826c18c51fffff,H3,2025,21,10.1
8826c18c51fffff,H3,2025,22,9.3
8826c18c51fffff,H3,2025,23,8.3
8826c18f29fffff,H3,2025,0,9.5
8826c18f29fffff,H3,2025,1,8.3
8826c18f29fffff,H3,2025,2,7.3
8826c18f29fffff,H3,2025,3,6.5
8826c18f29fffff,H3,2025,4,5.9
8826c18f29fffff,H3,2025,5,5.3
8826c18f29fffff,H3,2025,6,4.8
8826c18f29fffff,H3,2025,7,3.9
8826c18f29fffff,H3,2025,8,3.3
8826c18f29fffff,H3,2025,9,3.2
8826c18f29fffff,H3,2025,10,3.4
8826c18f29fffff,H3,2025,11,3.9
8826c18f29fffff,H3,2025,12,4.5
8826c18f29fffff,H3,2025,13,5.0
8826c18f29fffff,H3,2025,14,5.6
8826c18f29fffff,H3,2025,15,6.6
8826c18f29fffff,H3,2025,16,8.2
8826c18f29fffff,H3,2025,17,10.8
8826c18f29fffff,H3,2025,18,12.6
8826c18f29fffff,H3,2025,19,13.4
8826c18f29fffff,H3,2025,20,14.0
8826c18f29fffff,H3,2025,21,13.6
8826c18f29fffff,H3,2025,22,12.6
8826c18f29fffff,H3,2025,23,11.2
8826c18f2dfffff,H3,2025,0,20.8
8826c18f2dfffff,H3,2025,1,18.2
8826c18f2dfffff,H3,2025,2,15.9
8826c18f2dfffff,H3,2025,3,14.3
8826c18f2dfffff,H3,2025,4,13.0
8826c18f2dfffff,H3,2025,5,11.7
8826c18f2dfffff,H3,2025,6,10.5
8826c18f2dfffff,H3,2025,7,8.3
8826c18f2dfffff,H3,2025,8,7.0
8826c18f2dfffff,H3,2025,9,6.7
8826c18f2dfffff,H3,2025,10,7.3
8826c18f2dfffff,H3,2025,11,8.3
8826c18f2dfffff,H3,2025,12,9.7
8826c18f2dfffff,H3,2025,13,10.7
8826c18f2dfffff,H3,2025,14,12.0
8826c18f2dfffff,H3,2025,15,14.1
8826c18f2dfffff,H3,2025,16,17.6
8826c18f2dfffff,H3,2025,17,23.1
8826c18f2dfffff,H3,2025,18,27.0
8826c18f2dfffff,H3,2025,19,29.1
8826c18f2dfffff,H3,2025,20,30.2
8826c18f2dfffff,H3,2025,21,29.7
8826c18f2dfffff,H3,2025,22,27.5
8826c18f2dfffff,H3,2025,23,24.5
8826c18f41fffff,H3,2025,0,1.5
8826c18f41fffff,H3,2025,1,1.2
8826c18f41fffff,H3,2025,2,1.1
8826c18f41fffff,H3,2025,3,1.0
8826c18f41fffff,H3,2025,4,0.9
8826c18f41fffff,H3,2025,5,0.8
8826c18f41fffff,H3,2025,6,0.8
8826c18f41fffff,H3,2025,7,0.6
8826c18f41fffff,H3,2025,8,0.6
8826c18f41fffff,H3,2025,9,0.5
8826c18f41fffff,H3,2025,10,0.6
8826c18f41fffff,H3,2025,11,0.7
8826c18f41fffff,H3,2025,12,0.7
8826c18f41fffff,H3,2025,13,0.8
8826c18f41fffff,H3,2025,14,0.9
8826c18f41fffff,H3,2025,15,1.0
8826c18f41fffff,H3,2025,16,1.2
8826c18f41fffff,H3,2025,17,1.7
8826c18f41fffff,H3,2025,18,1.9
8826c18f41fffff,H3,2025,19,2.2
8826c18f41fffff,H3,2025,20,2.2
8826c18f41fffff,H3,2025,21,2.2
8826c18f41fffff,H3,2025,22,1.9
8826c18f41fffff,H3,2025,23,1.8
8826c18f45fffff,H3,2025,0,8.1
8826c18f45fffff,H3,2025,1,7.0
8826c18f45fffff,H3,2025,2,6.1
8826c18f45fffff,H3,2025,3,5.5
8826c18f45fffff,H3,2025,4,5.0
8826c18f45fffff,H3,2025,5,4.5
8826c18f45fffff,H3,2025,6,4.1
8826c18f45fffff,H3,2025,7,3.3
8826c18f45fffff,H3,2025,8,2.8
8826c18f45fffff,H3,2025,9,2.7
8826c18f45fffff,H3,2025,10,2.8
8826c18f45fffff,H3,2025,11,3.3
8826c18f45fffff,H3,2025,12,3.9
8826c18f45fffff,H3,2025,13,4.3
8826c18f45fffff,H3,2025,14,4.8
8826c18f45fffff,H3,2025,15,5.7
8826c18f45fffff,H3,2025,16,7.0
8826c18f45fffff,H3,2025,17,9.2
8826c18f45fffff,H3,2025,18,10.7
8826c18f45fffff,H3,2025,19,11.5
8826c18f45fffff,H3,2025,20,11.9
8826c18f45fffff,H3,2025,21,11.6
8826c18f45fffff,H3,2025,22,10.8
8826c18f45fffff,H3,2025,23,9.5
8826c18f49fffff,H3,2025,0,6.0
8826c18f49fffff,H3,2025,1,5.3
8826c18f49fffff,H3,2025,2,4.7
8826c18f49fffff,H3,2025,3,4.2
8826c18f49fffff,H3,2025,4,3.8
8826c18f49fffff,H3,2025,5,3.4
8826c18f49fffff,H3,2025,6,3.1
8826c18f49fffff,H3,2025,7,2.4
8826c18f49fffff,H3,2025,8,2.0
8826c18f49fffff,H3,2025,9,1.9
8826c18f49fffff,H3,2025,10,2.2
8826c18f49fffff,H3,2025,11,2.4
8826c18f49fffff,H3,2025,12,2.8
8826c18f49fffff,H3,2025,13,3.1
8826c18f49fffff,H3,2025,14,3.4
8826c18f49fffff,H3,2025,15,4.1
8826c18f49fffff,H3,2025,16,5.1
8826c18f49fffff,H3,2025,17,6.7
8826c18f49fffff,H3,2025,18,7.8
8826c18f49fffff,H3,2025,19,8.4
8826c18f49fffff,H3,2025,20,8.8
8826c18f49fffff,H3,2025,21,8.6
8826c18f49fffff,H3,2025,22,8.0
8826c18f49fffff,H3,2025,23,7.2
8826c18f63fffff,H3,2025,0,2.0
8826c18f63fffff,H3,2025,1,1.8
8826c18f63fffff,H3,2025,2,1.6
8826c18f63fffff,H3,2025,3,1.4
8826c18f63fffff,H3,2025,4,1.2
8826c18f63fffff,H3,2025,5,1.1
8826c18f63fffff,H3,2025,6,1.0
8826c18f63fffff,H3,2025,7,0.8
8826c18f63fffff,H3,2025,8,0.7
8826c18f63fffff,H3,2025,9,0.7
8826c18f63fffff,H3,2025,10,0.7
8826c18f63fffff,H3,2025,11,0.8
8826c18f63fffff,H3,2025,12,0.9
8826c18f63fffff,H3,2025,13,1.0
8826c18f63fffff,H3,2025,14,1.1
8826c18f63fffff,H3,2025,15,1.4
8826c18f63fffff,H3,2025,16,1.7
8826c18f63fffff,H3,2025,17,2.3
8826c18f63fffff,H3,2025,18,2.6
8826c18f63fffff,H3,2025,19,2.8
8826c18f63fffff,H3,2025,20,3.0
8826c18f63fffff,H3,2025,21,3.0
8826c18f63fffff,H3,2025,22,2.7
8826c18f63fffff,H3,2025,23,2.4
8826c1c1ddfffff,H3,2025,0,4.5
8826c1c1ddfffff,H3,2025,1,4.0
8826c1c1ddfffff,H3,2025,2,3.4
8826c1c1ddfffff,H3,2025,3,3.1
8826c1c1ddfffff,H3,2025,4,2.8
8826c1c1ddfffff,H3,2025,5,2.5
8826c1c1ddfffff,H3,2025,6,2.3
8826c1c1ddfffff,H3,2025,7,1.8
8826c1c1ddfffff,H3,2025,8,1.6
8826c1c1ddfffff,H3,2025,9,1.5
8826c1c1ddfffff,H3,2025,10,1.6
8826c1c1ddfffff,H3,2025,11,1.8
8826c1c1ddfffff,H3,2025,12,2.2
8826c1c1ddfffff,H3,2025,13,2.4
8826c1c1ddfffff,H3,2025,14,2.6
8826c1c1ddfffff,H3,2025,15,3.2
8826c1c1ddfffff,H3,2025,16,3.9
8826c1c1ddfffff,H3,2025,17,5.1
8826c1c1ddfffff,H3,2025,18,5.9
8826c1c1ddfffff,H3,2025,19,6.4
8826c1c1ddfffff,H3,2025,20,6.6
8826c1c1ddfffff,H3,2025,21,6.5
8826c1c1ddfffff,H3,2025,22,6.0
8826c1c1ddfffff,H3,2025,23,5.3
8826c33a4bfffff,H3,2025,0,2.2
8826c33a4bfffff,H3,2025,1,1.9
8826c33a4bfffff,H3,2025,2,1.7
8826c33a4bfffff,H3,2025,3,1.5
8826c33a4bfffff,H3,2025,4,1.4
8826c33a4bfffff,H3,2025,5,1.2
8826c33a4bfffff,H3,2025,6,1.1
8826c33a4bfffff,H3,2025,7,0.9
8826c33a4bfffff,H3,2025,8,0.8
8826c33a4bfffff,H3,2025,9,0.7
8826c33a4bfffff,H3,2025,10,0.8
8826c33a4bfffff,H3,2025,11,0.9
8826c33a4bfffff,H3,2025,12,1.0
8826c33a4bfffff,H3,2025,13,1.1
8826c33a4bfffff,H3,2025,14,1.2
8826c33a4bfffff,H3,2025,15,1.5
8826c33a4bfffff,H3,2025,16,1.8
8826c33a4bfffff,H3,2025,17,2.4
8826c33a4bfffff,H3,2025,18,2.8
8826c33a4bfffff,H3,2025,19,3.1
8826c33a4bfffff,H3,2025,20,3.2
8826c33a4bfffff,H3,2025,21,3.2
8826c33a4bfffff,H3,2025,22,3.0
8826c33a4bfffff,H3,2025,23,2.6
8826c532d5fffff,H3,2025,0,4.0
8826c532d5fffff,H3,2025,1,3.4
8826c532d5fffff,H3,2025,2,3.1
8826c532d5fffff,H3,2025,3,2.7
8826c532d5fffff,H3,2025,4,2.5
8826c532d5fffff,H3,2025,5,2.3
8826c532d5fffff,H3,2025,6,1.9
8826c532d5fffff,H3,2025,7,1.6
8826c532d5fffff,H3,2025,8,1.4
8826c532d5fffff,H3,2025,9,1.2
8826c532d5fffff,H3,2025,10,1.4
8826c532d5fffff,H3,2025,11,1.6
8826c532d5fffff,H3,2025,12,1.8
8826c532d5fffff,H3,2025,13,2.0
8826c532d5fffff,H3,2025,14,2.3
8826c532d5fffff,H3,2025,15,2.6
8826c532d5fffff,H3,2025,16,3.3
8826c532d5fffff,H3,2025,17,4.3
8826c532d5fffff,H3,2025,18,5.1
8826c532d5fffff,H3,2025,19,5.5
8826c532d5fffff,H3,2025,20,5.7
8826c532d5fffff,H3,2025,21,5.7
8826c532d5fffff,H3,2025,22,5.2
8826c532d5fffff,H3,2025,23,4.7
8826c845c3fffff,H3,2025,0,2.7
8826c845c3fffff,H3,2025,1,2.4
8826c845c3fffff,H3,2025,2,2.0
8826c845c3fffff,H3,2025,3,1.8
8826c845c3fffff,H3,2025,4,1.7
8826c845c3fffff,H3,2025,5,1.6
8826c845c3fffff,H3,2025,6,1.4
8826c845c3fffff,H3,2025,7,1.1
8826c845c3fffff,H3,2025,8,0.9
8826c845c3fffff,H3,2025,9,0.9
8826c845c3fffff,H3,2025,10,0.9
8826c845c3fffff,H3,2025,11,1.0
8826c845c3fffff,H3,2025,12,1.2
8826c845c3fffff,H3,2025,13,1.4
8826c845c3fffff,H3,2025,14,1.6
8826c845c3fffff,H3,2025,15,1.8
8826c845c3fffff,H3,2025,16,2.3
8826c845c3fffff,H3,2025,17,3.0
8826c845c3fffff,H3,2025,18,3.5
8826c845c3fffff,H3,2025,19,3.8
8826c845c3fffff,H3,2025,20,4.0
8826c845c3fffff,H3,2025,21,3.9
8826c845c3fffff,H3,2025,22,3.6
8826c845c3fffff,H3,2025,23,3.2
8826c86031fffff,H3,2025,0,7.7
8826c86031fffff,H3,2025,1,6.8
8826c86031fffff,H3,2025,2,5.9
8826c86031fffff,H3,2025,3,5.3
8826c86031fffff,H3,2025,4,4.8
8826c86031fffff,H3,2025,5,4.4
8826c86031fffff,H3,2025,6,3.9
8826c86031fffff,H3,2025,7,3.1
8826c86031fffff,H3,2025,8,2.6
8826c86031fffff,H3,2025,9,2.5
8826c86031fffff,H3,2025,10,2.7
8826c86031fffff,H3,2025,11,3.1
8826c86031fffff,H3,2025,12,3.6
8826c86031fffff,H3,2025,13,4.0
8826c86031fffff,H3,2025,14,4.5
8826c86031fffff,H3,2025,15,5.2
8826c86031fffff,H3,2025,16,6.6
8826c86031fffff,H3,2025,17,8.6
8826c86031fffff,H3,2025,18,10.1
8826c86031fffff,H3,2025,19,10.8
8826c86031fffff,H3,2025,20,11.2
8826c86031fffff,H3,2025,21,11.0
8826c86031fffff,H3,2025,22,10.3
8826c86031fffff,H3,2025,23,9.2
8826c86083fffff,H3,2025,0,3.0
8826c86083fffff,H3,2025,1,2.6
8826c86083fffff,H3,2025,2,2.3
8826c86083fffff,H3,2025,3,2.0
8826c86083fffff,H3,2025,4,1.8
8826c86083fffff,H3,2025,5,1.7
8826c86083fffff,H3,2025,6,1.5
8826c86083fffff,H3,2025,7,1.2
8826c86083fffff,H3,2025,8,1.0
8826c86083fffff,H3,2025,9,0.9
8826c86083fffff,H3,2025,10,1.0
8826c86083fffff,H3,2025,11,1.2
8826c86083fffff,H3,2025,12,1.4
8826c86083fffff,H3,2025,13,1.6
8826c86083fffff,H3,2025,14,1.7
8826c86083fffff,H3,2025,15,2.0
8826c86083fffff,H3,2025,16,2.5
8826c86083fffff,H3,2025,17,3.3
8826c86083fffff,H3,2025,18,3.9
8826c86083fffff,H3,2025,19,4.2
8826c86083fffff,H3,2025,20,4.3
8826c86083fffff,H3,2025,21,4.3
8826c86083fffff,H3,2025,22,4.0
8826c86083fffff,H3,2025,23,3.5
8826c86423fffff,H3,2025,0,5.1
8826c86423fffff,H3,2025,1,4.5
8826c86423fffff,H3,2025,2,4.0
8826c86423fffff,H3,2025,3,3.5
8826c86423fffff,H3,2025,4,3.2
8826c86423fffff,H3,2025,5,2.8
8826c86423fffff,H3,2025,6,2.6
8826c86423fffff,H3,2025,7,2.0
8826c86423fffff,H3,2025,8,1.7
8826c86423fffff,H3,2025,9,1.6
8826c86423fffff,H3,2025,10,1.8
8826c86423fffff,H3,2025,11,2.0
8826c86423fffff,H3,2025,12,2.4
8826c86423fffff,H3,2025,13,2.6
8826c86423fffff,H3,2025,14,3.0
8826c86423fffff,H3,2025,15,3.4
8826c86423fffff,H3,2025,16,4.3
8826c86423fffff,H3,2025,17,5.7
8826c86423fffff,H3,2025,18,6.6
8826c86423fffff,H3,2025,19,7.2
8826c86423fffff,H3,2025,20,7.4
8826c86423fffff,H3,2025,21,7.3
8826c86423fffff,H3,2025,22,6.8
8826c86423fffff,H3,2025,23,6.0
8826c86dc5fffff,H3,2025,0,1.2
8826c86dc5fffff,H3,2025,1,1.1
8826c86dc5fffff,H3,2025,2,1.0
8826c86dc5fffff,H3,2025,3,0.9
8826c86dc5fffff,H3,2025,4,0.8
8826c86dc5fffff,H3,2025,5,0.7
8826c86dc5fffff,H3,2025,6,0.7
8826c86dc5fffff,H3,2025,7,0.6
8826c86dc5fffff,H3,2025,8,0.5
8826c86dc5fffff,H3,2025,9,0.5
8826c86dc5fffff,H3,2025,10,0.5
8826c86dc5fffff,H3,2025,11,0.6
8826c86dc5fffff,H3,2025,12,0.6
8826c86dc5fffff,H3,2025,13,0.7
8826c86dc5fffff,H3,2025,14,0.8
8826c86dc5fffff,H3,2025,15,0.9
8826c86dc5fffff,H3,2025,16,1.0
8826c86dc5fffff,H3,2025,17,1.4
8826c86dc5fffff,H3,2025,18,1.7
8826c86dc5fffff,H3,2025,19,1.8
8826c86dc5fffff,H3,2025,20,1.8
8826c86dc5fffff,H3,2025,21,1.8
8826c86dc5fffff,H3,2025,22,1.7
8826c86dc5fffff,H3,2025,23,1.5
8826c86e39fffff,H3,2025,0,9.5
8826c86e39fffff,H3,2025,1,8.4
8826c86e39fffff,H3,2025,2,7.4
8826c86e39fffff,H3,2025,3,6.6
8826c86e39fffff,H3,2025,4,6.0
8826c86e39fffff,H3,2025,5,5.5
8826c86e39fffff,H3,2025,6,4.8
8826c86e39fffff,H3,2025,7,3.9
8826c86e39fffff,H3,2025,8,3.2
8826c86e39fffff,H3,2025,9,3.1
8826c86e39fffff,H3,2025,10,3.3
8826c86e39fffff,H3,2025,11,3.9
8826c86e39fffff,H3,2025,12,4.4
8826c86e39fffff,H3,2025,13,4.9
8826c86e39fffff,H3,2025,14,5.5
8826c86e39fffff,H3,2025,15,6.5
8826c86e39fffff,H3,2025,16,8.1
8826c86e39fffff,H3,2025,17,10.6
8826c86e39fffff,H3,2025,18,12.4
8826c86e39fffff,H3,2025,19,13.4
8826c86e39fffff,H3,2025,20,14.0
8826c86e39fffff,H3,2025,21,13.6
8826c86e39fffff,H3,2025,22,12.7
8826c86e39fffff,H3,2025,23,11.4
8826c86ec7fffff,H3,2025,0,8.5
8826c86ec7fffff,H3,2025,1,7.5
8826c86ec7fffff,H3,2025,2,6.6
8826c86ec7fffff,H3,2025,3,5.9
8826c86ec7fffff,H3,2025,4,5.3
8826c86ec7fffff,H3,2025,5,4.9
8826c86ec7fffff,H3,2025,6,4.3
8826c86ec7fffff,H3,2025,7,3.4
8826c86ec7fffff,H3,2025,8,2.8
8826c86ec7fffff,H3,2025,9,2.7
8826c86ec7fffff,H3,2025,10,3.0
8826c86ec7fffff,H3,2025,11,3.4
8826c86ec7fffff,H3,2025,12,4.0
8826c86ec7fffff,H3,2025,13,4.3
8826c86ec7fffff,H3,2025,14,4.9
8826c86ec7fffff,H3,2025,15,5.8
8826c86ec7fffff,H3,2025,16,7.2
8826c86ec7fffff,H3,2025,17,9.4
8826c86ec7fffff,H3,2025,18,11.0
8826c86ec7fffff,H3,2025,19,11.8
8826c86ec7fffff,H3,2025,20,12.4
8826c86ec7fffff,H3,2025,21,12.2
8826c86ec7fffff,H3,2025,22,11.2
8826c86ec7fffff,H3,2025,23,10.1
8826c88f63fffff,H3,2025,0,1.5
8826c88f63fffff,H3,2025,1,1.2
8826c88f63fffff,H3,2025,2,1.1
8826c88f63fffff,H3,2025,3,1.0
8826c88f63fffff,H3,2025,4,0.9
8826c88f63fffff,H3,2025,5,0.8
8826c88f63fffff,H3,2025,6,0.8
8826c88f63fffff,H3,2025,7,0.6
8826c88f63fffff,H3,2025,8,0.5
8826c88f63fffff,H3,2025,9,0.5
8826c88f63fffff,H3,2025,10,0.6
8826c88f63fffff,H3,2025,11,0.6
8826c88f63fffff,H3,2025,12,0.7
8826c88f63fffff,H3,2025,13,0.8
8826c88f63fffff,H3,2025,14,0.9
8826c88f63fffff,H3,2025,15,1.0
8826c88f63fffff,H3,2025,16,1.2
8826c88f63fffff,H3,2025,17,1.6
8826c88f63fffff,H3,2025,18,1.9
8826c88f63fffff,H3,2025,19,2.0
8826c88f63fffff,H3,2025,20,2.2
8826c88f63fffff,H3,2025,21,2.2
8826c88f63fffff,H3,2025,22,1.9
8826c88f63fffff,H3,2025,23,1.7
8826c8b20bfffff,H3,2025,0,8.3
8826c8b20bfffff,H3,2025,1,7.3
8826c8b20bfffff,H3,2025,2,6.4
8826c8b20bfffff,H3,2025,3,5.7
8826c8b20bfffff,H3,2025,4,5.1
8826c8b20bfffff,H3,2025,5,4.7
8826c8b20bfffff,H3,2025,6,4.2
8826c8b20bfffff,H3,2025,7,3.4
8826c8b20bfffff,H3,2025,8,2.8
8826c8b20bfffff,H3,2025,9,2.7
8826c8b20bfffff,H3,2025,10,3.0
8826c8b20bfffff,H3,2025,11,3.4
8826c8b20bfffff,H3,2025,12,4.0
8826c8b20bfffff,H3,2025,13,4.4
8826c8b20bfffff,H3,2025,14,4.9
8826c8b20bfffff,H3,2025,15,5.8
8826c8b20bfffff,H3,2025,16,7.3
8826c8b20bfffff,H3,2025,17,9.4
8826c8b20bfffff,H3,2025,18,11.0
8826c8b20bfffff,H3,2025,19,11.8
8826c8b20bfffff,H3,2025,20,12.3
8826c8b20bfffff,H3,2025,21,11.9
8826c8b20bfffff,H3,2025,22,11.1
8826c8b20bfffff,H3,2025,23,9.9
8826c93731fffff,H3,2025,0,1.8
8826c93731fffff,H3,2025,1,1.6
8826c93731fffff,H3,2025,2,1.4
8826c93731fffff,H3,2025,3,1.2
8826c93731fffff,H3,2025,4,1.1
8826c93731fffff,H3,2025,5,1.0
8826c93731fffff,H3,2025,6,0.9
8826c93731fffff,H3,2025,7,0.7
8826c93731fffff,H3,2025,8,0.6
8826c93731fffff,H3,2025,9,0.6
8826c93731fffff,H3,2025,10,0.6
8826c93731fffff,H3,2025,11,0.7
8826c93731fffff,H3,2025,12,0.8
8826c93731fffff,H3,2025,13,0.9
8826c93731fffff,H3,2025,14,1.0
8826c93731fffff,H3,2025,15,1.1
8826c93731fffff,H3,2025,16,1.5
8826c93731fffff,H3,2025,17,1.9
8826c93731fffff,H3,2025,18,2.3
8826c93731fffff,H3,2025,19,2.4
8826c93731fffff,H3,2025,20,2.5
8826c93731fffff,H3,2025,21,2.5
8826c93731fffff,H3,2025,22,2.3
8826c93731fffff,H3,2025,23,2.0
8826cb912bfffff,H3,2025,0,1.4
8826cb912bfffff,H3,2025,1,1.2
8826cb912bfffff,H3,2025,2,1.0
8826cb912bfffff,H3,2025,3,0.9
8826cb912bfffff,H3,2025,4,0.9
8826cb912bfffff,H3,2025,5,0.8
8826cb912bfffff,H3,2025,6,0.7
8826cb912bfffff,H3,2025,7,0.6
8826cb912bfffff,H3,2025,8,0.5
8826cb912bfffff,H3,2025,9,0.5
8826cb912bfffff,H3,2025,10,0.5
8826cb912bfffff,H3,2025,11,0.6
8826cb912bfffff,H3,2025,12,0.7
8826cb912bfffff,H3,2025,13,0.7
8826cb912bfffff,H3,2025,14,0.8
8826cb912bfffff,H3,2025,15,0.9
8826cb912bfffff,H3,2025,16,1.1
8826cb912bfffff,H3,2025,17,1.6
8826cb912bfffff,H3,2025,18,1.8
8826cb912bfffff,H3,2025,19,1.9
8826cb912bfffff,H3,2025,20,2.0
8826cb912bfffff,H3,2025,21,1.9
8826cb912bfffff,H3,2025,22,1.8
8826cb912bfffff,H3,2025,23,1.6
8826cb9513fffff,H3,2025,0,1.5
8826cb9513fffff,H3,2025,1,1.4
8826cb9513fffff,H3,2025,2,1.1
8826cb9513fffff,H3,2025,3,1.0
8826cb9513fffff,H3,2025,4,0.9
8826cb9513fffff,H3,2025,5,0.9
8826cb9513fffff,H3,2025,6,0.8
8826cb9513fffff,H3,2025,7,0.6
8826cb9513fffff,H3,2025,8,0.6
8826cb9513fffff,H3,2025,9,0.5
8826cb9513fffff,H3,2025,10,0.6
8826cb9513fffff,H3,2025,11,0.6
8826cb9513fffff,H3,2025,12,0.7
8826cb9513fffff,H3,2025,13,0.8
8826cb9513fffff,H3,2025,14,0.9
8826cb9513fffff,H3,2025,15,1.0
8826cb9513fffff,H3,2025,16,1.2
8826cb9513fffff,H3,2025,17,1.7
8826cb9513fffff,H3,2025,18,1.9
8826cb9513fffff,H3,2025,19,2.2
8826cb9513fffff,H3,2025,20,2.2
8826cb9513fffff,H3,2025,21,2.2
8826cb9513fffff,H3,2025,22,2.0
8826cb9513fffff,H3,2025,23,1.8
8826cb9a53fffff,H3,2025,0,13.5
8826cb9a53fffff,H3,2025,1,11.9
8826cb9a53fffff,H3,2025,2,10.3
8826cb9a53fffff,H3,2025,3,9.3
8826cb9a53fffff,H3,2025,4,8.4
8826cb9a53fffff,H3,2025,5,7.7
8826cb9a53fffff,H3,2025,6,6.8
8826cb9a53fffff,H3,2025,7,5.5
8826cb9a53fffff,H3,2025,8,4.5
8826cb9a53fffff,H3,2025,9,4.3
8826cb9a53fffff,H3,2025,10,4.8
8826cb9a53fffff,H3,2025,11,5.5
8826cb9a53fffff,H3,2025,12,6.2
8826cb9a53fffff,H3,2025,13,6.9
8826cb9a53fffff,H3,2025,14,7.7
8826cb9a53fffff,H3,2025,15,9.1
8826cb9a53fffff,H3,2025,16,11.4
8826cb9a53fffff,H3,2025,17,14.9
8826cb9a53fffff,H3,2025,18,17.5
8826cb9a53fffff,H3,2025,19,18.9
8826cb9a53fffff,H3,2025,20,19.7
8826cb9a53fffff,H3,2025,21,19.3
8826cb9a53fffff,H3,2025,22,18.0
8826cb9a53fffff,H3,2025,23,16.0
8826cb9a5bfffff,H3,2025,0,1.6
8826cb9a5bfffff,H3,2025,1,1.4
8826cb9a5bfffff,H3,2025,2,1.2
8826cb9a5bfffff,H3,2025,3,1.0
8826cb9a5bfffff,H3,2025,4,1.0
8826cb9a5bfffff,H3,2025,5,0.9
8826cb9a5bfffff,H3,2025,6,0.8
8826cb9a5bfffff,H3,2025,7,0.7
8826cb9a5bfffff,H3,2025,8,0.6
8826cb9a5bfffff,H3,2025,9,0.5
8826cb9a5bfffff,H3,2025,10,0.6
8826cb9a5bfffff,H3,2025,11,0.7
8826cb9a5bfffff,H3,2025,12,0.7
8826cb9a5bfffff,H3,2025,13,0.8
8826cb9a5bfffff,H3,2025,14,0.9
8826cb9a5bfffff,H3,2025,15,1.0
8826cb9a5bfffff,H3,2025,16,1.2
8826cb9a5bfffff,H3,2025,17,1.7
8826cb9a5bfffff,H3,2025,18,2.0
8826cb9a5bfffff,H3,2025,19,2.2
8826cb9a5bfffff,H3,2025,20,2.3
8826cb9a5bfffff,H3,2025,21,2.2
8826cb9a5bfffff,H3,2025,22,2.0
8826cb9a5bfffff,H3,2025,23,1.8
8826cb9a99fffff,H3,2025,0,4.2
8826cb9a99fffff,H3,2025,1,3.6
8826cb9a99fffff,H3,2025,2,3.2
8826cb9a99fffff,H3,2025,3,2.8
8826cb9a99fffff,H3,2025,4,2.6
8826cb9a99fffff,H3,2025,5,2.4
8826cb9a99fffff,H3,2025,6,2.2
8826cb9a99fffff,H3,2025,7,1.7
8826cb9a99fffff,H3,2025,8,1.5
8826cb9a99fffff,H3,2025,9,1.4
8826cb9a99fffff,H3,2025,10,1.5
8826cb9a99fffff,H3,2025,11,1.7
8826cb9a99fffff,H3,2025,12,2.0
8826cb9a99fffff,H3,2025,13,2.3
8826cb9a99fffff,H3,2025,14,2.5
8826cb9a99fffff,H3,2025,15,3.0
8826cb9a99fffff,H3,2025,16,3.6
8826cb9a99fffff,H3,2025,17,4.8
8826cb9a99fffff,H3,2025,18,5.6
8826cb9a99fffff,H3,2025,19,5.9
8826cb9a99fffff,H3,2025,20,6.1
8826cb9a99fffff,H3,2025,21,6.0
8826cb9a99fffff,H3,2025,22,5.6
8826cb9a99fffff,H3,2025,23,5.0
8826cb9ab3fffff,H3,2025,0,1.6
8826cb9ab3fffff,H3,2025,1,1.4
8826cb9ab3fffff,H3,2025,2,1.2
8826cb9ab3fffff,H3,2025,3,1.1
8826cb9ab3fffff,H3,2025,4,1.0
8826cb9ab3fffff,H3,2025,5,0.9
8826cb9ab3fffff,H3,2025,6,0.8
8826cb9ab3fffff,H3,2025,7,0.7
8826cb9ab3fffff,H3,2025,8,0.6
8826cb9ab3fffff,H3,2025,9,0.6
8826cb9ab3fffff,H3,2025,10,0.6
8826cb9ab3fffff,H3,2025,11,0.7
8826cb9ab3fffff,H3,2025,12,0.8
8826cb9ab3fffff,H3,2025,13,0.8
8826cb9ab3fffff,H3,2025,14,0.9
8826cb9ab3fffff,H3,2025,15,1.0
8826cb9ab3fffff,H3,2025,16,1.4
8826cb9ab3fffff,H3,2025,17,1.8
8826cb9ab3fffff,H3,2025,18,2.0
8826cb9ab3fffff,H3,2025,19,2.3
8826cb9ab3fffff,H3,2025,20,2.4
8826cb9ab3fffff,H3,2025,21,2.3
8826cb9ab3fffff,H3,2025,22,2.2
8826cb9ab3fffff,H3,2025,23,1.9
8826cbc35dfffff,H3,2025,0,2.5
8826cbc35dfffff,H3,2025,1,2.2
8826cbc35dfffff,H3,2025,2,1.8
8826cbc35dfffff,H3,2025,3,1.7
8826cbc35dfffff,H3,2025,4,1.5
8826cbc35dfffff,H3,2025,5,1.4
8826cbc35dfffff,H3,2025,6,1.2
8826cbc35dfffff,H3,2025,7,1.0
8826cbc35dfffff,H3,2025,8,0.9
8826cbc35dfffff,H3,2025,9,0.8
8826cbc35dfffff,H3,2025,10,0.9
8826cbc35dfffff,H3,2025,11,1.0
8826cbc35dfffff,H3,2025,12,1.1
8826cbc35dfffff,H3,2025,13,1.4
8826cbc35dfffff,H3,2025,14,1.5
8826cbc35dfffff,H3,2025,15,1.7
8826cbc35dfffff,H3,2025,16,2.2
8826cbc35dfffff,H3,2025,17,2.8
8826cbc35dfffff,H3,2025,18,3.3
8826cbc35dfffff,H3,2025,19,3.5
8826cbc35dfffff,H3,2025,20,3.6
8826cbc35dfffff,H3,2025,21,3.5
8826cbc35dfffff,H3,2025,22,3.3
8826cbc35dfffff,H3,2025,23,3.0
8826cbd0dbfffff,H3,2025,0,1.8
8826cbd0dbfffff,H3,2025,1,1.6
8826cbd0dbfffff,H3,2025,2,1.4
8826cbd0dbfffff,H3,2025,3,1.2
8826cbd0dbfffff,H3,2025,4,1.1
8826cbd0dbfffff,H3,2025,5,1.0
8826cbd0dbfffff,H3,2025,6,0.9
8826cbd0dbfffff,H3,2025,7,0.7
8826cbd0dbfffff,H3,2025,8,0.6
8826cbd0dbfffff,H3,2025,9,0.6
8826cbd0dbfffff,H3,2025,10,0.7
8826cbd0dbfffff,H3,2025,11,0.7
8826cbd0dbfffff,H3,2025,12,0.9
8826cbd0dbfffff,H3,2025,13,0.9
8826cbd0dbfffff,H3,2025,14,1.0
8826cbd0dbfffff,H3,2025,15,1.2
8826cbd0dbfffff,H3,2025,16,1.6
8826cbd0dbfffff,H3,2025,17,2.0
8826cbd0dbfffff,H3,2025,18,2.4
8826cbd0dbfffff,H3,2025,19,2.5
8826cbd0dbfffff,H3,2025,20,2.6
8826cbd0dbfffff,H3,2025,21,2.6
8826cbd0dbfffff,H3,2025,22,2.4
8826cbd0dbfffff,H3,2025,23,2.2
8826cbd2b5fffff,H3,2025,0,2.3
8826cbd2b5fffff,H3,2025,1,2.0
8826cbd2b5fffff,H3,2025,2,1.7
8826cbd2b5fffff,H3,2025,3,1.6
8826cbd2b5fffff,H3,2025,4,1.5
8826cbd2b5fffff,H3,2025,5,1.2
8826cbd2b5fffff,H3,2025,6,1.1
8826cbd2b5fffff,H3,2025,7,0.9
8826cbd2b5fffff,H3,2025,8,0.8
8826cbd2b5fffff,H3,2025,9,0.8
8826cbd2b5fffff,H3,2025,10,0.8
8826cbd2b5fffff,H3,2025,11,0.9
8826cbd2b5fffff,H3,2025,12,1.0
8826cbd2b5fffff,H3,2025,13,1.1
8826cbd2b5fffff,H3,2025,14,1.2
8826cbd2b5fffff,H3,2025,15,1.6
8826cbd2b5fffff,H3,2025,16,1.9
8826cbd2b5fffff,H3,2025,17,2.5
8826cbd2b5fffff,H3,2025,18,3.0
8826cbd2b5fffff,H3,2025,19,3.2
8826cbd2b5fffff,H3,2025,20,3.3
8826cbd2b5fffff,H3,2025,21,3.3
8826cbd2b5fffff,H3,2025,22,3.1
8826cbd2b5fffff,H3,2025,23,2.7
8826cbd601fffff,H3,2025,0,1.6
8826cbd601fffff,H3,2025,1,1.4
8826cbd601fffff,H3,2025,2,1.1
8826cbd601fffff,H3,2025,3,1.0
8826cbd601fffff,H3,2025,4,0.9
8826cbd601fffff,H3,2025,5,0.9
8826cbd601fffff,H3,2025,6,0.8
8826cbd601fffff,H3,2025,7,0.7
8826cbd601fffff,H3,2025,8,0.6
8826cbd601fffff,H3,2025,9,0.6
8826cbd601fffff,H3,2025,10,0.6
8826cbd601fffff,H3,2025,11,0.7
8826cbd601fffff,H3,2025,12,0.8
8826cbd601fffff,H3,2025,13,0.8
8826cbd601fffff,H3,2025,14,0.9
8826cbd601fffff,H3,2025,15,1.1
8826cbd601fffff,H3,2025,16,1.4
8826cbd601fffff,H3,2025,17,1.8
8826cbd601fffff,H3,2025,18,2.0
8826cbd601fffff,H3,2025,19,2.3
8826cbd601fffff,H3,2025,20,2.3
8826cbd601fffff,H3,2025,21,2.3
8826cbd601fffff,H3,2025,22,2.0
8826cbd601fffff,H3,2025,23,1.8
8826cbd64dfffff,H3,2025,0,3.2
8826cbd64dfffff,H3,2025,1,2.7
8826cbd64dfffff,H3,2025,2,2.4
8826cbd64dfffff,H3,2025,3,2.2
8826cbd64dfffff,H3,2025,4,1.9
8826cbd64dfffff,H3,2025,5,1.8
8826cbd64dfffff,H3,2025,6,1.6
8826cbd64dfffff,H3,2025,7,1.2
8826cbd64dfffff,H3,2025,8,1.0
8826cbd64dfffff,H3,2025,9,1.0
8826cbd64dfffff,H3,2025,10,1.1
8826cbd64dfffff,H3,2025,11,1.2
8826cbd64dfffff,H3,2025,12,1.5
8826cbd64dfffff,H3,2025,13,1.6
8826cbd64dfffff,H3,2025,14,1.8
8826cbd64dfffff,H3,2025,15,2.2
8826cbd64dfffff,H3,2025,16,2.6
8826cbd64dfffff,H3,2025,17,3.4
8826cbd64dfffff,H3,2025,18,4.0
8826cbd64dfffff,H3,2025,19,4.3
8826cbd64dfffff,H3,2025,20,4.5
8826cbd64dfffff,H3,2025,21,4.4
8826cbd64dfffff,H3,2025,22,4.1
8826cbd64dfffff,H3,2025,23,3.6
8826cbd6adfffff,H3,2025,0,6.4
8826cbd6adfffff,H3,2025,1,5.6
8826cbd6adfffff,H3,2025,2,4.9
8826cbd6adfffff,H3,2025,3,4.4
8826cbd6adfffff,H3,2025,4,4.0
8826cbd6adfffff,H3,2025,5,3.6
8826cbd6adfffff,H3,2025,6,3.2
8826cbd6adfffff,H3,2025,7,2.5
8826cbd6adfffff,H3,2025,8,2.2
8826cbd6adfffff,H3,2025,9,2.0
8826cbd6adfffff,H3,2025,10,2.2
8826cbd6adfffff,H3,2025,11,2.5
8826cbd6adfffff,H3,2025,12,3.0
8826cbd6adfffff,H3,2025,13,3.3
8826cbd6adfffff,H3,2025,14,3.6
8826cbd6adfffff,H3,2025,15,4.3
8826cbd6adfffff,H3,2025,16,5.3
8826cbd6adfffff,H3,2025,17,7.0
8826cbd6adfffff,H3,2025,18,8.2
8826cbd6adfffff,H3,2025,19,8.9
8826cbd6adfffff,H3,2025,20,9.2
8826cbd6adfffff,H3,2025,21,9.1
8826cbd6adfffff,H3,2025,22,8.4
8826cbd6adfffff,H3,2025,23,7.5
8826cbd8c5fffff,H3,2025,0,1.7
8826cbd8c5fffff,H3,2025,1,1.5
8826cbd8c5fffff,H3,2025,2,1.4
8826cbd8c5fffff,H3,2025,3,1.2
8826cbd8c5fffff,H3,2025,4,1.0
8826cbd8c5fffff,H3,2025,5,1.0
8826cbd8c5fffff,H3,2025,6,0.9
8826cbd8c5fffff,H3,2025,7,0.7
8826cbd8c5fffff,H3,2025,8,0.6
8826cbd8c5fffff,H3,2025,9,0.6
8826cbd8c5fffff,H3,2025,10,0.6
8826cbd8c5fffff,H3,2025,11,0.7
8826cbd8c5fffff,H3,2025,12,0.8
8826cbd8c5fffff,H3,2025,13,0.9
8826cbd8c5fffff,H3,2025,14,1.0
8826cbd8c5fffff,H3,2025,15,1.1
8826cbd8c5fffff,H3,2025,16,1.5
8826cbd8c5fffff,H3,2025,17,1.9
8826cbd8c5fffff,H3,2025,18,2.3
8826cbd8c5fffff,H3,2025,19,2.4
8826cbd8c5fffff,H3,2025,20,2.5
8826cbd8c5fffff,H3,2025,21,2.5
8826cbd8c5fffff,H3,2025,22,2.3
8826cbd8c5fffff,H3,2025,23,2.0
8826cbda15fffff,H3,2025,0,14.9
8826cbda15fffff,H3,2025,1,13.1
8826cbda15fffff,H3,2025,2,11.4
8826cbda15fffff,H3,2025,3,10.2
8826cbda15fffff,H3,2025,4,9.2
8826cbda15fffff,H3,2025,5,8.4
8826cbda15fffff,H3,2025,6,7.5
8826cbda15fffff,H3,2025,7,6.0
8826cbda15fffff,H3,2025,8,5.1
8826cbda15fffff,H3,2025,9,4.9
8826cbda15fffff,H3,2025,10,5.2
8826cbda15fffff,H3,2025,11,6.0
8826cbda15fffff,H3,2025,12,6.9
8826cbda15fffff,H3,2025,13,7.7
8826cbda15fffff,H3,2025,14,8.6
8826cbda15fffff,H3,2025,15,10.2
8826cbda15fffff,H3,2025,16,12.7
8826cbda15fffff,H3,2025,17,16.6
8826cbda15fffff,H3,2025,18,19.4
8826cbda15fffff,H3,2025,19,20.9
8826cbda15fffff,H3,2025,20,21.7
8826cbda15fffff,H3,2025,21,21.2
8826cbda15fffff,H3,2025,22,19.8
8826cbda15fffff,H3,2025,23,17.5
8826cbdb23fffff,H3,2025,0,1.5
8826cbdb23fffff,H3,2025,1,1.2
8826cbdb23fffff,H3,2025,2,1.1
8826cbdb23fffff,H3,2025,3,1.0
8826cbdb23fffff,H3,2025,4,0.9
8826cbdb23fffff,H3,2025,5,0.8
8826cbdb23fffff,H3,2025,6,0.8
8826cbdb23fffff,H3,2025,7,0.6
8826cbdb23fffff,H3,2025,8,0.6
8826cbdb23fffff,H3,2025,9,0.5
8826cbdb23fffff,H3,2025,10,0.6
8826cbdb23fffff,H3,2025,11,0.7
8826cbdb23fffff,H3,2025,12,0.7
8826cbdb23fffff,H3,2025,13,0.8
8826cbdb23fffff,H3,2025,14,0.9
8826cbdb23fffff,H3,2025,15,1.0
8826cbdb23fffff,H3,2025,16,1.2
8826cbdb23fffff,H3,2025,17,1.7
8826cbdb23fffff,H3,2025,18,1.9
8826cbdb23fffff,H3,2025,19,2.2
8826cbdb23fffff,H3,2025,20,2.2
8826cbdb23fffff,H3,2025,21,2.2
8826cbdb23fffff,H3,2025,22,2.0
8826cbdb23fffff,H3,2025,23,1.8
8826cbdb47fffff,H3,2025,0,5.2
8826cbdb47fffff,H3,2025,1,4.5
8826cbdb47fffff,H3,2025,2,4.0
8826cbdb47fffff,H3,2025,3,3.5
8826cbdb47fffff,H3,2025,4,3.2
8826cbdb47fffff,H3,2025,5,3.0
8826cbdb47fffff,H3,2025,6,2.6
8826cbdb47fffff,H3,2025,7,2.2
8826cbdb47fffff,H3,2025,8,1.8
8826cbdb47fffff,H3,2025,9,1.8
8826cbdb47fffff,H3,2025,10,1.9
8826cbdb47fffff,H3,2025,11,2.2
8826cbdb47fffff,H3,2025,12,2.6
8826cbdb47fffff,H3,2025,13,2.8
8826cbdb47fffff,H3,2025,14,3.2
8826cbdb47fffff,H3,2025,15,3.8
8826cbdb47fffff,H3,2025,16,4.7
8826cbdb47fffff,H3,2025,17,6.0
8826cbdb47fffff,H3,2025,18,7.0
8826cbdb47fffff,H3,2025,19,7.5
8826cbdb47fffff,H3,2025,20,7.7
8826cbdb47fffff,H3,2025,21,7.5
8826cbdb47fffff,H3,2025,22,6.9
8826cbdb47fffff,H3,2025,23,6.1
8826cc5531fffff,H3,2025,0,1.4
8826cc5531fffff,H3,2025,1,1.1
8826cc5531fffff,H3,2025,2,1.0
8826cc5531fffff,H3,2025,3,0.9
8826cc5531fffff,H3,2025,4,0.8
8826cc5531fffff,H3,2025,5,0.8
8826cc5531fffff,H3,2025,6,0.7
8826cc5531fffff,H3,2025,7,0.6
8826cc5531fffff,H3,2025,8,0.5
8826cc5531fffff,H3,2025,9,0.5
8826cc5531fffff,H3,2025,10,0.5
8826cc5531fffff,H3,2025,11,0.6
8826cc5531fffff,H3,2025,12,0.7
8826cc5531fffff,H3,2025,13,0.7
8826cc5531fffff,H3,2025,14,0.8
8826cc5531fffff,H3,2025,15,0.9
8826cc5531fffff,H3,2025,16,1.1
8826cc5531fffff,H3,2025,17,1.5
8826cc5531fffff,H3,2025,18,1.7
8826cc5531fffff,H3,2025,19,1.8
8826cc5531fffff,H3,2025,20,1.9
8826cc5531fffff,H3,2025,21,1.9
8826cc5531fffff,H3,2025,22,1.7
8826cc5531fffff,H3,2025,23,1.6
8826ce48e1fffff,H3,2025,0,2.3
8826ce48e1fffff,H3,2025,1,1.9
8826ce48e1fffff,H3,2025,2,1.7
8826ce48e1fffff,H3,2025,3,1.5
8826ce48e1fffff,H3,2025,4,1.4
8826ce48e1fffff,H3,2025,5,1.2
8826ce48e1fffff,H3,2025,6,1.1
8826ce48e1fffff,H3,2025,7,0.9
8826ce48e1fffff,H3,2025,8,0.9
8826ce48e1fffff,H3,2025,9,0.9
8826ce48e1fffff,H3,2025,10,0.9
8826ce48e1fffff,H3,2025,11,1.0
8826ce48e1fffff,H3,2025,12,1.2
8826ce48e1fffff,H3,2025,13,1.4
8826ce48e1fffff,H3,2025,14,1.5
8826ce48e1fffff,H3,2025,15,1.7
8826ce48e1fffff,H3,2025,16,2.0
8826ce48e1fffff,H3,2025,17,2.6
8826ce48e1fffff,H3,2025,18,3.1
8826ce48e1fffff,H3,2025,19,3.3
8826ce48e1fffff,H3,2025,20,3.4
8826ce48e1fffff,H3,2025,21,3.3
8826ce48e1fffff,H3,2025,22,3.1
8826ce48e1fffff,H3,2025,23,2.7
8826d15001fffff,H3,2025,0,2.4
8826d15001fffff,H3,2025,1,2.0
8826d15001fffff,H3,2025,2,1.8
8826d15001fffff,H3,2025,3,1.6
8826d15001fffff,H3,2025,4,1.5
8826d15001fffff,H3,2025,5,1.4
8826d15001fffff,H3,2025,6,1.1
8826d15001fffff,H3,2025,7,0.9
8826d15001fffff,H3,2025,8,0.8
8826d15001fffff,H3,2025,9,0.8
8826d15001fffff,H3,2025,10,0.8
8826d15001fffff,H3,2025,11,0.9
8826d15001fffff,H3,2025,12,1.0
8826d15001fffff,H3,2025,13,1.2
8826d15001fffff,H3,2025,14,1.4
8826d15001fffff,H3,2025,15,1.6
8826d15001fffff,H3,2025,16,1.9
8826d15001fffff,H3,2025,17,2.6
8826d15001fffff,H3,2025,18,3.1
8826d15001fffff,H3,2025,19,3.3
8826d15001fffff,H3,2025,20,3.4
8826d15001fffff,H3,2025,21,3.3
8826d15001fffff,H3,2025,22,3.1
8826d15001fffff,H3,2025,23,2.7
8826d15011fffff,H3,2025,0,7.6
8826d15011fffff,H3,2025,1,6.6
8826d15011fffff,H3,2025,2,5.8
8826d15011fffff,H3,2025,3,5.1
8826d15011fffff,H3,2025,4,4.7
8826d15011fffff,H3,2025,5,4.3
8826d15011fffff,H3,2025,6,3.9
8826d15011fffff,H3,2025,7,3.2
8826d15011fffff,H3,2025,8,2.6
8826d15011fffff,H3,2025,9,2.5
8826d15011fffff,H3,2025,10,2.7
8826d15011fffff,H3,2025,11,3.2
8826d15011fffff,H3,2025,12,3.6
8826d15011fffff,H3,2025,13,4.1
8826d15011fffff,H3,2025,14,4.5
8826d15011fffff,H3,2025,15,5.3
8826d15011fffff,H3,2025,16,6.7
8826d15011fffff,H3,2025,17,8.8
8826d15011fffff,H3,2025,18,10.2
8826d15011fffff,H3,2025,19,11.0
8826d15011fffff,H3,2025,20,11.5
8826d15011fffff,H3,2025,21,11.1
8826d15011fffff,H3,2025,22,10.2
8826d15011fffff,H3,2025,23,9.0
8826d15067fffff,H3,2025,0,3.9
8826d15067fffff,H3,2025,1,3.4
8826d15067fffff,H3,2025,2,3.0
8826d15067fffff,H3,2025,3,2.6
8826d15067fffff,H3,2025,4,2.4
8826d15067fffff,H3,2025,5,2.2
8826d15067fffff,H3,2025,6,1.9
8826d15067fffff,H3,2025,7,1.6
8826d15067fffff,H3,2025,8,1.2
8826d15067fffff,H3,2025,9,1.2
8826d15067fffff,H3,2025,10,1.4
8826d15067fffff,H3,2025,11,1.6
8826d15067fffff,H3,2025,12,1.8
8826d15067fffff,H3,2025,13,2.0
8826d15067fffff,H3,2025,14,2.3
8826d15067fffff,H3,2025,15,2.6
8826d15067fffff,H3,2025,16,3.3
8826d15067fffff,H3,2025,17,4.3
8826d15067fffff,H3,2025,18,5.0
8826d15067fffff,H3,2025,19,5.5
8826d15067fffff,H3,2025,20,5.7
8826d15067fffff,H3,2025,21,5.5
8826d15067fffff,H3,2025,22,5.1
8826d15067fffff,H3,2025,23,4.5
8826d15131fffff,H3,2025,0,1.7
8826d15131fffff,H3,2025,1,1.5
8826d15131fffff,H3,2025,2,1.2
8826d15131fffff,H3,2025,3,1.1
8826d15131fffff,H3,2025,4,1.0
8826d15131fffff,H3,2025,5,0.9
8826d15131fffff,H3,2025,6,0.9
8826d15131fffff,H3,2025,7,0.7
8826d15131fffff,H3,2025,8,0.6
8826d15131fffff,H3,2025,9,0.6
8826d15131fffff,H3,2025,10,0.6
8826d15131fffff,H3,2025,11,0.7
8826d15131fffff,H3,2025,12,0.8
8826d15131fffff,H3,2025,13,0.9
8826d15131fffff,H3,2025,14,1.0
8826d15131fffff,H3,2025,15,1.1
8826d15131fffff,H3,2025,16,1.4
8826d15131fffff,H3,2025,17,1.8
8826d15131fffff,H3,2025,18,2.2
8826d15131fffff,H3,2025,19,2.4
8826d15131fffff,H3,2025,20,2.5
8826d15131fffff,H3,2025,21,2.4
8826d15131fffff,H3,2025,22,2.3
8826d15131fffff,H3,2025,23,2.0
8826d1c53dfffff,H3,2025,0,1.7
8826d1c53dfffff,H3,2025,1,1.6
8826d1c53dfffff,H3,2025,2,1.4
8826d1c53dfffff,H3,2025,3,1.2
8826d1c53dfffff,H3,2025,4,1.1
8826d1c53dfffff,H3,2025,5,1.0
8826d1c53dfffff,H3,2025,6,0.9
8826d1c53dfffff,H3,2025,7,0.7
8826d1c53dfffff,H3,2025,8,0.6
8826d1c53dfffff,H3,2025,9,0.6
8826d1c53dfffff,H3,2025,10,0.6
8826d1c53dfffff,H3,2025,11,0.7
8826d1c53dfffff,H3,2025,12,0.8
8826d1c53dfffff,H3,2025,13,0.9
8826d1c53dfffff,H3,2025,14,1.0
8826d1c53dfffff,H3,2025,15,1.2
8826d1c53dfffff,H3,2025,16,1.5
8826d1c53dfffff,H3,2025,17,1.9
8826d1c53dfffff,H3,2025,18,2.3
8826d1c53dfffff,H3,2025,19,2.5
8826d1c53dfffff,H3,2025,20,2.5
8826d1c53dfffff,H3,2025,21,2.5
8826d1c53dfffff,H3,2025,22,2.3
8826d1c53dfffff,H3,2025,23,2.0
8826d34d13fffff,H3,2025,0,4.9
8826d34d13fffff,H3,2025,1,4.3
8826d34d13fffff,H3,2025,2,3.8
8826d34d13fffff,H3,2025,3,3.3
8826d34d13fffff,H3,2025,4,3.0
8826d34d13fffff,H3,2025,5,2.7
8826d34d13fffff,H3,2025,6,2.5
8826d34d13fffff,H3,2025,7,2.0
8826d34d13fffff,H3,2025,8,1.8
8826d34d13fffff,H3,2025,9,1.7
8826d34d13fffff,H3,2025,10,1.8
8826d34d13fffff,H3,2025,11,2.2
8826d34d13fffff,H3,2025,12,2.5
8826d34d13fffff,H3,2025,13,2.7
8826d34d13fffff,H3,2025,14,3.1
8826d34d13fffff,H3,2025,15,3.6
8826d34d13fffff,H3,2025,16,4.4
8826d34d13fffff,H3,2025,17,5.8
8826d34d13fffff,H3,2025,18,6.7
8826d34d13fffff,H3,2025,19,7.2
8826d34d13fffff,H3,2025,20,7.4
8826d34d13fffff,H3,2025,21,7.2
8826d34d13fffff,H3,2025,22,6.6
8826d34d13fffff,H3,2025,23,5.8
8826d94f43fffff,H3,2025,0,4.9
8826d94f43fffff,H3,2025,1,4.2
8826d94f43fffff,H3,2025,2,3.6
8826d94f43fffff,H3,2025,3,3.3
8826d94f43fffff,H3,2025,4,3.0
8826d94f43fffff,H3,2025,5,2.7
8826d94f43fffff,H3,2025,6,2.5
8826d94f43fffff,H3,2025,7,2.2
8826d94f43fffff,H3,2025,8,1.8
8826d94f43fffff,H3,2025,9,1.7
8826d94f43fffff,H3,2025,10,1.9
8826d94f43fffff,H3,2025,11,2.2
8826d94f43fffff,H3,2025,12,2.5
8826d94f43fffff,H3,2025,13,2.8
8826d94f43fffff,H3,2025,14,3.1
8826d94f43fffff,H3,2025,15,3.8
8826d94f43fffff,H3,2025,16,4.7
8826d94f43fffff,H3,2025,17,5.9
8826d94f43fffff,H3,2025,18,6.8
8826d94f43fffff,H3,2025,19,7.3
8826d94f43fffff,H3,2025,20,7.5
8826d94f43fffff,H3,2025,21,7.2
8826d94f43fffff,H3,2025,22,6.6
8826d94f43fffff,H3,2025,23,5.8
8826de6b0dfffff,H3,2025,0,1.5
8826de6b0dfffff,H3,2025,1,1.2
8826de6b0dfffff,H3,2025,2,1.1
8826de6b0dfffff,H3,2025,3,1.0
8826de6b0dfffff,H3,2025,4,0.9
8826de6b0dfffff,H3,2025,5,0.8
8826de6b0dfffff,H3,2025,6,0.8
8826de6b0dfffff,H3,2025,7,0.6
8826de6b0dfffff,H3,2025,8,0.5
8826de6b0dfffff,H3,2025,9,0.5
8826de6b0dfffff,H3,2025,10,0.6
8826de6b0dfffff,H3,2025,11,0.6
8826de6b0dfffff,H3,2025,12,0.7
8826de6b0dfffff,H3,2025,13,0.8
8826de6b0dfffff,H3,2025,14,0.8
8826de6b0dfffff,H3,2025,15,1.0
8826de6b0dfffff,H3,2025,16,1.2
8826de6b0dfffff,H3,2025,17,1.6
8826de6b0dfffff,H3,2025,18,1.9
8826de6b0dfffff,H3,2025,19,2.0
8826de6b0dfffff,H3,2025,20,2.2
8826de6b0dfffff,H3,2025,21,2.0
8826de6b0dfffff,H3,2025,22,1.9
8826de6b0dfffff,H3,2025,23,1.7
8826de799bfffff,H3,2025,0,1.4
8826de799bfffff,H3,2025,1,1.2
8826de799bfffff,H3,2025,2,1.0
8826de799bfffff,H3,2025,3,1.0
8826de799bfffff,H3,2025,4,0.9
8826de799bfffff,H3,2025,5,0.8
8826de799bfffff,H3,2025,6,0.7
8826de799bfffff,H3,2025,7,0.6
8826de799bfffff,H3,2025,8,0.5
8826de799bfffff,H3,2025,9,0.5
8826de799bfffff,H3,2025,10,0.5
8826de799bfffff,H3,2025,11,0.6
8826de799bfffff,H3,2025,12,0.7
8826de799bfffff,H3,2025,13,0.7
8826de799bfffff,H3,2025,14,0.8
8826de799bfffff,H3,2025,15,0.9
8826de799bfffff,H3,2025,16,1.2
8826de799bfffff,H3,2025,17,1.6
8826de799bfffff,H3,2025,18,1.8
8826de799bfffff,H3,2025,19,1.9
8826de799bfffff,H3,2025,20,2.0
8826de799bfffff,H3,2025,21,2.0
8826de799bfffff,H3,2025,22,1.8
8826de799bfffff,H3,2025,23,1.7
8826e0cb3dfffff,H3,2025,0,4.1
8826e0cb3dfffff,H3,2025,1,3.6
8826e0cb3dfffff,H3,2025,2,3.2
8826e0cb3dfffff,H3,2025,3,2.8
8826e0cb3dfffff,H3,2025,4,2.6
8826e0cb3dfffff,H3,2025,5,2.3
8826e0cb3dfffff,H3,2025,6,2.0
8826e0cb3dfffff,H3,2025,7,1.6
8826e0cb3dfffff,H3,2025,8,1.4
8826e0cb3dfffff,H3,2025,9,1.4
8826e0cb3dfffff,H3,2025,10,1.5
8826e0cb3dfffff,H3,2025,11,1.6
8826e0cb3dfffff,H3,2025,12,1.9
8826e0cb3dfffff,H3,2025,13,2.2
8826e0cb3dfffff,H3,2025,14,2.4
8826e0cb3dfffff,H3,2025,15,2.8
8826e0cb3dfffff,H3,2025,16,3.5
8826e0cb3dfffff,H3,2025,17,4.5
8826e0cb3dfffff,H3,2025,18,5.3
8826e0cb3dfffff,H3,2025,19,5.8
8826e0cb3dfffff,H3,2025,20,6.0
8826e0cb3dfffff,H3,2025,21,5.9
8826e0cb3dfffff,H3,2025,22,5.5
8826e0cb3dfffff,H3,2025,23,4.9
8826e31359fffff,H3,2025,0,3.8
8826e31359fffff,H3,2025,1,3.3
8826e31359fffff,H3,2025,2,2.8
8826e31359fffff,H3,2025,3,2.5
8826e31359fffff,H3,2025,4,2.3
8826e31359fffff,H3,2025,5,2.0
8826e31359fffff,H3,2025,6,1.8
8826e31359fffff,H3,2025,7,1.5
8826e31359fffff,H3,2025,8,1.2
8826e31359fffff,H3,2025,9,1.2
8826e31359fffff,H3,2025,10,1.4
8826e31359fffff,H3,2025,11,1.5
8826e31359fffff,H3,2025,12,1.7
8826e31359fffff,H3,2025,13,1.9
8826e31359fffff,H3,2025,14,2.2
8826e31359fffff,H3,2025,15,2.6
8826e31359fffff,H3,2025,16,3.2
8826e31359fffff,H3,2025,17,4.2
8826e31359fffff,H3,2025,18,4.9
8826e31359fffff,H3,2025,19,5.2
8826e31359fffff,H3,2025,20,5.5
8826e31359fffff,H3,2025,21,5.3
8826e31359fffff,H3,2025,22,4.9
8826e31359fffff,H3,2025,23,4.4
8826e389adfffff,H3,2025,0,4.5
8826e389adfffff,H3,2025,1,4.0
8826e389adfffff,H3,2025,2,3.4
8826e389adfffff,H3,2025,3,3.1
8826e389adfffff,H3,2025,4,2.8
8826e389adfffff,H3,2025,5,2.5
8826e389adfffff,H3,2025,6,2.3
8826e389adfffff,H3,2025,7,1.8
8826e389adfffff,H3,2025,8,1.6
8826e389adfffff,H3,2025,9,1.5
8826e389adfffff,H3,2025,10,1.6
8826e389adfffff,H3,2025,11,1.8
8826e389adfffff,H3,2025,12,2.2
8826e389adfffff,H3,2025,13,2.4
8826e389adfffff,H3,2025,14,2.6
8826e389adfffff,H3,2025,15,3.1
8826e389adfffff,H3,2025,16,3.9
8826e389adfffff,H3,2025,17,5.0
8826e389adfffff,H3,2025,18,5.9
8826e389adfffff,H3,2025,19,6.4
8826e389adfffff,H3,2025,20,6.6
8826e389adfffff,H3,2025,21,6.5
8826e389adfffff,H3,2025,22,5.9
8826e389adfffff,H3,2025,23,5.3
8826e3c55bfffff,H3,2025,0,1.6
8826e3c55bfffff,H3,2025,1,1.4
8826e3c55bfffff,H3,2025,2,1.2
8826e3c55bfffff,H3,2025,3,1.1
8826e3c55bfffff,H3,2025,4,1.0
8826e3c55bfffff,H3,2025,5,0.9
8826e3c55bfffff,H3,2025,6,0.8
8826e3c55bfffff,H3,2025,7,0.7
8826e3c55bfffff,H3,2025,8,0.6
8826e3c55bfffff,H3,2025,9,0.6
8826e3c55bfffff,H3,2025,10,0.6
8826e3c55bfffff,H3,2025,11,0.7
8826e3c55bfffff,H3,2025,12,0.7
8826e3c55bfffff,H3,2025,13,0.8
8826e3c55bfffff,H3,2025,14,0.9
8826e3c55bfffff,H3,2025,15,1.0
8826e3c55bfffff,H3,2025,16,1.4
8826e3c55bfffff,H3,2025,17,1.7
8826e3c55bfffff,H3,2025,18,2.0
8826e3c55bfffff,H3,2025,19,2.2
8826e3c55bfffff,H3,2025,20,2.3
8826e3c55bfffff,H3,2025,21,2.3
8826e3c55bfffff,H3,2025,22,2.0
8826e3c55bfffff,H3,2025,23,1.8
8826e3c6c5fffff,H3,2025,0,3.0
8826e3c6c5fffff,H3,2025,1,2.6
8826e3c6c5fffff,H3,2025,2,2.3
8826e3c6c5fffff,H3,2025,3,2.0
8826e3c6c5fffff,H3,2025,4,1.9
8826e3c6c5fffff,H3,2025,5,1.7
8826e3c6c5fffff,H3,2025,6,1.5
8826e3c6c5fffff,H3,2025,7,1.2
8826e3c6c5fffff,H3,2025,8,1.0
8826e3c6c5fffff,H3,2025,9,0.9
8826e3c6c5fffff,H3,2025,10,1.0
8826e3c6c5fffff,H3,2025,11,1.2
8826e3c6c5fffff,H3,2025,12,1.4
8826e3c6c5fffff,H3,2025,13,1.6
8826e3c6c5fffff,H3,2025,14,1.7
8826e3c6c5fffff,H3,2025,15,2.0
8826e3c6c5fffff,H3,2025,16,2.5
8826e3c6c5fffff,H3,2025,17,3.3
8826e3c6c5fffff,H3,2025,18,3.9
8826e3c6c5fffff,H3,2025,19,4.2
8826e3c6c5fffff,H3,2025,20,4.4
8826e3c6c5fffff,H3,2025,21,4.3
8826e3c6c5fffff,H3,2025,22,4.0
8826e3c6c5fffff,H3,2025,23,3.5
8826e3d6b5fffff,H3,2025,0,1.2
8826e3d6b5fffff,H3,2025,1,1.1
8826e3d6b5fffff,H3,2025,2,0.9
8826e3d6b5fffff,H3,2025,3,0.9
8826e3d6b5fffff,H3,2025,4,0.8
8826e3d6b5fffff,H3,2025,5,0.7
8826e3d6b5fffff,H3,2025,6,0.7
8826e3d6b5fffff,H3,2025,7,0.5
8826e3d6b5fffff,H3,2025,8,0.5
8826e3d6b5fffff,H3,2025,9,0.5
8826e3d6b5fffff,H3,2025,10,0.5
8826e3d6b5fffff,H3,2025,11,0.5
8826e3d6b5fffff,H3,2025,12,0.6
8826e3d6b5fffff,H3,2025,13,0.7
8826e3d6b5fffff,H3,2025,14,0.7
8826e3d6b5fffff,H3,2025,15,0.9
8826e3d6b5fffff,H3,2025,16,1.0
8826e3d6b5fffff,H3,2025,17,1.4
8826e3d6b5fffff,H3,2025,18,1.6
8826e3d6b5fffff,H3,2025,19,1.8
8826e3d6b5fffff,H3,2025,20,1.8
8826e3d6b5fffff,H3,2025,21,1.8
8826e3d6b5fffff,H3,2025,22,1.7
8826e3d6b5fffff,H3,2025,23,1.5
8826e420edfffff,H3,2025,0,4.2
8826e420edfffff,H3,2025,1,3.6
8826e420edfffff,H3,2025,2,3.2
8826e420edfffff,H3,2025,3,3.0
8826e420edfffff,H3,2025,4,2.6
8826e420edfffff,H3,2025,5,2.4
8826e420edfffff,H3,2025,6,2.2
8826e420edfffff,H3,2025,7,1.7
8826e420edfffff,H3,2025,8,1.4
8826e420edfffff,H3,2025,9,1.4
8826e420edfffff,H3,2025,10,1.5
8826e420edfffff,H3,2025,11,1.7
8826e420edfffff,H3,2025,12,1.9
8826e420edfffff,H3,2025,13,2.2
8826e420edfffff,H3,2025,14,2.4
8826e420edfffff,H3,2025,15,2.8
8826e420edfffff,H3,2025,16,3.5
8826e420edfffff,H3,2025,17,4.7
8826e420edfffff,H3,2025,18,5.5
8826e420edfffff,H3,2025,19,5.9
8826e420edfffff,H3,2025,20,6.1
8826e420edfffff,H3,2025,21,6.0
8826e420edfffff,H3,2025,22,5.6
8826e420edfffff,H3,2025,23,5.0
8826e421e9fffff,H3,2025,0,1.8
8826e421e9fffff,H3,2025,1,1.6
8826e421e9fffff,H3,2025,2,1.4
8826e421e9fffff,H3,2025,3,1.2
8826e421e9fffff,H3,2025,4,1.1
8826e421e9fffff,H3,2025,5,1.0
8826e421e9fffff,H3,2025,6,0.9
8826e421e9fffff,H3,2025,7,0.7
8826e421e9fffff,H3,2025,8,0.6
8826e421e9fffff,H3,2025,9,0.6
8826e421e9fffff,H3,2025,10,0.6
8826e421e9fffff,H3,2025,11,0.7
8826e421e9fffff,H3,2025,12,0.8
8826e421e9fffff,H3,2025,13,0.9
8826e421e9fffff,H3,2025,14,1.0
8826e421e9fffff,H3,2025,15,1.2
8826e421e9fffff,H3,2025,16,1.5
8826e421e9fffff,H3,2025,17,1.9
8826e421e9fffff,H3,2025,18,2.3
8826e421e9fffff,H3,2025,19,2.5
8826e421e9fffff,H3,2025,20,2.6
8826e421e9fffff,H3,2025,21,2.5
8826e421e9fffff,H3,2025,22,2.4
8826e421e9fffff,H3,2025,23,2.0
8826e429bbfffff,H3,2025,0,14.2
8826e429bbfffff,H3,2025,1,12.4
8826e429bbfffff,H3,2025,2,10.7
8826e429bbfffff,H3,2025,3,9.7
8826e429bbfffff,H3,2025,4,8.8
8826e429bbfffff,H3,2025,5,8.0
8826e429bbfffff,H3,2025,6,7.3
8826e429bbfffff,H3,2025,7,5.9
8826e429bbfffff,H3,2025,8,5.1
8826e429bbfffff,H3,2025,9,5.0
8826e429bbfffff,H3,2025,10,5.5
8826e429bbfffff,H3,2025,11,6.1
8826e429bbfffff,H3,2025,12,7.2
8826e429bbfffff,H3,2025,13,8.0
8826e429bbfffff,H3,2025,14,8.9
8826e429bbfffff,H3,2025,15,10.3
8826e429bbfffff,H3,2025,16,13.0
8826e429bbfffff,H3,2025,17,16.7
8826e429bbfffff,H3,2025,18,19.4
8826e429bbfffff,H3,2025,19,20.7
8826e429bbfffff,H3,2025,20,21.4
8826e429bbfffff,H3,2025,21,20.7
8826e429bbfffff,H3,2025,22,19.1
8826e429bbfffff,H3,2025,23,16.8
8826e51041fffff,H3,2025,0,5.5
8826e51041fffff,H3,2025,1,4.8
8826e51041fffff,H3,2025,2,4.1
8826e51041fffff,H3,2025,3,3.8
8826e51041fffff,H3,2025,4,3.4
8826e51041fffff,H3,2025,5,3.1
8826e51041fffff,H3,2025,6,2.7
8826e51041fffff,H3,2025,7,2.2
8826e51041fffff,H3,2025,8,1.9
8826e51041fffff,H3,2025,9,1.8
8826e51041fffff,H3,2025,10,2.0
8826e51041fffff,H3,2025,11,2.3
8826e51041fffff,H3,2025,12,2.6
8826e51041fffff,H3,2025,13,3.0
8826e51041fffff,H3,2025,14,3.3
8826e51041fffff,H3,2025,15,3.9
8826e51041fffff,H3,2025,16,4.8
8826e51041fffff,H3,2025,17,6.1
8826e51041fffff,H3,2025,18,7.2
8826e51041fffff,H3,2025,19,7.7
8826e51041fffff,H3,2025,20,8.0
8826e51041fffff,H3,2025,21,7.8
8826e51041fffff,H3,2025,22,7.3
8826e51041fffff,H3,2025,23,6.5
8826e51057fffff,H3,2025,0,8.8
8826e51057fffff,H3,2025,1,7.6
8826e51057fffff,H3,2025,2,6.6
8826e51057fffff,H3,2025,3,6.0
8826e51057fffff,H3,2025,4,5.5
8826e51057fffff,H3,2025,5,4.9
8826e51057fffff,H3,2025,6,4.3
8826e51057fffff,H3,2025,7,3.5
8826e51057fffff,H3,2025,8,3.0
8826e51057fffff,H3,2025,9,2.8
8826e51057fffff,H3,2025,10,3.1
8826e51057fffff,H3,2025,11,3.5
8826e51057fffff,H3,2025,12,4.1
8826e51057fffff,H3,2025,13,4.5
8826e51057fffff,H3,2025,14,5.1
8826e51057fffff,H3,2025,15,5.9
8826e51057fffff,H3,2025,16,7.4
8826e51057fffff,H3,2025,17,9.7
8826e51057fffff,H3,2025,18,11.4
8826e51057fffff,H3,2025,19,12.2
8826e51057fffff,H3,2025,20,12.7
8826e51057fffff,H3,2025,21,12.4
8826e51057fffff,H3,2025,22,11.5
8826e51057fffff,H3,2025,23,10.2
8826e510bdfffff,H3,2025,0,3.2
8826e510bdfffff,H3,2025,1,2.7
8826e510bdfffff,H3,2025,2,2.4
8826e510bdfffff,H3,2025,3,2.2
8826e510bdfffff,H3,2025,4,1.9
8826e510bdfffff,H3,2025,5,1.8
8826e510bdfffff,H3,2025,6,1.6
8826e510bdfffff,H3,2025,7,1.2
8826e510bdfffff,H3,2025,8,1.0
8826e510bdfffff,H3,2025,9,1.0
8826e510bdfffff,H3,2025,10,1.1
8826e510bdfffff,H3,2025,11,1.2
8826e510bdfffff,H3,2025,12,1.5
8826e510bdfffff,H3,2025,13,1.6
8826e510bdfffff,H3,2025,14,1.8
8826e510bdfffff,H3,2025,15,2.2
8826e510bdfffff,H3,2025,16,2.7
8826e510bdfffff,H3,2025,17,3.5
8826e510bdfffff,H3,2025,18,4.1
8826e510bdfffff,H3,2025,19,4.4
8826e510bdfffff,H3,2025,20,4.7
8826e510bdfffff,H3,2025,21,4.5
8826e510bdfffff,H3,2025,22,4.2
8826e510bdfffff,H3,2025,23,3.8
8826e5121dfffff,H3,2025,0,7.5
8826e5121dfffff,H3,2025,0,1.5
8826e5121dfffff,H3,2025,1,6.6
8826e5121dfffff,H3,2025,1,1.2
8826e5121dfffff,H3,2025,2,5.7
8826e5121dfffff,H3,2025,2,1.1
8826e5121dfffff,H3,2025,3,5.1
8826e5121dfffff,H3,2025,3,1.0
8826e5121dfffff,H3,2025,4,4.7
8826e5121dfffff,H3,2025,4,0.9
8826e5121dfffff,H3,2025,5,4.2
8826e5121dfffff,H3,2025,5,0.8
8826e5121dfffff,H3,2025,6,3.8
8826e5121dfffff,H3,2025,6,0.7
8826e5121dfffff,H3,2025,7,3.0
8826e5121dfffff,H3,2025,7,0.6
8826e5121dfffff,H3,2025,8,2.5
8826e5121dfffff,H3,2025,8,0.5
8826e5121dfffff,H3,2025,9,2.4
8826e5121dfffff,H3,2025,9,0.5
8826e5121dfffff,H3,2025,10,2.6
8826e5121dfffff,H3,2025,10,0.6
8826e5121dfffff,H3,2025,11,3.0
8826e5121dfffff,H3,2025,11,0.6
8826e5121dfffff,H3,2025,12,3.4
8826e5121dfffff,H3,2025,12,0.7
8826e5121dfffff,H3,2025,13,3.9
8826e5121dfffff,H3,2025,13,0.8
8826e5121dfffff,H3,2025,14,4.3
8826e5121dfffff,H3,2025,14,0.8
8826e5121dfffff,H3,2025,15,5.0
8826e5121dfffff,H3,2025,15,1.0
8826e5121dfffff,H3,2025,16,6.2
8826e5121dfffff,H3,2025,16,1.2
8826e5121dfffff,H3,2025,17,8.3
8826e5121dfffff,H3,2025,17,1.6
8826e5121dfffff,H3,2025,18,9.7
8826e5121dfffff,H3,2025,18,1.9
8826e5121dfffff,H3,2025,19,10.5
8826e5121dfffff,H3,2025,19,2.0
8826e5121dfffff,H3,2025,20,10.9
8826e5121dfffff,H3,2025,20,2.2
8826e5121dfffff,H3,2025,21,10.7
8826e5121dfffff,H3,2025,21,2.0
8826e5121dfffff,H3,2025,22,9.9
8826e5121dfffff,H3,2025,22,1.9
8826e5121dfffff,H3,2025,23,8.9
8826e5121dfffff,H3,2025,23,1.7
8826e5badbfffff,H3,2025,0,2.2
8826e5badbfffff,H3,2025,1,1.9
8826e5badbfffff,H3,2025,2,1.6
8826e5badbfffff,H3,2025,3,1.5
8826e5badbfffff,H3,2025,4,1.4
8826e5badbfffff,H3,2025,5,1.2
8826e5badbfffff,H3,2025,6,1.0
8826e5badbfffff,H3,2025,7,0.9
8826e5badbfffff,H3,2025,8,0.7
8826e5badbfffff,H3,2025,9,0.7
8826e5badbfffff,H3,2025,10,0.8
8826e5badbfffff,H3,2025,11,0.9
8826e5badbfffff,H3,2025,12,1.0
8826e5badbfffff,H3,2025,13,1.1
8826e5badbfffff,H3,2025,14,1.2
8826e5badbfffff,H3,2025,15,1.5
8826e5badbfffff,H3,2025,16,1.8
8826e5badbfffff,H3,2025,17,2.4
8826e5badbfffff,H3,2025,18,2.8
8826e5badbfffff,H3,2025,19,3.0
8826e5badbfffff,H3,2025,20,3.2
8826e5badbfffff,H3,2025,21,3.1
8826e5badbfffff,H3,2025,22,2.8
8826e5badbfffff,H3,2025,23,2.5
8826e87101fffff,H3,2025,0,24.5
8826e87101fffff,H3,2025,1,21.5
8826e87101fffff,H3,2025,2,18.8
8826e87101fffff,H3,2025,3,16.8
8826e87101fffff,H3,2025,4,15.2
8826e87101fffff,H3,2025,5,13.9
8826e87101fffff,H3,2025,6,12.3
8826e87101fffff,H3,2025,7,9.9
8826e87101fffff,H3,2025,8,8.4
8826e87101fffff,H3,2025,9,8.2
8826e87101fffff,H3,2025,10,8.8
8826e87101fffff,H3,2025,11,10.0
8826e87101fffff,H3,2025,12,11.6
8826e87101fffff,H3,2025,13,12.8
8826e87101fffff,H3,2025,14,14.4
8826e87101fffff,H3,2025,15,16.8
8826e87101fffff,H3,2025,16,20.9
8826e87101fffff,H3,2025,17,27.4
8826e87101fffff,H3,2025,18,32.2
8826e87101fffff,H3,2025,19,34.5
8826e87101fffff,H3,2025,20,36.0
8826e87101fffff,H3,2025,21,35.2
8826e87101fffff,H3,2025,22,32.6
8826e87101fffff,H3,2025,23,29.0
8826e8710bfffff,H3,2025,0,2.5
8826e8710bfffff,H3,2025,1,2.3
8826e8710bfffff,H3,2025,2,1.9
8826e8710bfffff,H3,2025,3,1.8
8826e8710bfffff,H3,2025,4,1.6
8826e8710bfffff,H3,2025,5,1.5
8826e8710bfffff,H3,2025,6,1.2
8826e8710bfffff,H3,2025,7,1.0
8826e8710bfffff,H3,2025,8,0.9
8826e8710bfffff,H3,2025,9,0.8
8826e8710bfffff,H3,2025,10,0.9
8826e8710bfffff,H3,2025,11,1.0
8826e8710bfffff,H3,2025,12,1.2
8826e8710bfffff,H3,2025,13,1.4
8826e8710bfffff,H3,2025,14,1.5
8826e8710bfffff,H3,2025,15,1.7
8826e8710bfffff,H3,2025,16,2.2
8826e8710bfffff,H3,2025,17,2.8
8826e8710bfffff,H3,2025,18,3.3
8826e8710bfffff,H3,2025,19,3.5
8826e8710bfffff,H3,2025,20,3.8
8826e8710bfffff,H3,2025,21,3.6
8826e8710bfffff,H3,2025,22,3.4
8826e8710bfffff,H3,2025,23,3.1
8826e90733fffff,H3,2025,0,2.3
8826e90733fffff,H3,2025,1,2.0
8826e90733fffff,H3,2025,2,1.7
8826e90733fffff,H3,2025,3,1.6
8826e90733fffff,H3,2025,4,1.4
8826e90733fffff,H3,2025,5,1.2
8826e90733fffff,H3,2025,6,1.1
8826e90733fffff,H3,2025,7,0.9
8826e90733fffff,H3,2025,8,0.8
8826e90733fffff,H3,2025,9,0.8
8826e90733fffff,H3,2025,10,0.8
8826e90733fffff,H3,2025,11,0.9
8826e90733fffff,H3,2025,12,1.0
8826e90733fffff,H3,2025,13,1.1
8826e90733fffff,H3,2025,14,1.4
8826e90733fffff,H3,2025,15,1.6
8826e90733fffff,H3,2025,16,1.9
8826e90733fffff,H3,2025,17,2.5
8826e90733fffff,H3,2025,18,3.0
8826e90733fffff,H3,2025,19,3.2
8826e90733fffff,H3,2025,20,3.3
8826e90733fffff,H3,2025,21,3.3
8826e90733fffff,H3,2025,22,3.1
8826e90733fffff,H3,2025,23,2.7
8826e952d7fffff,H3,2025,0,3.0
8826e952d7fffff,H3,2025,1,2.6
8826e952d7fffff,H3,2025,2,2.3
8826e952d7fffff,H3,2025,3,2.0
8826e952d7fffff,H3,2025,4,1.8
8826e952d7fffff,H3,2025,5,1.7
8826e952d7fffff,H3,2025,6,1.5
8826e952d7fffff,H3,2025,7,1.2
8826e952d7fffff,H3,2025,8,1.0
8826e952d7fffff,H3,2025,9,0.9
8826e952d7fffff,H3,2025,10,1.0
8826e952d7fffff,H3,2025,11,1.2
8826e952d7fffff,H3,2025,12,1.4
8826e952d7fffff,H3,2025,13,1.5
8826e952d7fffff,H3,2025,14,1.7
8826e952d7fffff,H3,2025,15,2.0
8826e952d7fffff,H3,2025,16,2.5
8826e952d7fffff,H3,2025,17,3.3
8826e952d7fffff,H3,2025,18,3.9
8826e952d7fffff,H3,2025,19,4.1
8826e952d7fffff,H3,2025,20,4.3
8826e952d7fffff,H3,2025,21,4.2
8826e952d7fffff,H3,2025,22,4.0
8826e952d7fffff,H3,2025,23,3.5
8826e955e7fffff,H3,2025,0,2.2
8826e955e7fffff,H3,2025,1,1.9
8826e955e7fffff,H3,2025,2,1.7
8826e955e7fffff,H3,2025,3,1.5
8826e955e7fffff,H3,2025,4,1.4
8826e955e7fffff,H3,2025,5,1.2
8826e955e7fffff,H3,2025,6,1.1
8826e955e7fffff,H3,2025,7,0.9
8826e955e7fffff,H3,2025,8,0.8
8826e955e7fffff,H3,2025,9,0.7
8826e955e7fffff,H3,2025,10,0.8
8826e955e7fffff,H3,2025,11,0.9
8826e955e7fffff,H3,2025,12,1.0
8826e955e7fffff,H3,2025,13,1.1
8826e955e7fffff,H3,2025,14,1.2
8826e955e7fffff,H3,2025,15,1.6
8826e955e7fffff,H3,2025,16,1.9
8826e955e7fffff,H3,2025,17,2.5
8826e955e7fffff,H3,2025,18,3.0
8826e955e7fffff,H3,2025,19,3.2
8826e955e7fffff,H3,2025,20,3.3
8826e955e7fffff,H3,2025,21,3.2
8826e955e7fffff,H3,2025,22,3.0
8826e955e7fffff,H3,2025,23,2.6
8826e9cdb9fffff,H3,2025,0,1.7
8826e9cdb9fffff,H3,2025,1,1.5
8826e9cdb9fffff,H3,2025,2,1.2
8826e9cdb9fffff,H3,2025,3,1.1
8826e9cdb9fffff,H3,2025,4,1.0
8826e9cdb9fffff,H3,2025,5,0.9
8826e9cdb9fffff,H3,2025,6,0.9
8826e9cdb9fffff,H3,2025,7,0.7
8826e9cdb9fffff,H3,2025,8,0.6
8826e9cdb9fffff,H3,2025,9,0.6
8826e9cdb9fffff,H3,2025,10,0.6
8826e9cdb9fffff,H3,2025,11,0.7
8826e9cdb9fffff,H3,2025,12,0.8
8826e9cdb9fffff,H3,2025,13,0.9
8826e9cdb9fffff,H3,2025,14,1.0
8826e9cdb9fffff,H3,2025,15,1.1
8826e9cdb9fffff,H3,2025,16,1.5
8826e9cdb9fffff,H3,2025,17,1.9
8826e9cdb9fffff,H3,2025,18,2.3
8826e9cdb9fffff,H3,2025,19,2.4
8826e9cdb9fffff,H3,2025,20,2.5
8826e9cdb9fffff,H3,2025,21,2.5
8826e9cdb9fffff,H3,2025,22,2.3
8826e9cdb9fffff,H3,2025,23,2.0
8826ea961bfffff,H3,2025,0,2.0
8826ea961bfffff,H3,2025,1,1.8
8826ea961bfffff,H3,2025,2,1.6
8826ea961bfffff,H3,2025,3,1.4
8826ea961bfffff,H3,2025,4,1.2
8826ea961bfffff,H3,2025,5,1.1
8826ea961bfffff,H3,2025,6,1.0
8826ea961bfffff,H3,2025,7,0.8
8826ea961bfffff,H3,2025,8,0.7
8826ea961bfffff,H3,2025,9,0.7
8826ea961bfffff,H3,2025,10,0.8
8826ea961bfffff,H3,2025,11,0.9
8826ea961bfffff,H3,2025,12,1.0
8826ea961bfffff,H3,2025,13,1.1
8826ea961bfffff,H3,2025,14,1.2
8826ea961bfffff,H3,2025,15,1.5
8826ea961bfffff,H3,2025,16,1.8
8826ea961bfffff,H3,2025,17,2.4
8826ea961bfffff,H3,2025,18,2.7
8826ea961bfffff,H3,2025,19,3.0
8826ea961bfffff,H3,2025,20,3.1
8826ea961bfffff,H3,2025,21,3.0
8826ea961bfffff,H3,2025,22,2.7
8826ea961bfffff,H3,2025,23,2.4
8826eb4243fffff,H3,2025,0,14.5
8826eb4243fffff,H3,2025,1,12.7
8826eb4243fffff,H3,2025,2,11.0
8826eb4243fffff,H3,2025,3,9.8
8826eb4243fffff,H3,2025,4,8.9
8826eb4243fffff,H3,2025,5,8.2
8826eb4243fffff,H3,2025,6,7.5
8826eb4243fffff,H3,2025,7,6.2
8826eb4243fffff,H3,2025,8,5.3
8826eb4243fffff,H3,2025,9,5.1
8826eb4243fffff,H3,2025,10,5.6
8826eb4243fffff,H3,2025,11,6.4
8826eb4243fffff,H3,2025,12,7.4
8826eb4243fffff,H3,2025,13,8.3
8826eb4243fffff,H3,2025,14,9.2
8826eb4243fffff,H3,2025,15,10.9
8826eb4243fffff,H3,2025,16,13.5
8826eb4243fffff,H3,2025,17,17.5
8826eb4243fffff,H3,2025,18,20.2
8826eb4243fffff,H3,2025,19,21.5
8826eb4243fffff,H3,2025,20,22.0
8826eb4243fffff,H3,2025,21,21.4
8826eb4243fffff,H3,2025,22,19.7
8826eb4243fffff,H3,2025,23,17.3
8826eba9adfffff,H3,2025,0,1.9
8826eba9adfffff,H3,2025,1,1.6
8826eba9adfffff,H3,2025,2,1.5
8826eba9adfffff,H3,2025,3,1.2
8826eba9adfffff,H3,2025,4,1.1
8826eba9adfffff,H3,2025,5,1.0
8826eba9adfffff,H3,2025,6,0.9
8826eba9adfffff,H3,2025,7,0.8
8826eba9adfffff,H3,2025,8,0.7
8826eba9adfffff,H3,2025,9,0.6
8826eba9adfffff,H3,2025,10,0.7
8826eba9adfffff,H3,2025,11,0.8
8826eba9adfffff,H3,2025,12,0.9
8826eba9adfffff,H3,2025,13,1.0
8826eba9adfffff,H3,2025,14,1.1
8826eba9adfffff,H3,2025,15,1.2
8826eba9adfffff,H3,2025,16,1.6
8826eba9adfffff,H3,2025,17,2.0
8826eba9adfffff,H3,2025,18,2.5
8826eba9adfffff,H3,2025,19,2.6
8826eba9adfffff,H3,2025,20,2.7
8826eba9adfffff,H3,2025,21,2.7
8826eba9adfffff,H3,2025,22,2.5
8826eba9adfffff,H3,2025,23,2.3
8826ec0c1bfffff,H3,2025,0,1.8
8826ec0c1bfffff,H3,2025,1,1.6
8826ec0c1bfffff,H3,2025,2,1.4
8826ec0c1bfffff,H3,2025,3,1.2
8826ec0c1bfffff,H3,2025,4,1.1
8826ec0c1bfffff,H3,2025,5,1.0
8826ec0c1bfffff,H3,2025,6,0.9
8826ec0c1bfffff,H3,2025,7,0.8
8826ec0c1bfffff,H3,2025,8,0.7
8826ec0c1bfffff,H3,2025,9,0.6
8826ec0c1bfffff,H3,2025,10,0.7
8826ec0c1bfffff,H3,2025,11,0.8
8826ec0c1bfffff,H3,2025,12,0.9
8826ec0c1bfffff,H3,2025,13,0.9
8826ec0c1bfffff,H3,2025,14,1.0
8826ec0c1bfffff,H3,2025,15,1.2
8826ec0c1bfffff,H3,2025,16,1.6
8826ec0c1bfffff,H3,2025,17,2.0
8826ec0c1bfffff,H3,2025,18,2.4
8826ec0c1bfffff,H3,2025,19,2.6
8826ec0c1bfffff,H3,2025,20,2.7
8826ec0c1bfffff,H3,2025,21,2.6
8826ec0c1bfffff,H3,2025,22,2.5
8826ec0c1bfffff,H3,2025,23,2.2
8826ed0d31fffff,H3,2025,0,2.0
8826ed0d31fffff,H3,2025,1,1.8
8826ed0d31fffff,H3,2025,2,1.6
8826ed0d31fffff,H3,2025,3,1.4
8826ed0d31fffff,H3,2025,4,1.2
8826ed0d31fffff,H3,2025,5,1.1
8826ed0d31fffff,H3,2025,6,1.0
8826ed0d31fffff,H3,2025,7,0.8
8826ed0d31fffff,H3,2025,8,0.7
8826ed0d31fffff,H3,2025,9,0.7
8826ed0d31fffff,H3,2025,10,0.7
8826ed0d31fffff,H3,2025,11,0.8
8826ed0d31fffff,H3,2025,12,0.9
8826ed0d31fffff,H3,2025,13,1.0
8826ed0d31fffff,H3,2025,14,1.1
8826ed0d31fffff,H3,2025,15,1.4
8826ed0d31fffff,H3,2025,16,1.7
8826ed0d31fffff,H3,2025,17,2.3
8826ed0d31fffff,H3,2025,18,2.6
8826ed0d31fffff,H3,2025,19,2.8
8826ed0d31fffff,H3,2025,20,3.0
8826ed0d31fffff,H3,2025,21,3.0
8826ed0d31fffff,H3,2025,22,2.7
8826ed0d31fffff,H3,2025,23,2.4
8826ed44cdfffff,H3,2025,0,1.9
8826ed44cdfffff,H3,2025,1,1.7
8826ed44cdfffff,H3,2025,2,1.5
8826ed44cdfffff,H3,2025,3,1.4
8826ed44cdfffff,H3,2025,4,1.2
8826ed44cdfffff,H3,2025,5,1.1
8826ed44cdfffff,H3,2025,6,1.0
8826ed44cdfffff,H3,2025,7,0.8
8826ed44cdfffff,H3,2025,8,0.7
8826ed44cdfffff,H3,2025,9,0.7
8826ed44cdfffff,H3,2025,10,0.7
8826ed44cdfffff,H3,2025,11,0.8
8826ed44cdfffff,H3,2025,12,0.9
8826ed44cdfffff,H3,2025,13,1.0
8826ed44cdfffff,H3,2025,14,1.1
8826ed44cdfffff,H3,2025,15,1.4
8826ed44cdfffff,H3,2025,16,1.7
8826ed44cdfffff,H3,2025,17,2.2
8826ed44cdfffff,H3,2025,18,2.5
8826ed44cdfffff,H3,2025,19,2.7
8826ed44cdfffff,H3,2025,20,2.8
8826ed44cdfffff,H3,2025,21,2.8
8826ed44cdfffff,H3,2025,22,2.6
8826ed44cdfffff,H3,2025,23,2.3
8826ed7a3bfffff,H3,2025,0,3.9
8826ed7a3bfffff,H3,2025,1,3.4
8826ed7a3bfffff,H3,2025,2,3.0
8826ed7a3bfffff,H3,2025,3,2.7
8826ed7a3bfffff,H3,2025,4,2.4
8826ed7a3bfffff,H3,2025,5,2.2
8826ed7a3bfffff,H3,2025,6,1.9
8826ed7a3bfffff,H3,2025,7,1.6
8826ed7a3bfffff,H3,2025,8,1.4
8826ed7a3bfffff,H3,2025,9,1.2
8826ed7a3bfffff,H3,2025,10,1.4
8826ed7a3bfffff,H3,2025,11,1.6
8826ed7a3bfffff,H3,2025,12,1.8
8826ed7a3bfffff,H3,2025,13,2.0
8826ed7a3bfffff,H3,2025,14,2.3
8826ed7a3bfffff,H3,2025,15,2.7
8826ed7a3bfffff,H3,2025,16,3.4
8826ed7a3bfffff,H3,2025,17,4.4
8826ed7a3bfffff,H3,2025,18,5.1
8826ed7a3bfffff,H3,2025,19,5.5
8826ed7a3bfffff,H3,2025,20,5.7
8826ed7a3bfffff,H3,2025,21,5.6
8826ed7a3bfffff,H3,2025,22,5.2
8826ed7a3bfffff,H3,2025,23,4.5
8826ed7ae7fffff,H3,2025,0,2.5
8826ed7ae7fffff,H3,2025,1,2.2
8826ed7ae7fffff,H3,2025,2,1.9
8826ed7ae7fffff,H3,2025,3,1.7
8826ed7ae7fffff,H3,2025,4,1.6
8826ed7ae7fffff,H3,2025,5,1.4
8826ed7ae7fffff,H3,2025,6,1.2
8826ed7ae7fffff,H3,2025,7,1.0
8826ed7ae7fffff,H3,2025,8,0.8
8826ed7ae7fffff,H3,2025,9,0.8
8826ed7ae7fffff,H3,2025,10,0.9
8826ed7ae7fffff,H3,2025,11,1.0
8826ed7ae7fffff,H3,2025,12,1.1
8826ed7ae7fffff,H3,2025,13,1.2
8826ed7ae7fffff,H3,2025,14,1.5
8826ed7ae7fffff,H3,2025,15,1.7
8826ed7ae7fffff,H3,2025,16,2.2
8826ed7ae7fffff,H3,2025,17,2.8
8826ed7ae7fffff,H3,2025,18,3.3
8826ed7ae7fffff,H3,2025,19,3.5
8826ed7ae7fffff,H3,2025,20,3.6
8826ed7ae7fffff,H3,2025,21,3.5
8826ed7ae7fffff,H3,2025,22,3.3
8826ed7ae7fffff,H3,2025,23,3.0
8826eda639fffff,H3,2025,0,5.1
8826eda639fffff,H3,2025,1,4.5
8826eda639fffff,H3,2025,2,4.0
8826eda639fffff,H3,2025,3,3.5
8826eda639fffff,H3,2025,4,3.2
8826eda639fffff,H3,2025,5,2.8
8826eda639fffff,H3,2025,6,2.6
8826eda639fffff,H3,2025,7,2.0
8826eda639fffff,H3,2025,8,1.7
8826eda639fffff,H3,2025,9,1.7
8826eda639fffff,H3,2025,10,1.8
8826eda639fffff,H3,2025,11,2.0
8826eda639fffff,H3,2025,12,2.4
8826eda639fffff,H3,2025,13,2.6
8826eda639fffff,H3,2025,14,3.0
8826eda639fffff,H3,2025,15,3.5
8826eda639fffff,H3,2025,16,4.3
8826eda639fffff,H3,2025,17,5.7
8826eda639fffff,H3,2025,18,6.7
8826eda639fffff,H3,2025,19,7.2
8826eda639fffff,H3,2025,20,7.5
8826eda639fffff,H3,2025,21,7.3
8826eda639fffff,H3,2025,22,6.8
8826eda639fffff,H3,2025,23,6.0
8826ee0a35fffff,H3,2025,0,1.2
8826ee0a35fffff,H3,2025,1,1.1
8826ee0a35fffff,H3,2025,2,1.0
8826ee0a35fffff,H3,2025,3,0.9
8826ee0a35fffff,H3,2025,4,0.8
8826ee0a35fffff,H3,2025,5,0.8
8826ee0a35fffff,H3,2025,6,0.7
8826ee0a35fffff,H3,2025,7,0.6
8826ee0a35fffff,H3,2025,8,0.5
8826ee0a35fffff,H3,2025,9,0.5
8826ee0a35fffff,H3,2025,10,0.5
8826ee0a35fffff,H3,2025,11,0.6
8826ee0a35fffff,H3,2025,12,0.6
8826ee0a35fffff,H3,2025,13,0.7
8826ee0a35fffff,H3,2025,14,0.8
8826ee0a35fffff,H3,2025,15,0.9
8826ee0a35fffff,H3,2025,16,1.1
8826ee0a35fffff,H3,2025,17,1.5
8826ee0a35fffff,H3,2025,18,1.7
8826ee0a35fffff,H3,2025,19,1.8
8826ee0a35fffff,H3,2025,20,1.9
8826ee0a35fffff,H3,2025,21,1.8
8826ee0a35fffff,H3,2025,22,1.7
8826ee0a35fffff,H3,2025,23,1.6
8826ee2d39fffff,H3,2025,0,2.7
8826ee2d39fffff,H3,2025,1,2.4
8826ee2d39fffff,H3,2025,2,2.0
8826ee2d39fffff,H3,2025,3,1.8
8826ee2d39fffff,H3,2025,4,1.7
8826ee2d39fffff,H3,2025,5,1.5
8826ee2d39fffff,H3,2025,6,1.4
8826ee2d39fffff,H3,2025,7,1.0
8826ee2d39fffff,H3,2025,8,0.9
8826ee2d39fffff,H3,2025,9,0.9
8826ee2d39fffff,H3,2025,10,0.9
8826ee2d39fffff,H3,2025,11,1.0
8826ee2d39fffff,H3,2025,12,1.2
8826ee2d39fffff,H3,2025,13,1.4
8826ee2d39fffff,H3,2025,14,1.6
8826ee2d39fffff,H3,2025,15,1.8
8826ee2d39fffff,H3,2025,16,2.3
8826ee2d39fffff,H3,2025,17,3.0
8826ee2d39fffff,H3,2025,18,3.4
8826ee2d39fffff,H3,2025,19,3.8
8826ee2d39fffff,H3,2025,20,3.9
8826ee2d39fffff,H3,2025,21,3.8
8826ee2d39fffff,H3,2025,22,3.5
8826ee2d39fffff,H3,2025,23,3.2
8826ee2eb5fffff,H3,2025,0,2.0
8826ee2eb5fffff,H3,2025,1,1.8
8826ee2eb5fffff,H3,2025,2,1.6
8826ee2eb5fffff,H3,2025,3,1.4
8826ee2eb5fffff,H3,2025,4,1.2
8826ee2eb5fffff,H3,2025,5,1.1
8826ee2eb5fffff,H3,2025,6,1.0
8826ee2eb5fffff,H3,2025,7,0.8
8826ee2eb5fffff,H3,2025,8,0.7
8826ee2eb5fffff,H3,2025,9,0.7
8826ee2eb5fffff,H3,2025,10,0.7
8826ee2eb5fffff,H3,2025,11,0.8
8826ee2eb5fffff,H3,2025,12,0.9
8826ee2eb5fffff,H3,2025,13,1.0
8826ee2eb5fffff,H3,2025,14,1.1
8826ee2eb5fffff,H3,2025,15,1.4
8826ee2eb5fffff,H3,2025,16,1.7
8826ee2eb5fffff,H3,2025,17,2.3
8826ee2eb5fffff,H3,2025,18,2.6
8826ee2eb5fffff,H3,2025,19,2.8
8826ee2eb5fffff,H3,2025,20,3.0
8826ee2eb5fffff,H3,2025,21,2.8
8826ee2eb5fffff,H3,2025,22,2.7
8826ee2eb5fffff,H3,2025,23,2.4
8826f156a5fffff,H3,2025,0,1.2
8826f156a5fffff,H3,2025,1,1.1
8826f156a5fffff,H3,2025,2,0.9
8826f156a5fffff,H3,2025,3,0.9
8826f156a5fffff,H3,2025,4,0.8
8826f156a5fffff,H3,2025,5,0.7
8826f156a5fffff,H3,2025,6,0.7
8826f156a5fffff,H3,2025,7,0.6
8826f156a5fffff,H3,2025,8,0.5
8826f156a5fffff,H3,2025,9,0.5
8826f156a5fffff,H3,2025,10,0.5
8826f156a5fffff,H3,2025,11,0.5
8826f156a5fffff,H3,2025,12,0.6
8826f156a5fffff,H3,2025,13,0.7
8826f156a5fffff,H3,2025,14,0.7
8826f156a5fffff,H3,2025,15,0.9
8826f156a5fffff,H3,2025,16,1.0
8826f156a5fffff,H3,2025,17,1.4
8826f156a5fffff,H3,2025,18,1.6
8826f156a5fffff,H3,2025,19,1.8
8826f156a5fffff,H3,2025,20,1.8
8826f156a5fffff,H3,2025,21,1.8
8826f156a5fffff,H3,2025,22,1.7
8826f156a5fffff,H3,2025,23,1.5
8826f5140bfffff,H3,2025,0,2.6
8826f5140bfffff,H3,2025,1,2.3
8826f5140bfffff,H3,2025,2,1.9
8826f5140bfffff,H3,2025,3,1.8
8826f5140bfffff,H3,2025,4,1.6
8826f5140bfffff,H3,2025,5,1.5
8826f5140bfffff,H3,2025,6,1.2
8826f5140bfffff,H3,2025,7,1.0
8826f5140bfffff,H3,2025,8,0.9
8826f5140bfffff,H3,2025,9,0.8
8826f5140bfffff,H3,2025,10,0.9
8826f5140bfffff,H3,2025,11,1.0
8826f5140bfffff,H3,2025,12,1.2
8826f5140bfffff,H3,2025,13,1.4
8826f5140bfffff,H3,2025,14,1.5
8826f5140bfffff,H3,2025,15,1.7
8826f5140bfffff,H3,2025,16,2.2
8826f5140bfffff,H3,2025,17,2.8
8826f5140bfffff,H3,2025,18,3.3
8826f5140bfffff,H3,2025,19,3.6
8826f5140bfffff,H3,2025,20,3.8
8826f5140bfffff,H3,2025,21,3.6
8826f5140bfffff,H3,2025,22,3.4
8826f5140bfffff,H3,2025,23,3.1
8827088931fffff,H3,2025,0,1.2
8827088931fffff,H3,2025,1,1.1
8827088931fffff,H3,2025,2,1.0
8827088931fffff,H3,2025,3,0.9
8827088931fffff,H3,2025,4,0.8
8827088931fffff,H3,2025,5,0.8
8827088931fffff,H3,2025,6,0.7
8827088931fffff,H3,2025,7,0.6
8827088931fffff,H3,2025,8,0.5
8827088931fffff,H3,2025,9,0.5
8827088931fffff,H3,2025,10,0.5
8827088931fffff,H3,2025,11,0.6
8827088931fffff,H3,2025,12,0.6
8827088931fffff,H3,2025,13,0.7
8827088931fffff,H3,2025,14,0.8
8827088931fffff,H3,2025,15,0.9
8827088931fffff,H3,2025,16,1.1
8827088931fffff,H3,2025,17,1.5
8827088931fffff,H3,2025,18,1.7
8827088931fffff,H3,2025,19,1.8
8827088931fffff,H3,2025,20,1.9
8827088931fffff,H3,2025,21,1.8
8827088931fffff,H3,2025,22,1.7
8827088931fffff,H3,2025,23,1.6
882708c6c1fffff,H3,2025,0,2.5
882708c6c1fffff,H3,2025,1,2.2
882708c6c1fffff,H3,2025,2,1.9
882708c6c1fffff,H3,2025,3,1.7
882708c6c1fffff,H3,2025,4,1.6
882708c6c1fffff,H3,2025,5,1.4
882708c6c1fffff,H3,2025,6,1.2
882708c6c1fffff,H3,2025,7,1.0
882708c6c1fffff,H3,2025,8,0.8
882708c6c1fffff,H3,2025,9,0.8
882708c6c1fffff,H3,2025,10,0.9
882708c6c1fffff,H3,2025,11,1.0
882708c6c1fffff,H3,2025,12,1.1
882708c6c1fffff,H3,2025,13,1.2
882708c6c1fffff,H3,2025,14,1.4
882708c6c1fffff,H3,2025,15,1.7
882708c6c1fffff,H3,2025,16,2.0
882708c6c1fffff,H3,2025,17,2.7
882708c6c1fffff,H3,2025,18,3.2
882708c6c1fffff,H3,2025,19,3.4
882708c6c1fffff,H3,2025,20,3.5
882708c6c1fffff,H3,2025,21,3.5
882708c6c1fffff,H3,2025,22,3.3
882708c6c1fffff,H3,2025,23,3.0
882709810bfffff,H3,2025,0,2.2
882709810bfffff,H3,2025,1,1.9
882709810bfffff,H3,2025,2,1.6
882709810bfffff,H3,2025,3,1.5
882709810bfffff,H3,2025,4,1.4
882709810bfffff,H3,2025,5,1.2
882709810bfffff,H3,2025,6,1.1
882709810bfffff,H3,2025,7,0.9
882709810bfffff,H3,2025,8,0.8
882709810bfffff,H3,2025,9,0.7
882709810bfffff,H3,2025,10,0.8
882709810bfffff,H3,2025,11,0.9
882709810bfffff,H3,2025,12,1.0
882709810bfffff,H3,2025,13,1.1
882709810bfffff,H3,2025,14,1.2
882709810bfffff,H3,2025,15,1.5
882709810bfffff,H3,2025,16,1.9
882709810bfffff,H3,2025,17,2.5
882709810bfffff,H3,2025,18,2.8
882709810bfffff,H3,2025,19,3.1
882709810bfffff,H3,2025,20,3.2
882709810bfffff,H3,2025,21,3.1
882709810bfffff,H3,2025,22,2.8
882709810bfffff,H3,2025,23,2.5
882709c9c9fffff,H3,2025,0,1.5
882709c9c9fffff,H3,2025,1,1.2
882709c9c9fffff,H3,2025,2,1.1
882709c9c9fffff,H3,2025,3,1.0
882709c9c9fffff,H3,2025,4,0.9
882709c9c9fffff,H3,2025,5,0.8
882709c9c9fffff,H3,2025,6,0.7
882709c9c9fffff,H3,2025,7,0.6
882709c9c9fffff,H3,2025,8,0.5
882709c9c9fffff,H3,2025,9,0.5
882709c9c9fffff,H3,2025,10,0.6
882709c9c9fffff,H3,2025,11,0.6
882709c9c9fffff,H3,2025,12,0.7
882709c9c9fffff,H3,2025,13,0.8
882709c9c9fffff,H3,2025,14,0.8
882709c9c9fffff,H3,2025,15,1.0
882709c9c9fffff,H3,2025,16,1.2
882709c9c9fffff,H3,2025,17,1.6
882709c9c9fffff,H3,2025,18,1.9
882709c9c9fffff,H3,2025,19,2.0
882709c9c9fffff,H3,2025,20,2.2
882709c9c9fffff,H3,2025,21,2.0
882709c9c9fffff,H3,2025,22,1.9
882709c9c9fffff,H3,2025,23,1.7
88270b1581fffff,H3,2025,0,2.6
88270b1581fffff,H3,2025,1,2.3
88270b1581fffff,H3,2025,2,2.0
88270b1581fffff,H3,2025,3,1.8
88270b1581fffff,H3,2025,4,1.6
88270b1581fffff,H3,2025,5,1.5
88270b1581fffff,H3,2025,6,1.4
88270b1581fffff,H3,2025,7,1.0
88270b1581fffff,H3,2025,8,0.9
88270b1581fffff,H3,2025,9,0.9
88270b1581fffff,H3,2025,10,0.9
88270b1581fffff,H3,2025,11,1.0
88270b1581fffff,H3,2025,12,1.2
88270b1581fffff,H3,2025,13,1.4
88270b1581fffff,H3,2025,14,1.5
88270b1581fffff,H3,2025,15,1.8
88270b1581fffff,H3,2025,16,2.2
88270b1581fffff,H3,2025,17,3.0
88270b1581fffff,H3,2025,18,3.4
88270b1581fffff,H3,2025,19,3.6
88270b1581fffff,H3,2025,20,3.9
88270b1581fffff,H3,2025,21,3.8
88270b1581fffff,H3,2025,22,3.5
88270b1581fffff,H3,2025,23,3.1
88270b1a87fffff,H3,2025,0,1.4
88270b1a87fffff,H3,2025,1,1.2
88270b1a87fffff,H3,2025,2,1.0
88270b1a87fffff,H3,2025,3,1.0
88270b1a87fffff,H3,2025,4,0.9
88270b1a87fffff,H3,2025,5,0.8
88270b1a87fffff,H3,2025,6,0.7
88270b1a87fffff,H3,2025,7,0.6
88270b1a87fffff,H3,2025,8,0.5
88270b1a87fffff,H3,2025,9,0.5
88270b1a87fffff,H3,2025,10,0.5
88270b1a87fffff,H3,2025,11,0.6
88270b1a87fffff,H3,2025,12,0.7
88270b1a87fffff,H3,2025,13,0.8
88270b1a87fffff,H3,2025,14,0.8
88270b1a87fffff,H3,2025,15,0.9
88270b1a87fffff,H3,2025,16,1.2
88270b1a87fffff,H3,2025,17,1.6
88270b1a87fffff,H3,2025,18,1.8
88270b1a87fffff,H3,2025,19,2.0
88270b1a87fffff,H3,2025,20,2.0
88270b1a87fffff,H3,2025,21,2.0
88270b1a87fffff,H3,2025,22,1.8
88270b1a87fffff,H3,2025,23,1.7
88270e4c13fffff,H3,2025,0,3.8
88270e4c13fffff,H3,2025,1,3.3
88270e4c13fffff,H3,2025,2,2.8
88270e4c13fffff,H3,2025,3,2.5
88270e4c13fffff,H3,2025,4,2.3
88270e4c13fffff,H3,2025,5,2.2
88270e4c13fffff,H3,2025,6,1.8
88270e4c13fffff,H3,2025,7,1.5
88270e4c13fffff,H3,2025,8,1.2
88270e4c13fffff,H3,2025,9,1.2
88270e4c13fffff,H3,2025,10,1.2
88270e4c13fffff,H3,2025,11,1.5
88270e4c13fffff,H3,2025,12,1.7
88270e4c13fffff,H3,2025,13,1.9
88270e4c13fffff,H3,2025,14,2.2
88270e4c13fffff,H3,2025,15,2.5
88270e4c13fffff,H3,2025,16,3.1
88270e4c13fffff,H3,2025,17,4.1
88270e4c13fffff,H3,2025,18,4.8
88270e4c13fffff,H3,2025,19,5.1
88270e4c13fffff,H3,2025,20,5.3
88270e4c13fffff,H3,2025,21,5.2
88270e4c13fffff,H3,2025,22,4.9
88270e4c13fffff,H3,2025,23,4.4
8827182767fffff,H3,2025,0,3.1
8827182767fffff,H3,2025,1,2.6
8827182767fffff,H3,2025,2,2.3
8827182767fffff,H3,2025,3,2.0
8827182767fffff,H3,2025,4,1.8
8827182767fffff,H3,2025,5,1.7
8827182767fffff,H3,2025,6,1.5
8827182767fffff,H3,2025,7,1.2
8827182767fffff,H3,2025,8,1.0
8827182767fffff,H3,2025,9,1.0
8827182767fffff,H3,2025,10,1.0
8827182767fffff,H3,2025,11,1.2
8827182767fffff,H3,2025,12,1.4
8827182767fffff,H3,2025,13,1.6
8827182767fffff,H3,2025,14,1.7
8827182767fffff,H3,2025,15,2.0
8827182767fffff,H3,2025,16,2.5
8827182767fffff,H3,2025,17,3.3
8827182767fffff,H3,2025,18,4.0
8827182767fffff,H3,2025,19,4.2
8827182767fffff,H3,2025,20,4.4
8827182767fffff,H3,2025,21,4.3
8827182767fffff,H3,2025,22,4.0
8827182767fffff,H3,2025,23,3.5
882719c839fffff,H3,2025,0,5.7
882719c839fffff,H3,2025,1,5.0
882719c839fffff,H3,2025,2,4.4
882719c839fffff,H3,2025,3,4.0
882719c839fffff,H3,2025,4,3.5
882719c839fffff,H3,2025,5,3.3
882719c839fffff,H3,2025,6,2.8
882719c839fffff,H3,2025,7,2.3
882719c839fffff,H3,2025,8,1.9
882719c839fffff,H3,2025,9,1.8
882719c839fffff,H3,2025,10,2.0
882719c839fffff,H3,2025,11,2.3
882719c839fffff,H3,2025,12,2.6
882719c839fffff,H3,2025,13,3.0
882719c839fffff,H3,2025,14,3.3
882719c839fffff,H3,2025,15,3.9
882719c839fffff,H3,2025,16,4.8
882719c839fffff,H3,2025,17,6.2
882719c839fffff,H3,2025,18,7.4
882719c839fffff,H3,2025,19,8.0
882719c839fffff,H3,2025,20,8.3
882719c839fffff,H3,2025,21,8.2
882719c839fffff,H3,2025,22,7.6
882719c839fffff,H3,2025,23,6.8
882719c8cdfffff,H3,2025,0,1.7
882719c8cdfffff,H3,2025,1,1.5
882719c8cdfffff,H3,2025,2,1.2
882719c8cdfffff,H3,2025,3,1.1
882719c8cdfffff,H3,2025,4,1.0
882719c8cdfffff,H3,2025,5,0.9
882719c8cdfffff,H3,2025,6,0.8
882719c8cdfffff,H3,2025,7,0.7
882719c8cdfffff,H3,2025,8,0.6
882719c8cdfffff,H3,2025,9,0.6
882719c8cdfffff,H3,2025,10,0.6
882719c8cdfffff,H3,2025,11,0.7
882719c8cdfffff,H3,2025,12,0.8
882719c8cdfffff,H3,2025,13,0.9
882719c8cdfffff,H3,2025,14,0.9
882719c8cdfffff,H3,2025,15,1.1
882719c8cdfffff,H3,2025,16,1.4
882719c8cdfffff,H3,2025,17,1.8
882719c8cdfffff,H3,2025,18,2.2
882719c8cdfffff,H3,2025,19,2.4
882719c8cdfffff,H3,2025,20,2.4
882719c8cdfffff,H3,2025,21,2.4
882719c8cdfffff,H3,2025,22,2.3
882719c8cdfffff,H3,2025,23,1.9
882719c8e3fffff,H3,2025,0,1.7
882719c8e3fffff,H3,2025,1,1.5
882719c8e3fffff,H3,2025,2,1.4
882719c8e3fffff,H3,2025,3,1.1
882719c8e3fffff,H3,2025,4,1.0
882719c8e3fffff,H3,2025,5,1.0
882719c8e3fffff,H3,2025,6,0.9
882719c8e3fffff,H3,2025,7,0.7
882719c8e3fffff,H3,2025,8,0.6
882719c8e3fffff,H3,2025,9,0.6
882719c8e3fffff,H3,2025,10,0.7
882719c8e3fffff,H3,2025,11,0.7
882719c8e3fffff,H3,2025,12,0.8
882719c8e3fffff,H3,2025,13,0.9
882719c8e3fffff,H3,2025,14,1.0
882719c8e3fffff,H3,2025,15,1.2
882719c8e3fffff,H3,2025,16,1.6
882719c8e3fffff,H3,2025,17,2.0
882719c8e3fffff,H3,2025,18,2.4
882719c8e3fffff,H3,2025,19,2.5
882719c8e3fffff,H3,2025,20,2.6
882719c8e3fffff,H3,2025,21,2.5
882719c8e3fffff,H3,2025,22,2.3
882719c8e3fffff,H3,2025,23,2.0
88271aab55fffff,H3,2025,0,1.4
88271aab55fffff,H3,2025,1,1.1
88271aab55fffff,H3,2025,2,1.0
88271aab55fffff,H3,2025,3,0.9
88271aab55fffff,H3,2025,4,0.8
88271aab55fffff,H3,2025,5,0.8
88271aab55fffff,H3,2025,6,0.7
88271aab55fffff,H3,2025,7,0.6
88271aab55fffff,H3,2025,8,0.5
88271aab55fffff,H3,2025,9,0.5
88271aab55fffff,H3,2025,10,0.5
88271aab55fffff,H3,2025,11,0.6
88271aab55fffff,H3,2025,12,0.6
88271aab55fffff,H3,2025,13,0.7
88271aab55fffff,H3,2025,14,0.8
88271aab55fffff,H3,2025,15,0.9
88271aab55fffff,H3,2025,16,1.1
88271aab55fffff,H3,2025,17,1.5
88271aab55fffff,H3,2025,18,1.7
88271aab55fffff,H3,2025,19,1.8
88271aab55fffff,H3,2025,20,1.9
88271aab55fffff,H3,2025,21,1.9
88271aab55fffff,H3,2025,22,1.8
88271aab55fffff,H3,2025,23,1.6
88271aba11fffff,H3,2025,0,3.3
88271aba11fffff,H3,2025,1,2.8
88271aba11fffff,H3,2025,2,2.5
88271aba11fffff,H3,2025,3,2.3
88271aba11fffff,H3,2025,4,2.0
88271aba11fffff,H3,2025,5,1.8
88271aba11fffff,H3,2025,6,1.6
88271aba11fffff,H3,2025,7,1.4
88271aba11fffff,H3,2025,8,1.1
88271aba11fffff,H3,2025,9,1.0
88271aba11fffff,H3,2025,10,1.1
88271aba11fffff,H3,2025,11,1.4
88271aba11fffff,H3,2025,12,1.6
88271aba11fffff,H3,2025,13,1.7
88271aba11fffff,H3,2025,14,1.9
88271aba11fffff,H3,2025,15,2.3
88271aba11fffff,H3,2025,16,2.8
88271aba11fffff,H3,2025,17,3.6
88271aba11fffff,H3,2025,18,4.3
88271aba11fffff,H3,2025,19,4.5
88271aba11fffff,H3,2025,20,4.8
88271aba11fffff,H3,2025,21,4.7
88271aba11fffff,H3,2025,22,4.3
88271aba11fffff,H3,2025,23,3.9
88271b2b67fffff,H3,2025,0,1.4
88271b2b67fffff,H3,2025,1,1.2
88271b2b67fffff,H3,2025,2,1.0
88271b2b67fffff,H3,2025,3,0.9
88271b2b67fffff,H3,2025,4,0.9
88271b2b67fffff,H3,2025,5,0.8
88271b2b67fffff,H3,2025,6,0.7
88271b2b67fffff,H3,2025,7,0.6
88271b2b67fffff,H3,2025,8,0.5
88271b2b67fffff,H3,2025,9,0.5
88271b2b67fffff,H3,2025,10,0.6
88271b2b67fffff,H3,2025,11,0.6
88271b2b67fffff,H3,2025,12,0.7
88271b2b67fffff,H3,2025,13,0.8
88271b2b67fffff,H3,2025,14,0.8
88271b2b67fffff,H3,2025,15,1.0
88271b2b67fffff,H3,2025,16,1.2
88271b2b67fffff,H3,2025,17,1.6
88271b2b67fffff,H3,2025,18,1.8
88271b2b67fffff,H3,2025,19,2.0
88271b2b67fffff,H3,2025,20,2.0
88271b2b67fffff,H3,2025,21,2.0
88271b2b67fffff,H3,2025,22,1.8
88271b2b67fffff,H3,2025,23,1.7
88271c2e03fffff,H3,2025,0,6.9
88271c2e03fffff,H3,2025,1,6.1
88271c2e03fffff,H3,2025,2,5.3
88271c2e03fffff,H3,2025,3,4.8
88271c2e03fffff,H3,2025,4,4.3
88271c2e03fffff,H3,2025,5,4.0
88271c2e03fffff,H3,2025,6,3.5
88271c2e03fffff,H3,2025,7,2.7
88271c2e03fffff,H3,2025,8,2.3
88271c2e03fffff,H3,2025,9,2.3
88271c2e03fffff,H3,2025,10,2.4
88271c2e03fffff,H3,2025,11,2.7
88271c2e03fffff,H3,2025,12,3.2
88271c2e03fffff,H3,2025,13,3.5
88271c2e03fffff,H3,2025,14,4.0
88271c2e03fffff,H3,2025,15,4.7
88271c2e03fffff,H3,2025,16,5.8
88271c2e03fffff,H3,2025,17,7.6
88271c2e03fffff,H3,2025,18,9.0
88271c2e03fffff,H3,2025,19,9.7
88271c2e03fffff,H3,2025,20,10.1
88271c2e03fffff,H3,2025,21,9.9
88271c2e03fffff,H3,2025,22,9.2
88271c2e03fffff,H3,2025,23,8.2
88271e4c81fffff,H3,2025,0,3.3
88271e4c81fffff,H3,2025,1,3.0
88271e4c81fffff,H3,2025,2,2.5
88271e4c81fffff,H3,2025,3,2.3
88271e4c81fffff,H3,2025,4,2.0
88271e4c81fffff,H3,2025,5,1.8
88271e4c81fffff,H3,2025,6,1.7
88271e4c81fffff,H3,2025,7,1.4
88271e4c81fffff,H3,2025,8,1.1
88271e4c81fffff,H3,2025,9,1.1
88271e4c81fffff,H3,2025,10,1.2
88271e4c81fffff,H3,2025,11,1.5
88271e4c81fffff,H3,2025,12,1.6
88271e4c81fffff,H3,2025,13,1.8
88271e4c81fffff,H3,2025,14,2.0
88271e4c81fffff,H3,2025,15,2.4
88271e4c81fffff,H3,2025,16,3.0
88271e4c81fffff,H3,2025,17,3.8
88271e4c81fffff,H3,2025,18,4.4
88271e4c81fffff,H3,2025,19,4.8
88271e4c81fffff,H3,2025,20,4.9
88271e4c81fffff,H3,2025,21,4.8
88271e4c81fffff,H3,2025,22,4.4
88271e4c81fffff,H3,2025,23,4.0
882740c643fffff,H3,2025,0,2.0
882740c643fffff,H3,2025,1,1.8
882740c643fffff,H3,2025,2,1.6
882740c643fffff,H3,2025,3,1.4
882740c643fffff,H3,2025,4,1.2
882740c643fffff,H3,2025,5,1.1
882740c643fffff,H3,2025,6,1.0
882740c643fffff,H3,2025,7,0.8
882740c643fffff,H3,2025,8,0.7
882740c643fffff,H3,2025,9,0.7
882740c643fffff,H3,2025,10,0.7
882740c643fffff,H3,2025,11,0.8
882740c643fffff,H3,2025,12,0.9
882740c643fffff,H3,2025,13,1.0
882740c643fffff,H3,2025,14,1.2
882740c643fffff,H3,2025,15,1.4
882740c643fffff,H3,2025,16,1.8
882740c643fffff,H3,2025,17,2.3
882740c643fffff,H3,2025,18,2.7
882740c643fffff,H3,2025,19,2.8
882740c643fffff,H3,2025,20,3.0
882740c643fffff,H3,2025,21,3.0
882740c643fffff,H3,2025,22,2.7
882740c643fffff,H3,2025,23,2.4
882740d70dfffff,H3,2025,0,1.7
882740d70dfffff,H3,2025,1,1.5
882740d70dfffff,H3,2025,2,1.2
882740d70dfffff,H3,2025,3,1.1
882740d70dfffff,H3,2025,4,1.0
882740d70dfffff,H3,2025,5,0.9
882740d70dfffff,H3,2025,6,0.8
882740d70dfffff,H3,2025,7,0.7
882740d70dfffff,H3,2025,8,0.6
882740d70dfffff,H3,2025,9,0.6
882740d70dfffff,H3,2025,10,0.6
882740d70dfffff,H3,2025,11,0.7
882740d70dfffff,H3,2025,12,0.8
882740d70dfffff,H3,2025,13,0.9
882740d70dfffff,H3,2025,14,0.9
882740d70dfffff,H3,2025,15,1.1
882740d70dfffff,H3,2025,16,1.4
882740d70dfffff,H3,2025,17,1.8
882740d70dfffff,H3,2025,18,2.2
882740d70dfffff,H3,2025,19,2.3
882740d70dfffff,H3,2025,20,2.4
882740d70dfffff,H3,2025,21,2.4
882740d70dfffff,H3,2025,22,2.2
882740d70dfffff,H3,2025,23,1.9
88274136cbfffff,H3,2025,0,2.0
88274136cbfffff,H3,2025,1,1.8
88274136cbfffff,H3,2025,2,1.6
88274136cbfffff,H3,2025,3,1.4
88274136cbfffff,H3,2025,4,1.2
88274136cbfffff,H3,2025,5,1.1
88274136cbfffff,H3,2025,6,1.0
88274136cbfffff,H3,2025,7,0.8
88274136cbfffff,H3,2025,8,0.7
88274136cbfffff,H3,2025,9,0.7
88274136cbfffff,H3,2025,10,0.7
88274136cbfffff,H3,2025,11,0.8
88274136cbfffff,H3,2025,12,0.9
88274136cbfffff,H3,2025,13,1.0
88274136cbfffff,H3,2025,14,1.1
88274136cbfffff,H3,2025,15,1.4
88274136cbfffff,H3,2025,16,1.7
88274136cbfffff,H3,2025,17,2.3
88274136cbfffff,H3,2025,18,2.6
88274136cbfffff,H3,2025,19,2.8
88274136cbfffff,H3,2025,20,3.0
88274136cbfffff,H3,2025,21,2.8
88274136cbfffff,H3,2025,22,2.7
88274136cbfffff,H3,2025,23,2.4
882741c713fffff,H3,2025,0,2.6
882741c713fffff,H3,2025,1,2.3
882741c713fffff,H3,2025,2,1.9
882741c713fffff,H3,2025,3,1.8
882741c713fffff,H3,2025,4,1.6
882741c713fffff,H3,2025,5,1.5
882741c713fffff,H3,2025,6,1.2
882741c713fffff,H3,2025,7,1.0
882741c713fffff,H3,2025,8,0.9
882741c713fffff,H3,2025,9,0.8
882741c713fffff,H3,2025,10,0.9
882741c713fffff,H3,2025,11,1.0
882741c713fffff,H3,2025,12,1.2
882741c713fffff,H3,2025,13,1.4
882741c713fffff,H3,2025,14,1.5
882741c713fffff,H3,2025,15,1.8
882741c713fffff,H3,2025,16,2.2
882741c713fffff,H3,2025,17,2.8
882741c713fffff,H3,2025,18,3.4
882741c713fffff,H3,2025,19,3.6
882741c713fffff,H3,2025,20,3.8
882741c713fffff,H3,2025,21,3.6
882741c713fffff,H3,2025,22,3.4
882741c713fffff,H3,2025,23,3.1
88274210edfffff,H3,2025,0,2.0
88274210edfffff,H3,2025,1,1.8
88274210edfffff,H3,2025,2,1.6
88274210edfffff,H3,2025,3,1.4
88274210edfffff,H3,2025,4,1.2
88274210edfffff,H3,2025,5,1.1
88274210edfffff,H3,2025,6,1.0
88274210edfffff,H3,2025,7,0.8
88274210edfffff,H3,2025,8,0.7
88274210edfffff,H3,2025,9,0.7
88274210edfffff,H3,2025,10,0.7
88274210edfffff,H3,2025,11,0.8
88274210edfffff,H3,2025,12,0.9
88274210edfffff,H3,2025,13,1.0
88274210edfffff,H3,2025,14,1.2
88274210edfffff,H3,2025,15,1.4
88274210edfffff,H3,2025,16,1.7
88274210edfffff,H3,2025,17,2.3
88274210edfffff,H3,2025,18,2.7
88274210edfffff,H3,2025,19,2.8
88274210edfffff,H3,2025,20,3.0
88274210edfffff,H3,2025,21,3.0
88274210edfffff,H3,2025,22,2.7
88274210edfffff,H3,2025,23,2.4
882743518bfffff,H3,2025,0,1.1
882743518bfffff,H3,2025,1,1.0
882743518bfffff,H3,2025,2,0.9
882743518bfffff,H3,2025,3,0.8
882743518bfffff,H3,2025,4,0.7
882743518bfffff,H3,2025,5,0.7
882743518bfffff,H3,2025,6,0.6
882743518bfffff,H3,2025,7,0.6
882743518bfffff,H3,2025,8,0.5
882743518bfffff,H3,2025,9,0.5
882743518bfffff,H3,2025,10,0.5
882743518bfffff,H3,2025,11,0.6
882743518bfffff,H3,2025,12,0.7
882743518bfffff,H3,2025,13,0.7
882743518bfffff,H3,2025,14,0.8
882743518bfffff,H3,2025,15,0.9
882743518bfffff,H3,2025,16,1.1
882743518bfffff,H3,2025,17,1.5
882743518bfffff,H3,2025,18,1.7
882743518bfffff,H3,2025,19,1.8
882743518bfffff,H3,2025,20,1.8
882743518bfffff,H3,2025,21,1.8
882743518bfffff,H3,2025,22,1.6
882743518bfffff,H3,2025,23,1.4
882743519bfffff,H3,2025,0,1.2
882743519bfffff,H3,2025,1,1.0
882743519bfffff,H3,2025,2,0.9
882743519bfffff,H3,2025,3,0.8
882743519bfffff,H3,2025,4,0.8
882743519bfffff,H3,2025,5,0.7
882743519bfffff,H3,2025,6,0.6
882743519bfffff,H3,2025,7,0.5
882743519bfffff,H3,2025,8,0.5
882743519bfffff,H3,2025,9,0.3
882743519bfffff,H3,2025,10,0.5
882743519bfffff,H3,2025,11,0.5
882743519bfffff,H3,2025,12,0.6
882743519bfffff,H3,2025,13,0.7
882743519bfffff,H3,2025,14,0.7
882743519bfffff,H3,2025,15,0.8
882743519bfffff,H3,2025,16,1.0
882743519bfffff,H3,2025,17,1.4
882743519bfffff,H3,2025,18,1.6
882743519bfffff,H3,2025,19,1.7
882743519bfffff,H3,2025,20,1.8
882743519bfffff,H3,2025,21,1.7
882743519bfffff,H3,2025,22,1.6
882743519bfffff,H3,2025,23,1.5
8827440ad3fffff,H3,2025,0,2.2
8827440ad3fffff,H3,2025,1,1.9
8827440ad3fffff,H3,2025,2,1.6
8827440ad3fffff,H3,2025,3,1.5
8827440ad3fffff,H3,2025,4,1.4
8827440ad3fffff,H3,2025,5,1.2
8827440ad3fffff,H3,2025,6,1.0
8827440ad3fffff,H3,2025,7,0.9
8827440ad3fffff,H3,2025,8,0.7
8827440ad3fffff,H3,2025,9,0.7
8827440ad3fffff,H3,2025,10,0.8
8827440ad3fffff,H3,2025,11,0.9
8827440ad3fffff,H3,2025,12,1.0
8827440ad3fffff,H3,2025,13,1.1
8827440ad3fffff,H3,2025,14,1.2
8827440ad3fffff,H3,2025,15,1.5
8827440ad3fffff,H3,2025,16,1.8
8827440ad3fffff,H3,2025,17,2.4
8827440ad3fffff,H3,2025,18,2.8
8827440ad3fffff,H3,2025,19,3.0
8827440ad3fffff,H3,2025,20,3.2
8827440ad3fffff,H3,2025,21,3.1
8827440ad3fffff,H3,2025,22,2.8
8827440ad3fffff,H3,2025,23,2.5
8827444b59fffff,H3,2025,0,2.6
8827444b59fffff,H3,2025,1,2.3
8827444b59fffff,H3,2025,2,2.0
8827444b59fffff,H3,2025,3,1.8
8827444b59fffff,H3,2025,4,1.6
8827444b59fffff,H3,2025,5,1.5
8827444b59fffff,H3,2025,6,1.4
8827444b59fffff,H3,2025,7,1.0
8827444b59fffff,H3,2025,8,0.9
8827444b59fffff,H3,2025,9,0.9
8827444b59fffff,H3,2025,10,0.9
8827444b59fffff,H3,2025,11,1.0
8827444b59fffff,H3,2025,12,1.2
8827444b59fffff,H3,2025,13,1.4
8827444b59fffff,H3,2025,14,1.5
8827444b59fffff,H3,2025,15,1.8
8827444b59fffff,H3,2025,16,2.3
8827444b59fffff,H3,2025,17,3.0
8827444b59fffff,H3,2025,18,3.4
8827444b59fffff,H3,2025,19,3.6
8827444b59fffff,H3,2025,20,3.9
8827444b59fffff,H3,2025,21,3.8
8827444b59fffff,H3,2025,22,3.5
8827444b59fffff,H3,2025,23,3.1
8827462ae7fffff,H3,2025,0,3.1
8827462ae7fffff,H3,2025,1,2.7
8827462ae7fffff,H3,2025,2,2.4
8827462ae7fffff,H3,2025,3,2.2
8827462ae7fffff,H3,2025,4,1.9
8827462ae7fffff,H3,2025,5,1.7
8827462ae7fffff,H3,2025,6,1.6
8827462ae7fffff,H3,2025,7,1.2
8827462ae7fffff,H3,2025,8,1.0
8827462ae7fffff,H3,2025,9,1.0
8827462ae7fffff,H3,2025,10,1.0
8827462ae7fffff,H3,2025,11,1.2
8827462ae7fffff,H3,2025,12,1.5
8827462ae7fffff,H3,2025,13,1.6
8827462ae7fffff,H3,2025,14,1.8
8827462ae7fffff,H3,2025,15,2.2
8827462ae7fffff,H3,2025,16,2.6
8827462ae7fffff,H3,2025,17,3.4
8827462ae7fffff,H3,2025,18,4.0
8827462ae7fffff,H3,2025,19,4.3
8827462ae7fffff,H3,2025,20,4.5
8827462ae7fffff,H3,2025,21,4.4
8827462ae7fffff,H3,2025,22,4.1
8827462ae7fffff,H3,2025,23,3.6
88274820adfffff,H3,2025,0,1.7
88274820adfffff,H3,2025,1,1.5
88274820adfffff,H3,2025,2,1.2
88274820adfffff,H3,2025,3,1.1
88274820adfffff,H3,2025,4,1.0
88274820adfffff,H3,2025,5,0.9
88274820adfffff,H3,2025,6,0.8
88274820adfffff,H3,2025,7,0.7
88274820adfffff,H3,2025,8,0.6
88274820adfffff,H3,2025,9,0.6
88274820adfffff,H3,2025,10,0.6
88274820adfffff,H3,2025,11,0.7
88274820adfffff,H3,2025,12,0.8
88274820adfffff,H3,2025,13,0.9
88274820adfffff,H3,2025,14,0.9
88274820adfffff,H3,2025,15,1.1
88274820adfffff,H3,2025,16,1.4
88274820adfffff,H3,2025,17,1.8
88274820adfffff,H3,2025,18,2.2
88274820adfffff,H3,2025,19,2.3
88274820adfffff,H3,2025,20,2.4
88274820adfffff,H3,2025,21,2.4
88274820adfffff,H3,2025,22,2.2
88274820adfffff,H3,2025,23,1.9
88274821a3fffff,H3,2025,0,9.1
88274821a3fffff,H3,2025,1,8.0
88274821a3fffff,H3,2025,2,6.9
88274821a3fffff,H3,2025,3,6.2
88274821a3fffff,H3,2025,4,5.7
88274821a3fffff,H3,2025,5,5.1
88274821a3fffff,H3,2025,6,4.5
88274821a3fffff,H3,2025,7,3.6
88274821a3fffff,H3,2025,8,3.1
88274821a3fffff,H3,2025,9,3.0
88274821a3fffff,H3,2025,10,3.2
88274821a3fffff,H3,2025,11,3.6
88274821a3fffff,H3,2025,12,4.3
88274821a3fffff,H3,2025,13,4.8
88274821a3fffff,H3,2025,14,5.3
88274821a3fffff,H3,2025,15,6.2
88274821a3fffff,H3,2025,16,7.8
88274821a3fffff,H3,2025,17,10.2
88274821a3fffff,H3,2025,18,11.9
88274821a3fffff,H3,2025,19,12.8
88274821a3fffff,H3,2025,20,13.3
88274821a3fffff,H3,2025,21,13.1
88274821a3fffff,H3,2025,22,12.2
88274821a3fffff,H3,2025,23,10.8
8827485057fffff,H3,2025,0,1.7
8827485057fffff,H3,2025,1,1.5
8827485057fffff,H3,2025,2,1.2
8827485057fffff,H3,2025,3,1.1
8827485057fffff,H3,2025,4,1.0
8827485057fffff,H3,2025,5,0.9
8827485057fffff,H3,2025,6,0.9
8827485057fffff,H3,2025,7,0.7
8827485057fffff,H3,2025,8,0.6
8827485057fffff,H3,2025,9,0.6
8827485057fffff,H3,2025,10,0.6
8827485057fffff,H3,2025,11,0.7
8827485057fffff,H3,2025,12,0.8
8827485057fffff,H3,2025,13,0.9
8827485057fffff,H3,2025,14,1.0
8827485057fffff,H3,2025,15,1.1
8827485057fffff,H3,2025,16,1.5
8827485057fffff,H3,2025,17,1.9
8827485057fffff,H3,2025,18,2.2
8827485057fffff,H3,2025,19,2.4
8827485057fffff,H3,2025,20,2.5
8827485057fffff,H3,2025,21,2.4
8827485057fffff,H3,2025,22,2.3
8827485057fffff,H3,2025,23,2.0
88274864e7fffff,H3,2025,0,3.5
88274864e7fffff,H3,2025,0,0.1
88274864e7fffff,H3,2025,1,3.1
88274864e7fffff,H3,2025,1,0.1
88274864e7fffff,H3,2025,2,2.7
88274864e7fffff,H3,2025,2,0.1
88274864e7fffff,H3,2025,3,2.4
88274864e7fffff,H3,2025,3,0.1
88274864e7fffff,H3,2025,4,2.2
88274864e7fffff,H3,2025,4,0.1
88274864e7fffff,H3,2025,5,2.0
88274864e7fffff,H3,2025,5,0.1
88274864e7fffff,H3,2025,6,1.8
88274864e7fffff,H3,2025,6,0.1
88274864e7fffff,H3,2025,7,1.4
88274864e7fffff,H3,2025,7,0.1
88274864e7fffff,H3,2025,8,1.1
88274864e7fffff,H3,2025,8,0.1
88274864e7fffff,H3,2025,9,1.1
88274864e7fffff,H3,2025,9,0.1
88274864e7fffff,H3,2025,10,1.2
88274864e7fffff,H3,2025,10,0.1
88274864e7fffff,H3,2025,11,1.4
88274864e7fffff,H3,2025,11,0.1
88274864e7fffff,H3,2025,12,1.6
88274864e7fffff,H3,2025,12,0.1
88274864e7fffff,H3,2025,13,1.8
88274864e7fffff,H3,2025,13,0.1
88274864e7fffff,H3,2025,14,2.0
88274864e7fffff,H3,2025,14,0.1
88274864e7fffff,H3,2025,15,2.4
88274864e7fffff,H3,2025,15,0.1
88274864e7fffff,H3,2025,16,3.0
88274864e7fffff,H3,2025,16,0.2
88274864e7fffff,H3,2025,17,3.9
88274864e7fffff,H3,2025,17,0.2
88274864e7fffff,H3,2025,18,4.5
88274864e7fffff,H3,2025,18,0.2
88274864e7fffff,H3,2025,19,4.9
88274864e7fffff,H3,2025,19,0.2
88274864e7fffff,H3,2025,20,5.1
88274864e7fffff,H3,2025,20,0.2
88274864e7fffff,H3,2025,21,5.0
88274864e7fffff,H3,2025,21,0.2
88274864e7fffff,H3,2025,22,4.7
88274864e7fffff,H3,2025,22,0.2
88274864e7fffff,H3,2025,23,4.2
88274864e7fffff,H3,2025,23,0.2
882748b583fffff,H3,2025,0,92.3
882748b583fffff,H3,2025,1,80.9
882748b583fffff,H3,2025,2,70.6
882748b583fffff,H3,2025,3,63.6
882748b583fffff,H3,2025,4,57.6
882748b583fffff,H3,2025,5,52.3
882748b583fffff,H3,2025,6,46.2
882748b583fffff,H3,2025,7,36.8
882748b583fffff,H3,2025,8,30.8
882748b583fffff,H3,2025,9,29.7
882748b583fffff,H3,2025,10,32.0
882748b583fffff,H3,2025,11,36.7
882748b583fffff,H3,2025,12,42.4
882748b583fffff,H3,2025,13,47.2
882748b583fffff,H3,2025,14,53.0
882748b583fffff,H3,2025,15,62.0
882748b583fffff,H3,2025,16,77.4
882748b583fffff,H3,2025,17,101.6
882748b583fffff,H3,2025,18,119.3
882748b583fffff,H3,2025,19,128.3
882748b583fffff,H3,2025,20,133.9
882748b583fffff,H3,2025,21,131.1
882748b583fffff,H3,2025,22,121.9
882748b583fffff,H3,2025,23,108.8
882748b611fffff,H3,2025,0,3.1
882748b611fffff,H3,2025,1,2.6
882748b611fffff,H3,2025,2,2.3
882748b611fffff,H3,2025,3,2.0
882748b611fffff,H3,2025,4,1.8
882748b611fffff,H3,2025,5,1.7
882748b611fffff,H3,2025,6,1.6
882748b611fffff,H3,2025,7,1.2
882748b611fffff,H3,2025,8,1.1
882748b611fffff,H3,2025,9,1.0
882748b611fffff,H3,2025,10,1.1
882748b611fffff,H3,2025,11,1.4
882748b611fffff,H3,2025,12,1.6
882748b611fffff,H3,2025,13,1.7
882748b611fffff,H3,2025,14,1.9
882748b611fffff,H3,2025,15,2.3
882748b611fffff,H3,2025,16,2.8
882748b611fffff,H3,2025,17,3.6
882748b611fffff,H3,2025,18,4.2
882748b611fffff,H3,2025,19,4.4
882748b611fffff,H3,2025,20,4.5
882748b611fffff,H3,2025,21,4.4
882748b611fffff,H3,2025,22,4.1
882748b611fffff,H3,2025,23,3.6
882748b6e9fffff,H3,2025,0,1.9
882748b6e9fffff,H3,2025,1,1.7
882748b6e9fffff,H3,2025,2,1.5
882748b6e9fffff,H3,2025,3,1.4
882748b6e9fffff,H3,2025,4,1.2
882748b6e9fffff,H3,2025,5,1.1
882748b6e9fffff,H3,2025,6,1.0
882748b6e9fffff,H3,2025,7,0.8
882748b6e9fffff,H3,2025,8,0.7
882748b6e9fffff,H3,2025,9,0.7
882748b6e9fffff,H3,2025,10,0.7
882748b6e9fffff,H3,2025,11,0.8
882748b6e9fffff,H3,2025,12,0.9
882748b6e9fffff,H3,2025,13,1.0
882748b6e9fffff,H3,2025,14,1.1
882748b6e9fffff,H3,2025,15,1.4
882748b6e9fffff,H3,2025,16,1.7
882748b6e9fffff,H3,2025,17,2.2
882748b6e9fffff,H3,2025,18,2.5
882748b6e9fffff,H3,2025,19,2.7
882748b6e9fffff,H3,2025,20,2.8
882748b6e9fffff,H3,2025,21,2.7
882748b6e9fffff,H3,2025,22,2.6
882748b6e9fffff,H3,2025,23,2.3
882748cc13fffff,H3,2025,0,6.2
882748cc13fffff,H3,2025,1,5.6
882748cc13fffff,H3,2025,2,4.8
882748cc13fffff,H3,2025,3,4.3
882748cc13fffff,H3,2025,4,4.0
882748cc13fffff,H3,2025,5,3.5
882748cc13fffff,H3,2025,6,3.2
882748cc13fffff,H3,2025,7,2.5
882748cc13fffff,H3,2025,8,2.2
882748cc13fffff,H3,2025,9,2.0
882748cc13fffff,H3,2025,10,2.2
882748cc13fffff,H3,2025,11,2.5
882748cc13fffff,H3,2025,12,3.0
882748cc13fffff,H3,2025,13,3.3
882748cc13fffff,H3,2025,14,3.6
882748cc13fffff,H3,2025,15,4.3
882748cc13fffff,H3,2025,16,5.3
882748cc13fffff,H3,2025,17,6.9
882748cc13fffff,H3,2025,18,8.2
882748cc13fffff,H3,2025,19,8.8
882748cc13fffff,H3,2025,20,9.2
882748cc13fffff,H3,2025,21,9.0
882748cc13fffff,H3,2025,22,8.3
882748cc13fffff,H3,2025,23,7.4
88274996d5fffff,H3,2025,0,11.9
88274996d5fffff,H3,2025,1,10.5
88274996d5fffff,H3,2025,2,9.1
88274996d5fffff,H3,2025,3,8.2
88274996d5fffff,H3,2025,4,7.5
88274996d5fffff,H3,2025,5,6.8
88274996d5fffff,H3,2025,6,6.0
88274996d5fffff,H3,2025,7,4.8
88274996d5fffff,H3,2025,8,4.0
88274996d5fffff,H3,2025,9,3.9
88274996d5fffff,H3,2025,10,4.1
88274996d5fffff,H3,2025,11,4.8
88274996d5fffff,H3,2025,12,5.5
88274996d5fffff,H3,2025,13,6.1
88274996d5fffff,H3,2025,14,6.8
88274996d5fffff,H3,2025,15,8.1
88274996d5fffff,H3,2025,16,10.0
88274996d5fffff,H3,2025,17,13.2
88274996d5fffff,H3,2025,18,15.5
88274996d5fffff,H3,2025,19,16.6
88274996d5fffff,H3,2025,20,17.3
88274996d5fffff,H3,2025,21,16.9
88274996d5fffff,H3,2025,22,15.8
88274996d5fffff,H3,2025,23,14.1
88274b4417fffff,H3,2025,0,1.2
88274b4417fffff,H3,2025,1,1.1
88274b4417fffff,H3,2025,2,0.9
88274b4417fffff,H3,2025,3,0.9
88274b4417fffff,H3,2025,4,0.8
88274b4417fffff,H3,2025,5,0.7
88274b4417fffff,H3,2025,6,0.7
88274b4417fffff,H3,2025,7,0.5
88274b4417fffff,H3,2025,8,0.5
88274b4417fffff,H3,2025,9,0.5
88274b4417fffff,H3,2025,10,0.5
88274b4417fffff,H3,2025,11,0.5
88274b4417fffff,H3,2025,12,0.6
88274b4417fffff,H3,2025,13,0.7
88274b4417fffff,H3,2025,14,0.7
88274b4417fffff,H3,2025,15,0.9
88274b4417fffff,H3,2025,16,1.0
88274b4417fffff,H3,2025,17,1.4
88274b4417fffff,H3,2025,18,1.6
88274b4417fffff,H3,2025,19,1.7
88274b4417fffff,H3,2025,20,1.8
88274b4417fffff,H3,2025,21,1.8
88274b4417fffff,H3,2025,22,1.6
88274b4417fffff,H3,2025,23,1.5
88274d6b65fffff,H3,2025,0,7.5
88274d6b65fffff,H3,2025,1,6.6
88274d6b65fffff,H3,2025,2,5.7
88274d6b65fffff,H3,2025,3,5.1
88274d6b65fffff,H3,2025,4,4.7
88274d6b65fffff,H3,2025,5,4.2
88274d6b65fffff,H3,2025,6,3.8
88274d6b65fffff,H3,2025,7,3.1
88274d6b65fffff,H3,2025,8,2.6
88274d6b65fffff,H3,2025,9,2.5
88274d6b65fffff,H3,2025,10,2.7
88274d6b65fffff,H3,2025,11,3.1
88274d6b65fffff,H3,2025,12,3.5
88274d6b65fffff,H3,2025,13,4.0
88274d6b65fffff,H3,2025,14,4.4
88274d6b65fffff,H3,2025,15,5.2
88274d6b65fffff,H3,2025,16,6.5
88274d6b65fffff,H3,2025,17,8.5
88274d6b65fffff,H3,2025,18,9.9
88274d6b65fffff,H3,2025,19,10.6
88274d6b65fffff,H3,2025,20,11.0
88274d6b65fffff,H3,2025,21,10.8
88274d6b65fffff,H3,2025,22,10.0
88274d6b65fffff,H3,2025,23,8.9
88274d7957fffff,H3,2025,0,3.2
88274d7957fffff,H3,2025,1,2.7
88274d7957fffff,H3,2025,2,2.4
88274d7957fffff,H3,2025,3,2.2
88274d7957fffff,H3,2025,4,1.9
88274d7957fffff,H3,2025,5,1.8
88274d7957fffff,H3,2025,6,1.6
88274d7957fffff,H3,2025,7,1.2
88274d7957fffff,H3,2025,8,1.0
88274d7957fffff,H3,2025,9,1.0
88274d7957fffff,H3,2025,10,1.1
88274d7957fffff,H3,2025,11,1.2
88274d7957fffff,H3,2025,12,1.5
88274d7957fffff,H3,2025,13,1.6
88274d7957fffff,H3,2025,14,1.8
88274d7957fffff,H3,2025,15,2.2
88274d7957fffff,H3,2025,16,2.6
88274d7957fffff,H3,2025,17,3.5
88274d7957fffff,H3,2025,18,4.1
88274d7957fffff,H3,2025,19,4.4
88274d7957fffff,H3,2025,20,4.5
88274d7957fffff,H3,2025,21,4.5
88274d7957fffff,H3,2025,22,4.2
88274d7957fffff,H3,2025,23,3.8
88274d79d7fffff,H3,2025,0,3.8
88274d79d7fffff,H3,2025,1,3.3
88274d79d7fffff,H3,2025,2,2.8
88274d79d7fffff,H3,2025,3,2.6
88274d79d7fffff,H3,2025,4,2.4
88274d79d7fffff,H3,2025,5,2.2
88274d79d7fffff,H3,2025,6,1.9
88274d79d7fffff,H3,2025,7,1.5
88274d79d7fffff,H3,2025,8,1.2
88274d79d7fffff,H3,2025,9,1.2
88274d79d7fffff,H3,2025,10,1.2
88274d79d7fffff,H3,2025,11,1.5
88274d79d7fffff,H3,2025,12,1.7
88274d79d7fffff,H3,2025,13,1.9
88274d79d7fffff,H3,2025,14,2.2
88274d79d7fffff,H3,2025,15,2.5
88274d79d7fffff,H3,2025,16,3.2
88274d79d7fffff,H3,2025,17,4.1
88274d79d7fffff,H3,2025,18,4.9
88274d79d7fffff,H3,2025,19,5.2
88274d79d7fffff,H3,2025,20,5.5
88274d79d7fffff,H3,2025,21,5.3
88274d79d7fffff,H3,2025,22,5.0
88274d79d7fffff,H3,2025,23,4.4
88274d79edfffff,H3,2025,0,9.1
88274d79edfffff,H3,2025,1,8.0
88274d79edfffff,H3,2025,2,6.9
88274d79edfffff,H3,2025,3,6.2
88274d79edfffff,H3,2025,4,5.7
88274d79edfffff,H3,2025,5,5.1
88274d79edfffff,H3,2025,6,4.5
88274d79edfffff,H3,2025,7,3.6
88274d79edfffff,H3,2025,8,3.1
88274d79edfffff,H3,2025,9,3.0
88274d79edfffff,H3,2025,10,3.2
88274d79edfffff,H3,2025,11,3.6
88274d79edfffff,H3,2025,12,4.2
88274d79edfffff,H3,2025,13,4.7
88274d79edfffff,H3,2025,14,5.2
88274d79edfffff,H3,2025,15,6.1
88274d79edfffff,H3,2025,16,7.6
88274d79edfffff,H3,2025,17,10.0
88274d79edfffff,H3,2025,18,11.7
88274d79edfffff,H3,2025,19,12.6
88274d79edfffff,H3,2025,20,13.2
88274d79edfffff,H3,2025,21,12.8
88274d79edfffff,H3,2025,22,11.9
88274d79edfffff,H3,2025,23,10.7
88274dd0d9fffff,H3,2025,0,3.8
88274dd0d9fffff,H3,2025,1,3.3
88274dd0d9fffff,H3,2025,2,2.8
88274dd0d9fffff,H3,2025,3,2.5
88274dd0d9fffff,H3,2025,4,2.3
88274dd0d9fffff,H3,2025,5,2.0
88274dd0d9fffff,H3,2025,6,1.9
88274dd0d9fffff,H3,2025,7,1.6
88274dd0d9fffff,H3,2025,8,1.4
88274dd0d9fffff,H3,2025,9,1.2
88274dd0d9fffff,H3,2025,10,1.4
88274dd0d9fffff,H3,2025,11,1.6
88274dd0d9fffff,H3,2025,12,1.9
88274dd0d9fffff,H3,2025,13,2.2
88274dd0d9fffff,H3,2025,14,2.3
88274dd0d9fffff,H3,2025,15,2.7
88274dd0d9fffff,H3,2025,16,3.4
88274dd0d9fffff,H3,2025,17,4.4
88274dd0d9fffff,H3,2025,18,5.1
88274dd0d9fffff,H3,2025,19,5.5
88274dd0d9fffff,H3,2025,20,5.7
88274dd0d9fffff,H3,2025,21,5.5
88274dd0d9fffff,H3,2025,22,5.0
88274dd0d9fffff,H3,2025,23,4.4
88274e9417fffff,H3,2025,0,1.4
88274e9417fffff,H3,2025,1,1.2
88274e9417fffff,H3,2025,2,1.0
88274e9417fffff,H3,2025,3,0.9
88274e9417fffff,H3,2025,4,0.9
88274e9417fffff,H3,2025,5,0.8
88274e9417fffff,H3,2025,6,0.7
88274e9417fffff,H3,2025,7,0.6
88274e9417fffff,H3,2025,8,0.5
88274e9417fffff,H3,2025,9,0.5
88274e9417fffff,H3,2025,10,0.5
88274e9417fffff,H3,2025,11,0.6
88274e9417fffff,H3,2025,12,0.7
88274e9417fffff,H3,2025,13,0.7
88274e9417fffff,H3,2025,14,0.8
88274e9417fffff,H3,2025,15,0.9
88274e9417fffff,H3,2025,16,1.1
88274e9417fffff,H3,2025,17,1.5
88274e9417fffff,H3,2025,18,1.8
88274e9417fffff,H3,2025,19,1.9
88274e9417fffff,H3,2025,20,1.9
88274e9417fffff,H3,2025,21,1.9
88274e9417fffff,H3,2025,22,1.8
88274e9417fffff,H3,2025,23,1.6
882751b8c9fffff,H3,2025,0,1.4
882751b8c9fffff,H3,2025,1,1.2
882751b8c9fffff,H3,2025,2,1.0
882751b8c9fffff,H3,2025,3,0.9
882751b8c9fffff,H3,2025,4,0.9
882751b8c9fffff,H3,2025,5,0.8
882751b8c9fffff,H3,2025,6,0.7
882751b8c9fffff,H3,2025,7,0.6
882751b8c9fffff,H3,2025,8,0.5
882751b8c9fffff,H3,2025,9,0.5
882751b8c9fffff,H3,2025,10,0.5
882751b8c9fffff,H3,2025,11,0.6
882751b8c9fffff,H3,2025,12,0.7
882751b8c9fffff,H3,2025,13,0.8
882751b8c9fffff,H3,2025,14,0.8
882751b8c9fffff,H3,2025,15,0.9
882751b8c9fffff,H3,2025,16,1.2
882751b8c9fffff,H3,2025,17,1.6
882751b8c9fffff,H3,2025,18,1.8
882751b8c9fffff,H3,2025,19,1.9
882751b8c9fffff,H3,2025,20,2.0
882751b8c9fffff,H3,2025,21,2.0
882751b8c9fffff,H3,2025,22,1.8
882751b8c9fffff,H3,2025,23,1.7
882752614bfffff,H3,2025,0,134.1
882752614bfffff,H3,2025,1,117.5
882752614bfffff,H3,2025,2,102.5
882752614bfffff,H3,2025,3,92.4
882752614bfffff,H3,2025,4,83.6
882752614bfffff,H3,2025,5,75.9
882752614bfffff,H3,2025,6,67.2
882752614bfffff,H3,2025,7,53.5
882752614bfffff,H3,2025,8,44.9
882752614bfffff,H3,2025,9,43.2
882752614bfffff,H3,2025,10,46.6
882752614bfffff,H3,2025,11,53.4
882752614bfffff,H3,2025,12,61.7
882752614bfffff,H3,2025,13,68.6
882752614bfffff,H3,2025,14,76.9
882752614bfffff,H3,2025,15,90.3
882752614bfffff,H3,2025,16,112.6
882752614bfffff,H3,2025,17,147.7
882752614bfffff,H3,2025,18,173.5
882752614bfffff,H3,2025,19,186.6
882752614bfffff,H3,2025,20,194.7
882752614bfffff,H3,2025,21,190.7
882752614bfffff,H3,2025,22,177.3
882752614bfffff,H3,2025,23,158.1
8827526895fffff,H3,2025,0,2.8
8827526895fffff,H3,2025,1,2.5
8827526895fffff,H3,2025,2,2.2
8827526895fffff,H3,2025,3,2.0
8827526895fffff,H3,2025,4,1.8
8827526895fffff,H3,2025,5,1.6
8827526895fffff,H3,2025,6,1.5
8827526895fffff,H3,2025,7,1.1
8827526895fffff,H3,2025,8,0.9
8827526895fffff,H3,2025,9,0.9
8827526895fffff,H3,2025,10,1.0
8827526895fffff,H3,2025,11,1.1
8827526895fffff,H3,2025,12,1.4
8827526895fffff,H3,2025,13,1.5
8827526895fffff,H3,2025,14,1.7
8827526895fffff,H3,2025,15,1.9
8827526895fffff,H3,2025,16,2.4
8827526895fffff,H3,2025,17,3.2
8827526895fffff,H3,2025,18,3.8
8827526895fffff,H3,2025,19,4.0
8827526895fffff,H3,2025,20,4.2
8827526895fffff,H3,2025,21,4.1
8827526895fffff,H3,2025,22,3.9
8827526895fffff,H3,2025,23,3.4
8827526899fffff,H3,2025,0,4.0
8827526899fffff,H3,2025,1,3.5
8827526899fffff,H3,2025,2,3.1
8827526899fffff,H3,2025,3,2.7
8827526899fffff,H3,2025,4,2.5
8827526899fffff,H3,2025,5,2.3
8827526899fffff,H3,2025,6,2.0
8827526899fffff,H3,2025,7,1.6
8827526899fffff,H3,2025,8,1.4
8827526899fffff,H3,2025,9,1.2
8827526899fffff,H3,2025,10,1.4
8827526899fffff,H3,2025,11,1.6
8827526899fffff,H3,2025,12,1.8
8827526899fffff,H3,2025,13,2.0
8827526899fffff,H3,2025,14,2.3
8827526899fffff,H3,2025,15,2.7
8827526899fffff,H3,2025,16,3.3
8827526899fffff,H3,2025,17,4.4
8827526899fffff,H3,2025,18,5.1
8827526899fffff,H3,2025,19,5.6
8827526899fffff,H3,2025,20,5.8
8827526899fffff,H3,2025,21,5.7
8827526899fffff,H3,2025,22,5.2
8827526899fffff,H3,2025,23,4.7
88275268d9fffff,H3,2025,0,3.0
88275268d9fffff,H3,2025,1,2.6
88275268d9fffff,H3,2025,2,2.3
88275268d9fffff,H3,2025,3,2.0
88275268d9fffff,H3,2025,4,1.8
88275268d9fffff,H3,2025,5,1.7
88275268d9fffff,H3,2025,6,1.5
88275268d9fffff,H3,2025,7,1.2
88275268d9fffff,H3,2025,8,1.0
88275268d9fffff,H3,2025,9,1.0
88275268d9fffff,H3,2025,10,1.0
88275268d9fffff,H3,2025,11,1.2
88275268d9fffff,H3,2025,12,1.5
88275268d9fffff,H3,2025,13,1.6
88275268d9fffff,H3,2025,14,1.8
88275268d9fffff,H3,2025,15,2.2
88275268d9fffff,H3,2025,16,2.6
88275268d9fffff,H3,2025,17,3.4
88275268d9fffff,H3,2025,18,4.0
88275268d9fffff,H3,2025,19,4.2
88275268d9fffff,H3,2025,20,4.4
88275268d9fffff,H3,2025,21,4.3
88275268d9fffff,H3,2025,22,4.0
88275268d9fffff,H3,2025,23,3.5
8827526d89fffff,H3,2025,0,16.0
8827526d89fffff,H3,2025,1,14.0
8827526d89fffff,H3,2025,2,12.3
8827526d89fffff,H3,2025,3,11.0
8827526d89fffff,H3,2025,4,10.0
8827526d89fffff,H3,2025,5,9.1
8827526d89fffff,H3,2025,6,8.1
8827526d89fffff,H3,2025,7,6.4
8827526d89fffff,H3,2025,8,5.3
8827526d89fffff,H3,2025,9,5.2
8827526d89fffff,H3,2025,10,5.6
8827526d89fffff,H3,2025,11,6.4
8827526d89fffff,H3,2025,12,7.4
8827526d89fffff,H3,2025,13,8.3
8827526d89fffff,H3,2025,14,9.2
8827526d89fffff,H3,2025,15,10.9
8827526d89fffff,H3,2025,16,13.5
8827526d89fffff,H3,2025,17,17.7
8827526d89fffff,H3,2025,18,20.8
8827526d89fffff,H3,2025,19,22.4
8827526d89fffff,H3,2025,20,23.3
8827526d89fffff,H3,2025,21,22.8
8827526d89fffff,H3,2025,22,21.2
8827526d89fffff,H3,2025,23,18.9
8827526dabfffff,H3,2025,0,1.6
8827526dabfffff,H3,2025,1,1.4
8827526dabfffff,H3,2025,2,1.2
8827526dabfffff,H3,2025,3,1.0
8827526dabfffff,H3,2025,4,1.0
8827526dabfffff,H3,2025,5,0.9
8827526dabfffff,H3,2025,6,0.8
8827526dabfffff,H3,2025,7,0.7
8827526dabfffff,H3,2025,8,0.6
8827526dabfffff,H3,2025,9,0.6
8827526dabfffff,H3,2025,10,0.6
8827526dabfffff,H3,2025,11,0.7
8827526dabfffff,H3,2025,12,0.8
8827526dabfffff,H3,2025,13,0.8
8827526dabfffff,H3,2025,14,0.9
8827526dabfffff,H3,2025,15,1.1
8827526dabfffff,H3,2025,16,1.4
8827526dabfffff,H3,2025,17,1.8
8827526dabfffff,H3,2025,18,2.0
8827526dabfffff,H3,2025,19,2.3
8827526dabfffff,H3,2025,20,2.3
8827526dabfffff,H3,2025,21,2.3
8827526dabfffff,H3,2025,22,2.2
8827526dabfffff,H3,2025,23,1.8
8827526db5fffff,H3,2025,0,3.8
8827526db5fffff,H3,2025,1,3.3
8827526db5fffff,H3,2025,2,2.8
8827526db5fffff,H3,2025,3,2.6
8827526db5fffff,H3,2025,4,2.3
8827526db5fffff,H3,2025,5,2.2
8827526db5fffff,H3,2025,6,1.8
8827526db5fffff,H3,2025,7,1.5
8827526db5fffff,H3,2025,8,1.2
8827526db5fffff,H3,2025,9,1.2
8827526db5fffff,H3,2025,10,1.2
8827526db5fffff,H3,2025,11,1.5
8827526db5fffff,H3,2025,12,1.7
8827526db5fffff,H3,2025,13,1.9
8827526db5fffff,H3,2025,14,2.2
8827526db5fffff,H3,2025,15,2.5
8827526db5fffff,H3,2025,16,3.2
8827526db5fffff,H3,2025,17,4.1
8827526db5fffff,H3,2025,18,4.8
8827526db5fffff,H3,2025,19,5.2
8827526db5fffff,H3,2025,20,5.5
8827526db5fffff,H3,2025,21,5.3
8827526db5fffff,H3,2025,22,4.9
8827526db5fffff,H3,2025,23,4.4
8827526dc3fffff,H3,2025,0,43.4
8827526dc3fffff,H3,2025,0,0.2
8827526dc3fffff,H3,2025,1,38.1
8827526dc3fffff,H3,2025,1,0.2
8827526dc3fffff,H3,2025,2,33.2
8827526dc3fffff,H3,2025,2,0.1
8827526dc3fffff,H3,2025,3,30.0
8827526dc3fffff,H3,2025,3,0.1
8827526dc3fffff,H3,2025,4,27.2
8827526dc3fffff,H3,2025,4,0.1
8827526dc3fffff,H3,2025,5,24.5
8827526dc3fffff,H3,2025,5,0.1
8827526dc3fffff,H3,2025,6,21.8
8827526dc3fffff,H3,2025,6,0.1
8827526dc3fffff,H3,2025,7,17.4
8827526dc3fffff,H3,2025,7,0.1
8827526dc3fffff,H3,2025,8,14.5
8827526dc3fffff,H3,2025,8,0.1
8827526dc3fffff,H3,2025,9,14.0
8827526dc3fffff,H3,2025,9,0.1
8827526dc3fffff,H3,2025,10,15.1
8827526dc3fffff,H3,2025,10,0.1
8827526dc3fffff,H3,2025,11,17.3
8827526dc3fffff,H3,2025,11,0.1
8827526dc3fffff,H3,2025,12,20.0
8827526dc3fffff,H3,2025,12,0.1
8827526dc3fffff,H3,2025,13,22.3
8827526dc3fffff,H3,2025,13,0.1
8827526dc3fffff,H3,2025,14,24.9
8827526dc3fffff,H3,2025,14,0.1
8827526dc3fffff,H3,2025,15,29.3
8827526dc3fffff,H3,2025,15,0.1
8827526dc3fffff,H3,2025,16,36.5
8827526dc3fffff,H3,2025,16,0.1
8827526dc3fffff,H3,2025,17,47.8
8827526dc3fffff,H3,2025,17,0.2
8827526dc3fffff,H3,2025,18,56.2
8827526dc3fffff,H3,2025,18,0.2
8827526dc3fffff,H3,2025,19,60.5
8827526dc3fffff,H3,2025,19,0.2
8827526dc3fffff,H3,2025,20,63.1
8827526dc3fffff,H3,2025,20,0.3
8827526dc3fffff,H3,2025,21,61.8
8827526dc3fffff,H3,2025,21,0.3
8827526dc3fffff,H3,2025,22,57.5
8827526dc3fffff,H3,2025,22,0.2
8827526dc3fffff,H3,2025,23,51.2
8827526dc3fffff,H3,2025,23,0.2
8827526de9fffff,H3,2025,0,7.5
8827526de9fffff,H3,2025,1,6.6
8827526de9fffff,H3,2025,2,5.7
8827526de9fffff,H3,2025,3,5.1
8827526de9fffff,H3,2025,4,4.7
8827526de9fffff,H3,2025,5,4.2
8827526de9fffff,H3,2025,6,3.8
8827526de9fffff,H3,2025,7,3.0
8827526de9fffff,H3,2025,8,2.5
8827526de9fffff,H3,2025,9,2.4
8827526de9fffff,H3,2025,10,2.6
8827526de9fffff,H3,2025,11,3.0
8827526de9fffff,H3,2025,12,3.5
8827526de9fffff,H3,2025,13,3.9
8827526de9fffff,H3,2025,14,4.3
8827526de9fffff,H3,2025,15,5.1
8827526de9fffff,H3,2025,16,6.4
8827526de9fffff,H3,2025,17,8.3
8827526de9fffff,H3,2025,18,9.8
8827526de9fffff,H3,2025,19,10.5
8827526de9fffff,H3,2025,20,10.9
8827526de9fffff,H3,2025,21,10.7
8827526de9fffff,H3,2025,22,9.9
8827526de9fffff,H3,2025,23,8.8
8827526e13fffff,H3,2025,0,2.5
8827526e13fffff,H3,2025,1,2.2
8827526e13fffff,H3,2025,2,1.8
8827526e13fffff,H3,2025,3,1.7
8827526e13fffff,H3,2025,4,1.6
8827526e13fffff,H3,2025,5,1.4
8827526e13fffff,H3,2025,6,1.2
8827526e13fffff,H3,2025,7,1.0
8827526e13fffff,H3,2025,8,0.8
8827526e13fffff,H3,2025,9,0.8
8827526e13fffff,H3,2025,10,0.9
8827526e13fffff,H3,2025,11,1.0
8827526e13fffff,H3,2025,12,1.1
8827526e13fffff,H3,2025,13,1.2
8827526e13fffff,H3,2025,14,1.4
8827526e13fffff,H3,2025,15,1.6
8827526e13fffff,H3,2025,16,2.0
8827526e13fffff,H3,2025,17,2.7
8827526e13fffff,H3,2025,18,3.2
8827526e13fffff,H3,2025,19,3.4
8827526e13fffff,H3,2025,20,3.5
8827526e13fffff,H3,2025,21,3.5
8827526e13fffff,H3,2025,22,3.3
8827526e13fffff,H3,2025,23,2.8
8827526f0dfffff,H3,2025,0,8.6
8827526f0dfffff,H3,2025,1,7.5
8827526f0dfffff,H3,2025,2,6.6
8827526f0dfffff,H3,2025,3,5.9
8827526f0dfffff,H3,2025,4,5.3
8827526f0dfffff,H3,2025,5,4.9
8827526f0dfffff,H3,2025,6,4.3
8827526f0dfffff,H3,2025,7,3.4
8827526f0dfffff,H3,2025,8,2.8
8827526f0dfffff,H3,2025,9,2.7
8827526f0dfffff,H3,2025,10,3.0
8827526f0dfffff,H3,2025,11,3.4
8827526f0dfffff,H3,2025,12,4.0
8827526f0dfffff,H3,2025,13,4.4
8827526f0dfffff,H3,2025,14,4.9
8827526f0dfffff,H3,2025,15,5.8
8827526f0dfffff,H3,2025,16,7.2
8827526f0dfffff,H3,2025,17,9.4
8827526f0dfffff,H3,2025,18,11.1
8827526f0dfffff,H3,2025,19,11.9
8827526f0dfffff,H3,2025,20,12.5
8827526f0dfffff,H3,2025,21,12.3
8827526f0dfffff,H3,2025,22,11.4
8827526f0dfffff,H3,2025,23,10.1
8827531099fffff,H3,2025,0,1.2
8827531099fffff,H3,2025,1,1.1
8827531099fffff,H3,2025,2,0.9
8827531099fffff,H3,2025,3,0.9
8827531099fffff,H3,2025,4,0.8
8827531099fffff,H3,2025,5,0.7
8827531099fffff,H3,2025,6,0.7
8827531099fffff,H3,2025,7,0.5
8827531099fffff,H3,2025,8,0.5
8827531099fffff,H3,2025,9,0.5
8827531099fffff,H3,2025,10,0.5
8827531099fffff,H3,2025,11,0.5
8827531099fffff,H3,2025,12,0.6
8827531099fffff,H3,2025,13,0.7
8827531099fffff,H3,2025,14,0.7
8827531099fffff,H3,2025,15,0.9
8827531099fffff,H3,2025,16,1.0
8827531099fffff,H3,2025,17,1.4
8827531099fffff,H3,2025,18,1.6
8827531099fffff,H3,2025,19,1.7
8827531099fffff,H3,2025,20,1.8
8827531099fffff,H3,2025,21,1.8
8827531099fffff,H3,2025,22,1.7
8827531099fffff,H3,2025,23,1.5
882754a5b7fffff,H3,2025,0,3.1
882754a5b7fffff,H3,2025,1,2.6
882754a5b7fffff,H3,2025,2,2.3
882754a5b7fffff,H3,2025,3,2.0
882754a5b7fffff,H3,2025,4,1.9
882754a5b7fffff,H3,2025,5,1.7
882754a5b7fffff,H3,2025,6,1.5
882754a5b7fffff,H3,2025,7,1.2
882754a5b7fffff,H3,2025,8,1.0
882754a5b7fffff,H3,2025,9,0.9
882754a5b7fffff,H3,2025,10,1.0
882754a5b7fffff,H3,2025,11,1.2
882754a5b7fffff,H3,2025,12,1.4
882754a5b7fffff,H3,2025,13,1.6
882754a5b7fffff,H3,2025,14,1.7
882754a5b7fffff,H3,2025,15,2.0
882754a5b7fffff,H3,2025,16,2.5
882754a5b7fffff,H3,2025,17,3.3
882754a5b7fffff,H3,2025,18,3.9
882754a5b7fffff,H3,2025,19,4.2
882754a5b7fffff,H3,2025,20,4.4
882754a5b7fffff,H3,2025,21,4.3
882754a5b7fffff,H3,2025,22,4.0
882754a5b7fffff,H3,2025,23,3.5
8827552239fffff,H3,2025,0,7.0
8827552239fffff,H3,2025,1,6.1
8827552239fffff,H3,2025,2,5.3
8827552239fffff,H3,2025,3,4.8
8827552239fffff,H3,2025,4,4.3
8827552239fffff,H3,2025,5,4.0
8827552239fffff,H3,2025,6,3.5
8827552239fffff,H3,2025,7,2.8
8827552239fffff,H3,2025,8,2.4
8827552239fffff,H3,2025,9,2.3
8827552239fffff,H3,2025,10,2.5
8827552239fffff,H3,2025,11,2.8
8827552239fffff,H3,2025,12,3.3
8827552239fffff,H3,2025,13,3.6
8827552239fffff,H3,2025,14,4.1
8827552239fffff,H3,2025,15,4.8
8827552239fffff,H3,2025,16,6.0
8827552239fffff,H3,2025,17,7.8
8827552239fffff,H3,2025,18,9.2
8827552239fffff,H3,2025,19,9.9
8827552239fffff,H3,2025,20,10.2
8827552239fffff,H3,2025,21,10.0
8827552239fffff,H3,2025,22,9.3
8827552239fffff,H3,2025,23,8.3
8827555955fffff,H3,2025,0,1.4
8827555955fffff,H3,2025,1,1.2
8827555955fffff,H3,2025,2,1.0
8827555955fffff,H3,2025,3,0.9
8827555955fffff,H3,2025,4,0.9
8827555955fffff,H3,2025,5,0.8
8827555955fffff,H3,2025,6,0.7
8827555955fffff,H3,2025,7,0.6
8827555955fffff,H3,2025,8,0.5
8827555955fffff,H3,2025,9,0.5
8827555955fffff,H3,2025,10,0.5
8827555955fffff,H3,2025,11,0.6
8827555955fffff,H3,2025,12,0.7
8827555955fffff,H3,2025,13,0.7
8827555955fffff,H3,2025,14,0.8
8827555955fffff,H3,2025,15,0.9
8827555955fffff,H3,2025,16,1.1
8827555955fffff,H3,2025,17,1.6
8827555955fffff,H3,2025,18,1.8
8827555955fffff,H3,2025,19,1.9
8827555955fffff,H3,2025,20,2.0
8827555955fffff,H3,2025,21,1.9
8827555955fffff,H3,2025,22,1.8
8827555955fffff,H3,2025,23,1.6
8827558183fffff,H3,2025,0,1.2
8827558183fffff,H3,2025,1,1.1
8827558183fffff,H3,2025,2,0.9
8827558183fffff,H3,2025,3,0.9
8827558183fffff,H3,2025,4,0.8
8827558183fffff,H3,2025,5,0.7
8827558183fffff,H3,2025,6,0.7
8827558183fffff,H3,2025,7,0.5
8827558183fffff,H3,2025,8,0.5
8827558183fffff,H3,2025,9,0.3
8827558183fffff,H3,2025,10,0.5
8827558183fffff,H3,2025,11,0.5
8827558183fffff,H3,2025,12,0.6
8827558183fffff,H3,2025,13,0.7
8827558183fffff,H3,2025,14,0.7
8827558183fffff,H3,2025,15,0.8
8827558183fffff,H3,2025,16,1.0
8827558183fffff,H3,2025,17,1.4
8827558183fffff,H3,2025,18,1.6
8827558183fffff,H3,2025,19,1.7
8827558183fffff,H3,2025,20,1.8
8827558183fffff,H3,2025,21,1.8
8827558183fffff,H3,2025,22,1.6
8827558183fffff,H3,2025,23,1.5
882755aac1fffff,H3,2025,0,1.5
882755aac1fffff,H3,2025,1,1.2
882755aac1fffff,H3,2025,2,1.1
882755aac1fffff,H3,2025,3,1.0
882755aac1fffff,H3,2025,4,0.9
882755aac1fffff,H3,2025,5,0.8
882755aac1fffff,H3,2025,6,0.8
882755aac1fffff,H3,2025,7,0.6
882755aac1fffff,H3,2025,8,0.5
882755aac1fffff,H3,2025,9,0.5
882755aac1fffff,H3,2025,10,0.6
882755aac1fffff,H3,2025,11,0.6
882755aac1fffff,H3,2025,12,0.7
882755aac1fffff,H3,2025,13,0.8
882755aac1fffff,H3,2025,14,0.9
882755aac1fffff,H3,2025,15,1.0
882755aac1fffff,H3,2025,16,1.2
882755aac1fffff,H3,2025,17,1.7
882755aac1fffff,H3,2025,18,1.9
882755aac1fffff,H3,2025,19,2.0
882755aac1fffff,H3,2025,20,2.2
882755aac1fffff,H3,2025,21,2.2
882755aac1fffff,H3,2025,22,1.9
882755aac1fffff,H3,2025,23,1.7
8827566103fffff,H3,2025,0,2.2
8827566103fffff,H3,2025,1,1.9
8827566103fffff,H3,2025,2,1.7
8827566103fffff,H3,2025,3,1.5
8827566103fffff,H3,2025,4,1.4
8827566103fffff,H3,2025,5,1.2
8827566103fffff,H3,2025,6,1.1
8827566103fffff,H3,2025,7,0.9
8827566103fffff,H3,2025,8,0.7
8827566103fffff,H3,2025,9,0.7
8827566103fffff,H3,2025,10,0.8
8827566103fffff,H3,2025,11,0.9
8827566103fffff,H3,2025,12,1.0
8827566103fffff,H3,2025,13,1.1
8827566103fffff,H3,2025,14,1.2
8827566103fffff,H3,2025,15,1.5
8827566103fffff,H3,2025,16,1.8
8827566103fffff,H3,2025,17,2.4
8827566103fffff,H3,2025,18,2.8
8827566103fffff,H3,2025,19,3.1
8827566103fffff,H3,2025,20,3.2
8827566103fffff,H3,2025,21,3.1
8827566103fffff,H3,2025,22,2.8
8827566103fffff,H3,2025,23,2.5
8827568013fffff,H3,2025,0,4.7
8827568013fffff,H3,2025,1,4.1
8827568013fffff,H3,2025,2,3.6
8827568013fffff,H3,2025,3,3.2
8827568013fffff,H3,2025,4,3.0
8827568013fffff,H3,2025,5,2.6
8827568013fffff,H3,2025,6,2.4
8827568013fffff,H3,2025,7,1.8
8827568013fffff,H3,2025,8,1.6
8827568013fffff,H3,2025,9,1.5
8827568013fffff,H3,2025,10,1.6
8827568013fffff,H3,2025,11,1.8
8827568013fffff,H3,2025,12,2.2
8827568013fffff,H3,2025,13,2.4
8827568013fffff,H3,2025,14,2.7
8827568013fffff,H3,2025,15,3.2
8827568013fffff,H3,2025,16,4.0
8827568013fffff,H3,2025,17,5.1
8827568013fffff,H3,2025,18,6.0
8827568013fffff,H3,2025,19,6.5
8827568013fffff,H3,2025,20,6.8
8827568013fffff,H3,2025,21,6.7
8827568013fffff,H3,2025,22,6.2
8827568013fffff,H3,2025,23,5.6
8827568c21fffff,H3,2025,0,1.4
8827568c21fffff,H3,2025,1,1.1
8827568c21fffff,H3,2025,2,1.0
8827568c21fffff,H3,2025,3,0.9
8827568c21fffff,H3,2025,4,0.8
8827568c21fffff,H3,2025,5,0.8
8827568c21fffff,H3,2025,6,0.7
8827568c21fffff,H3,2025,7,0.6
8827568c21fffff,H3,2025,8,0.5
8827568c21fffff,H3,2025,9,0.5
8827568c21fffff,H3,2025,10,0.5
8827568c21fffff,H3,2025,11,0.6
8827568c21fffff,H3,2025,12,0.6
8827568c21fffff,H3,2025,13,0.7
8827568c21fffff,H3,2025,14,0.8
8827568c21fffff,H3,2025,15,0.9
8827568c21fffff,H3,2025,16,1.1
8827568c21fffff,H3,2025,17,1.5
8827568c21fffff,H3,2025,18,1.7
8827568c21fffff,H3,2025,19,1.8
8827568c21fffff,H3,2025,20,1.9
8827568c21fffff,H3,2025,21,1.9
8827568c21fffff,H3,2025,22,1.8
8827568c21fffff,H3,2025,23,1.6
8827580081fffff,H3,2025,0,40.8
8827580081fffff,H3,2025,1,35.8
8827580081fffff,H3,2025,2,31.2
8827580081fffff,H3,2025,3,28.1
8827580081fffff,H3,2025,4,25.5
8827580081fffff,H3,2025,5,23.1
8827580081fffff,H3,2025,6,20.5
8827580081fffff,H3,2025,7,16.2
8827580081fffff,H3,2025,8,13.6
8827580081fffff,H3,2025,9,13.2
8827580081fffff,H3,2025,10,14.2
8827580081fffff,H3,2025,11,16.2
8827580081fffff,H3,2025,12,18.8
8827580081fffff,H3,2025,13,20.9
8827580081fffff,H3,2025,14,23.4
8827580081fffff,H3,2025,15,27.5
8827580081fffff,H3,2025,16,34.2
8827580081fffff,H3,2025,17,44.9
8827580081fffff,H3,2025,18,52.7
8827580081fffff,H3,2025,19,56.7
8827580081fffff,H3,2025,20,59.2
8827580081fffff,H3,2025,21,58.0
8827580081fffff,H3,2025,22,54.0
8827580081fffff,H3,2025,23,48.1
882758008dfffff,H3,2025,0,1.8
882758008dfffff,H3,2025,1,1.6
882758008dfffff,H3,2025,2,1.4
882758008dfffff,H3,2025,3,1.2
882758008dfffff,H3,2025,4,1.1
882758008dfffff,H3,2025,5,1.0
882758008dfffff,H3,2025,6,0.9
882758008dfffff,H3,2025,7,0.8
882758008dfffff,H3,2025,8,0.7
882758008dfffff,H3,2025,9,0.6
882758008dfffff,H3,2025,10,0.7
882758008dfffff,H3,2025,11,0.8
882758008dfffff,H3,2025,12,0.9
882758008dfffff,H3,2025,13,0.9
882758008dfffff,H3,2025,14,1.0
882758008dfffff,H3,2025,15,1.2
882758008dfffff,H3,2025,16,1.6
882758008dfffff,H3,2025,17,2.0
882758008dfffff,H3,2025,18,2.4
882758008dfffff,H3,2025,19,2.6
882758008dfffff,H3,2025,20,2.7
882758008dfffff,H3,2025,21,2.6
882758008dfffff,H3,2025,22,2.5
882758008dfffff,H3,2025,23,2.2
882758018bfffff,H3,2025,0,1.5
882758018bfffff,H3,2025,1,1.2
882758018bfffff,H3,2025,2,1.1
882758018bfffff,H3,2025,3,1.0
882758018bfffff,H3,2025,4,0.9
882758018bfffff,H3,2025,5,0.8
882758018bfffff,H3,2025,6,0.8
882758018bfffff,H3,2025,7,0.7
882758018bfffff,H3,2025,8,0.6
882758018bfffff,H3,2025,9,0.6
882758018bfffff,H3,2025,10,0.6
882758018bfffff,H3,2025,11,0.7
882758018bfffff,H3,2025,12,0.8
882758018bfffff,H3,2025,13,0.8
882758018bfffff,H3,2025,14,0.9
882758018bfffff,H3,2025,15,1.1
882758018bfffff,H3,2025,16,1.4
882758018bfffff,H3,2025,17,1.8
882758018bfffff,H3,2025,18,2.0
882758018bfffff,H3,2025,19,2.2
882758018bfffff,H3,2025,20,2.3
882758018bfffff,H3,2025,21,2.2
882758018bfffff,H3,2025,22,2.0
882758018bfffff,H3,2025,23,1.8
88275801d1fffff,H3,2025,0,1.7
88275801d1fffff,H3,2025,1,1.5
88275801d1fffff,H3,2025,2,1.2
88275801d1fffff,H3,2025,3,1.1
88275801d1fffff,H3,2025,4,1.0
88275801d1fffff,H3,2025,5,0.9
88275801d1fffff,H3,2025,6,0.9
88275801d1fffff,H3,2025,7,0.7
88275801d1fffff,H3,2025,8,0.6
88275801d1fffff,H3,2025,9,0.6
88275801d1fffff,H3,2025,10,0.6
88275801d1fffff,H3,2025,11,0.7
88275801d1fffff,H3,2025,12,0.8
88275801d1fffff,H3,2025,13,0.9
88275801d1fffff,H3,2025,14,1.0
88275801d1fffff,H3,2025,15,1.1
88275801d1fffff,H3,2025,16,1.4
88275801d1fffff,H3,2025,17,1.8
88275801d1fffff,H3,2025,18,2.2
88275801d1fffff,H3,2025,19,2.4
88275801d1fffff,H3,2025,20,2.5
88275801d1fffff,H3,2025,21,2.4
88275801d1fffff,H3,2025,22,2.3
88275801d1fffff,H3,2025,23,2.0
88275802b5fffff,H3,2025,0,7.5
88275802b5fffff,H3,2025,1,6.6
88275802b5fffff,H3,2025,2,5.7
88275802b5fffff,H3,2025,3,5.1
88275802b5fffff,H3,2025,4,4.7
88275802b5fffff,H3,2025,5,4.2
88275802b5fffff,H3,2025,6,3.8
88275802b5fffff,H3,2025,7,3.1
88275802b5fffff,H3,2025,8,2.6
88275802b5fffff,H3,2025,9,2.5
88275802b5fffff,H3,2025,10,2.7
88275802b5fffff,H3,2025,11,3.1
88275802b5fffff,H3,2025,12,3.5
88275802b5fffff,H3,2025,13,4.0
88275802b5fffff,H3,2025,14,4.4
88275802b5fffff,H3,2025,15,5.2
88275802b5fffff,H3,2025,16,6.6
88275802b5fffff,H3,2025,17,8.5
88275802b5fffff,H3,2025,18,10.0
88275802b5fffff,H3,2025,19,10.7
88275802b5fffff,H3,2025,20,11.1
88275802b5fffff,H3,2025,21,10.8
88275802b5fffff,H3,2025,22,10.0
88275802b5fffff,H3,2025,23,8.9
8827580a9bfffff,H3,2025,0,1.2
8827580a9bfffff,H3,2025,1,1.1
8827580a9bfffff,H3,2025,2,0.9
8827580a9bfffff,H3,2025,3,0.9
8827580a9bfffff,H3,2025,4,0.8
8827580a9bfffff,H3,2025,5,0.7
8827580a9bfffff,H3,2025,6,0.7
8827580a9bfffff,H3,2025,7,0.5
8827580a9bfffff,H3,2025,8,0.5
8827580a9bfffff,H3,2025,9,0.5
8827580a9bfffff,H3,2025,10,0.5
8827580a9bfffff,H3,2025,11,0.5
8827580a9bfffff,H3,2025,12,0.6
8827580a9bfffff,H3,2025,13,0.7
8827580a9bfffff,H3,2025,14,0.7
8827580a9bfffff,H3,2025,15,0.9
8827580a9bfffff,H3,2025,16,1.0
8827580a9bfffff,H3,2025,17,1.4
8827580a9bfffff,H3,2025,18,1.6
8827580a9bfffff,H3,2025,19,1.7
8827580a9bfffff,H3,2025,20,1.8
8827580a9bfffff,H3,2025,21,1.8
8827580a9bfffff,H3,2025,22,1.7
8827580a9bfffff,H3,2025,23,1.5
8827592559fffff,H3,2025,0,8.4
8827592559fffff,H3,2025,1,7.4
8827592559fffff,H3,2025,2,6.4
8827592559fffff,H3,2025,3,5.8
8827592559fffff,H3,2025,4,5.2
8827592559fffff,H3,2025,5,4.8
8827592559fffff,H3,2025,6,4.2
8827592559fffff,H3,2025,7,3.3
8827592559fffff,H3,2025,8,2.8
8827592559fffff,H3,2025,9,2.7
8827592559fffff,H3,2025,10,3.0
8827592559fffff,H3,2025,11,3.3
8827592559fffff,H3,2025,12,3.9
8827592559fffff,H3,2025,13,4.3
8827592559fffff,H3,2025,14,4.8
8827592559fffff,H3,2025,15,5.7
8827592559fffff,H3,2025,16,7.0
8827592559fffff,H3,2025,17,9.2
8827592559fffff,H3,2025,18,10.8
8827592559fffff,H3,2025,19,11.6
8827592559fffff,H3,2025,20,12.2
8827592559fffff,H3,2025,21,11.9
8827592559fffff,H3,2025,22,11.1
8827592559fffff,H3,2025,23,9.9
88275925a7fffff,H3,2025,0,13.3
88275925a7fffff,H3,2025,1,11.7
88275925a7fffff,H3,2025,2,10.1
88275925a7fffff,H3,2025,3,9.2
88275925a7fffff,H3,2025,4,8.3
88275925a7fffff,H3,2025,5,7.5
88275925a7fffff,H3,2025,6,6.7
88275925a7fffff,H3,2025,7,5.3
88275925a7fffff,H3,2025,8,4.4
88275925a7fffff,H3,2025,9,4.3
88275925a7fffff,H3,2025,10,4.7
88275925a7fffff,H3,2025,11,5.3
88275925a7fffff,H3,2025,12,6.1
88275925a7fffff,H3,2025,13,6.8
88275925a7fffff,H3,2025,14,7.6
88275925a7fffff,H3,2025,15,9.0
88275925a7fffff,H3,2025,16,11.1
88275925a7fffff,H3,2025,17,14.7
88275925a7fffff,H3,2025,18,17.3
88275925a7fffff,H3,2025,19,18.5
88275925a7fffff,H3,2025,20,19.3
88275925a7fffff,H3,2025,21,19.0
88275925a7fffff,H3,2025,22,17.6
88275925a7fffff,H3,2025,23,15.7
8827593453fffff,H3,2025,0,16.1
8827593453fffff,H3,2025,1,14.2
8827593453fffff,H3,2025,2,12.4
8827593453fffff,H3,2025,3,11.1
8827593453fffff,H3,2025,4,10.1
8827593453fffff,H3,2025,5,9.2
8827593453fffff,H3,2025,6,8.1
8827593453fffff,H3,2025,7,6.5
8827593453fffff,H3,2025,8,5.5
8827593453fffff,H3,2025,9,5.2
8827593453fffff,H3,2025,10,5.7
8827593453fffff,H3,2025,11,6.5
8827593453fffff,H3,2025,12,7.5
8827593453fffff,H3,2025,13,8.3
8827593453fffff,H3,2025,14,9.3
8827593453fffff,H3,2025,15,10.9
8827593453fffff,H3,2025,16,13.6
8827593453fffff,H3,2025,17,17.8
8827593453fffff,H3,2025,18,20.9
8827593453fffff,H3,2025,19,22.5
8827593453fffff,H3,2025,20,23.5
8827593453fffff,H3,2025,21,23.0
8827593453fffff,H3,2025,22,21.4
8827593453fffff,H3,2025,23,19.1
88275936a1fffff,H3,2025,0,2.7
88275936a1fffff,H3,2025,1,2.4
88275936a1fffff,H3,2025,2,2.0
88275936a1fffff,H3,2025,3,1.8
88275936a1fffff,H3,2025,4,1.7
88275936a1fffff,H3,2025,5,1.5
88275936a1fffff,H3,2025,6,1.4
88275936a1fffff,H3,2025,7,1.0
88275936a1fffff,H3,2025,8,0.9
88275936a1fffff,H3,2025,9,0.9
88275936a1fffff,H3,2025,10,0.9
88275936a1fffff,H3,2025,11,1.0
88275936a1fffff,H3,2025,12,1.2
88275936a1fffff,H3,2025,13,1.4
88275936a1fffff,H3,2025,14,1.6
88275936a1fffff,H3,2025,15,1.8
88275936a1fffff,H3,2025,16,2.3
88275936a1fffff,H3,2025,17,3.0
88275936a1fffff,H3,2025,18,3.4
88275936a1fffff,H3,2025,19,3.8
88275936a1fffff,H3,2025,20,3.9
88275936a1fffff,H3,2025,21,3.9
88275936a1fffff,H3,2025,22,3.5
88275936a1fffff,H3,2025,23,3.2
882759a109fffff,H3,2025,0,3.0
882759a109fffff,H3,2025,1,2.6
882759a109fffff,H3,2025,2,2.3
882759a109fffff,H3,2025,3,2.0
882759a109fffff,H3,2025,4,1.8
882759a109fffff,H3,2025,5,1.6
882759a109fffff,H3,2025,6,1.5
882759a109fffff,H3,2025,7,1.2
882759a109fffff,H3,2025,8,1.0
882759a109fffff,H3,2025,9,1.0
882759a109fffff,H3,2025,10,1.0
882759a109fffff,H3,2025,11,1.2
882759a109fffff,H3,2025,12,1.4
882759a109fffff,H3,2025,13,1.6
882759a109fffff,H3,2025,14,1.7
882759a109fffff,H3,2025,15,2.0
882759a109fffff,H3,2025,16,2.5
882759a109fffff,H3,2025,17,3.3
882759a109fffff,H3,2025,18,4.0
882759a109fffff,H3,2025,19,4.2
882759a109fffff,H3,2025,20,4.4
882759a109fffff,H3,2025,21,4.3
882759a109fffff,H3,2025,22,4.0
882759a109fffff,H3,2025,23,3.5
882759a143fffff,H3,2025,0,24.5
882759a143fffff,H3,2025,1,21.5
882759a143fffff,H3,2025,2,18.6
882759a143fffff,H3,2025,3,16.8
882759a143fffff,H3,2025,4,15.1
882759a143fffff,H3,2025,5,13.9
882759a143fffff,H3,2025,6,12.4
882759a143fffff,H3,2025,7,10.0
882759a143fffff,H3,2025,8,8.4
882759a143fffff,H3,2025,9,8.1
882759a143fffff,H3,2025,10,8.8
882759a143fffff,H3,2025,11,10.0
882759a143fffff,H3,2025,12,11.6
882759a143fffff,H3,2025,13,13.0
882759a143fffff,H3,2025,14,14.4
882759a143fffff,H3,2025,15,17.0
882759a143fffff,H3,2025,16,21.2
882759a143fffff,H3,2025,17,27.7
882759a143fffff,H3,2025,18,32.4
882759a143fffff,H3,2025,19,34.7
882759a143fffff,H3,2025,20,36.0
882759a143fffff,H3,2025,21,35.2
882759a143fffff,H3,2025,22,32.6
882759a143fffff,H3,2025,23,29.0
882759a33dfffff,H3,2025,0,2.3
882759a33dfffff,H3,2025,1,1.9
882759a33dfffff,H3,2025,2,1.7
882759a33dfffff,H3,2025,3,1.5
882759a33dfffff,H3,2025,4,1.4
882759a33dfffff,H3,2025,5,1.2
882759a33dfffff,H3,2025,6,1.1
882759a33dfffff,H3,2025,7,1.0
882759a33dfffff,H3,2025,8,0.9
882759a33dfffff,H3,2025,9,0.9
882759a33dfffff,H3,2025,10,0.9
882759a33dfffff,H3,2025,11,1.0
882759a33dfffff,H3,2025,12,1.2
882759a33dfffff,H3,2025,13,1.4
882759a33dfffff,H3,2025,14,1.5
882759a33dfffff,H3,2025,15,1.8
882759a33dfffff,H3,2025,16,2.2
882759a33dfffff,H3,2025,17,2.8
882759a33dfffff,H3,2025,18,3.2
882759a33dfffff,H3,2025,19,3.4
882759a33dfffff,H3,2025,20,3.5
882759a33dfffff,H3,2025,21,3.4
882759a33dfffff,H3,2025,22,3.1
882759a33dfffff,H3,2025,23,2.7
88275b7333fffff,H3,2025,0,2.4
88275b7333fffff,H3,2025,1,2.0
88275b7333fffff,H3,2025,2,1.8
88275b7333fffff,H3,2025,3,1.6
88275b7333fffff,H3,2025,4,1.5
88275b7333fffff,H3,2025,5,1.4
88275b7333fffff,H3,2025,6,1.1
88275b7333fffff,H3,2025,7,0.9
88275b7333fffff,H3,2025,8,0.8
88275b7333fffff,H3,2025,9,0.8
88275b7333fffff,H3,2025,10,0.8
88275b7333fffff,H3,2025,11,0.9
88275b7333fffff,H3,2025,12,1.1
88275b7333fffff,H3,2025,13,1.2
88275b7333fffff,H3,2025,14,1.4
88275b7333fffff,H3,2025,15,1.6
88275b7333fffff,H3,2025,16,2.0
88275b7333fffff,H3,2025,17,2.6
88275b7333fffff,H3,2025,18,3.1
88275b7333fffff,H3,2025,19,3.3
88275b7333fffff,H3,2025,20,3.4
88275b7333fffff,H3,2025,21,3.4
88275b7333fffff,H3,2025,22,3.1
88275b7333fffff,H3,2025,23,2.7
88275c2e8dfffff,H3,2025,0,1.5
88275c2e8dfffff,H3,2025,1,1.2
88275c2e8dfffff,H3,2025,2,1.1
88275c2e8dfffff,H3,2025,3,1.0
88275c2e8dfffff,H3,2025,4,0.9
88275c2e8dfffff,H3,2025,5,0.8
88275c2e8dfffff,H3,2025,6,0.7
88275c2e8dfffff,H3,2025,7,0.6
88275c2e8dfffff,H3,2025,8,0.5
88275c2e8dfffff,H3,2025,9,0.5
88275c2e8dfffff,H3,2025,10,0.5
88275c2e8dfffff,H3,2025,11,0.6
88275c2e8dfffff,H3,2025,12,0.7
88275c2e8dfffff,H3,2025,13,0.8
88275c2e8dfffff,H3,2025,14,0.8
88275c2e8dfffff,H3,2025,15,0.9
88275c2e8dfffff,H3,2025,16,1.2
88275c2e8dfffff,H3,2025,17,1.6
88275c2e8dfffff,H3,2025,18,1.8
88275c2e8dfffff,H3,2025,19,2.0
88275c2e8dfffff,H3,2025,20,2.0
88275c2e8dfffff,H3,2025,21,2.0
88275c2e8dfffff,H3,2025,22,1.9
88275c2e8dfffff,H3,2025,23,1.7
88275c6805fffff,H3,2025,0,1.9
88275c6805fffff,H3,2025,1,1.7
88275c6805fffff,H3,2025,2,1.5
88275c6805fffff,H3,2025,3,1.2
88275c6805fffff,H3,2025,4,1.1
88275c6805fffff,H3,2025,5,1.0
88275c6805fffff,H3,2025,6,0.9
88275c6805fffff,H3,2025,7,0.8
88275c6805fffff,H3,2025,8,0.7
88275c6805fffff,H3,2025,9,0.7
88275c6805fffff,H3,2025,10,0.7
88275c6805fffff,H3,2025,11,0.8
88275c6805fffff,H3,2025,12,0.9
88275c6805fffff,H3,2025,13,1.0
88275c6805fffff,H3,2025,14,1.1
88275c6805fffff,H3,2025,15,1.4
88275c6805fffff,H3,2025,16,1.6
88275c6805fffff,H3,2025,17,2.2
88275c6805fffff,H3,2025,18,2.5
88275c6805fffff,H3,2025,19,2.7
88275c6805fffff,H3,2025,20,2.8
88275c6805fffff,H3,2025,21,2.7
88275c6805fffff,H3,2025,22,2.5
88275c6805fffff,H3,2025,23,2.3
88275cb14bfffff,H3,2025,0,2.6
88275cb14bfffff,H3,2025,1,2.3
88275cb14bfffff,H3,2025,2,2.0
88275cb14bfffff,H3,2025,3,1.8
88275cb14bfffff,H3,2025,4,1.6
88275cb14bfffff,H3,2025,5,1.5
88275cb14bfffff,H3,2025,6,1.4
88275cb14bfffff,H3,2025,7,1.0
88275cb14bfffff,H3,2025,8,0.9
88275cb14bfffff,H3,2025,9,0.9
88275cb14bfffff,H3,2025,10,0.9
88275cb14bfffff,H3,2025,11,1.1
88275cb14bfffff,H3,2025,12,1.2
88275cb14bfffff,H3,2025,13,1.4
88275cb14bfffff,H3,2025,14,1.6
88275cb14bfffff,H3,2025,15,1.8
88275cb14bfffff,H3,2025,16,2.3
88275cb14bfffff,H3,2025,17,3.0
88275cb14bfffff,H3,2025,18,3.5
88275cb14bfffff,H3,2025,19,3.8
88275cb14bfffff,H3,2025,20,4.0
88275cb14bfffff,H3,2025,21,3.9
88275cb14bfffff,H3,2025,22,3.5
88275cb14bfffff,H3,2025,23,3.2
88275d0d81fffff,H3,2025,0,5.1
88275d0d81fffff,H3,2025,1,4.4
88275d0d81fffff,H3,2025,2,3.9
88275d0d81fffff,H3,2025,3,3.5
88275d0d81fffff,H3,2025,4,3.2
88275d0d81fffff,H3,2025,5,2.8
88275d0d81fffff,H3,2025,6,2.5
88275d0d81fffff,H3,2025,7,2.0
88275d0d81fffff,H3,2025,8,1.7
88275d0d81fffff,H3,2025,9,1.6
88275d0d81fffff,H3,2025,10,1.8
88275d0d81fffff,H3,2025,11,2.0
88275d0d81fffff,H3,2025,12,2.4
88275d0d81fffff,H3,2025,13,2.6
88275d0d81fffff,H3,2025,14,3.0
88275d0d81fffff,H3,2025,15,3.4
88275d0d81fffff,H3,2025,16,4.3
88275d0d81fffff,H3,2025,17,5.7
88275d0d81fffff,H3,2025,18,6.6
88275d0d81fffff,H3,2025,19,7.0
88275d0d81fffff,H3,2025,20,7.4
88275d0d81fffff,H3,2025,21,7.3
88275d0d81fffff,H3,2025,22,6.7
88275d0d81fffff,H3,2025,23,6.0
88275d2841fffff,H3,2025,0,1.7
88275d2841fffff,H3,2025,1,1.6
88275d2841fffff,H3,2025,2,1.4
88275d2841fffff,H3,2025,3,1.2
88275d2841fffff,H3,2025,4,1.1
88275d2841fffff,H3,2025,5,1.0
88275d2841fffff,H3,2025,6,0.9
88275d2841fffff,H3,2025,7,0.7
88275d2841fffff,H3,2025,8,0.6
88275d2841fffff,H3,2025,9,0.6
88275d2841fffff,H3,2025,10,0.6
88275d2841fffff,H3,2025,11,0.7
88275d2841fffff,H3,2025,12,0.8
88275d2841fffff,H3,2025,13,0.9
88275d2841fffff,H3,2025,14,1.0
88275d2841fffff,H3,2025,15,1.1
88275d2841fffff,H3,2025,16,1.5
88275d2841fffff,H3,2025,17,1.9
88275d2841fffff,H3,2025,18,2.3
88275d2841fffff,H3,2025,19,2.4
88275d2841fffff,H3,2025,20,2.5
88275d2841fffff,H3,2025,21,2.5
88275d2841fffff,H3,2025,22,2.3
88275d2841fffff,H3,2025,23,2.0
88275d2b65fffff,H3,2025,0,4.8
88275d2b65fffff,H3,2025,1,4.1
88275d2b65fffff,H3,2025,2,3.6
88275d2b65fffff,H3,2025,3,3.2
88275d2b65fffff,H3,2025,4,3.0
88275d2b65fffff,H3,2025,5,2.6
88275d2b65fffff,H3,2025,6,2.4
88275d2b65fffff,H3,2025,7,1.9
88275d2b65fffff,H3,2025,8,1.6
88275d2b65fffff,H3,2025,9,1.6
88275d2b65fffff,H3,2025,10,1.7
88275d2b65fffff,H3,2025,11,1.9
88275d2b65fffff,H3,2025,12,2.2
88275d2b65fffff,H3,2025,13,2.5
88275d2b65fffff,H3,2025,14,2.7
88275d2b65fffff,H3,2025,15,3.3
88275d2b65fffff,H3,2025,16,4.0
88275d2b65fffff,H3,2025,17,5.2
88275d2b65fffff,H3,2025,18,6.2
88275d2b65fffff,H3,2025,19,6.7
88275d2b65fffff,H3,2025,20,6.9
88275d2b65fffff,H3,2025,21,6.8
88275d2b65fffff,H3,2025,22,6.2
88275d2b65fffff,H3,2025,23,5.6
88275d3987fffff,H3,2025,0,3.5
88275d3987fffff,H3,2025,1,3.1
88275d3987fffff,H3,2025,2,2.7
88275d3987fffff,H3,2025,3,2.4
88275d3987fffff,H3,2025,4,2.2
88275d3987fffff,H3,2025,5,2.0
88275d3987fffff,H3,2025,6,1.8
88275d3987fffff,H3,2025,7,1.4
88275d3987fffff,H3,2025,8,1.2
88275d3987fffff,H3,2025,9,1.1
88275d3987fffff,H3,2025,10,1.2
88275d3987fffff,H3,2025,11,1.4
88275d3987fffff,H3,2025,12,1.6
88275d3987fffff,H3,2025,13,1.8
88275d3987fffff,H3,2025,14,2.0
88275d3987fffff,H3,2025,15,2.4
88275d3987fffff,H3,2025,16,3.0
88275d3987fffff,H3,2025,17,4.0
88275d3987fffff,H3,2025,18,4.7
88275d3987fffff,H3,2025,19,5.0
88275d3987fffff,H3,2025,20,5.2
88275d3987fffff,H3,2025,21,5.1
88275d3987fffff,H3,2025,22,4.7
88275d3987fffff,H3,2025,23,4.2
88275e11b9fffff,H3,2025,0,5.8
88275e11b9fffff,H3,2025,1,5.1
88275e11b9fffff,H3,2025,2,4.4
88275e11b9fffff,H3,2025,3,4.0
88275e11b9fffff,H3,2025,4,3.5
88275e11b9fffff,H3,2025,5,3.3
88275e11b9fffff,H3,2025,6,3.0
88275e11b9fffff,H3,2025,7,2.4
88275e11b9fffff,H3,2025,8,2.0
88275e11b9fffff,H3,2025,9,1.9
88275e11b9fffff,H3,2025,10,2.0
88275e11b9fffff,H3,2025,11,2.4
88275e11b9fffff,H3,2025,12,2.7
88275e11b9fffff,H3,2025,13,3.1
88275e11b9fffff,H3,2025,14,3.4
88275e11b9fffff,H3,2025,15,4.0
88275e11b9fffff,H3,2025,16,5.0
88275e11b9fffff,H3,2025,17,6.6
88275e11b9fffff,H3,2025,18,7.7
88275e11b9fffff,H3,2025,19,8.2
88275e11b9fffff,H3,2025,20,8.5
88275e11b9fffff,H3,2025,21,8.3
88275e11b9fffff,H3,2025,22,7.7
88275e11b9fffff,H3,2025,23,6.8
88275e1419fffff,H3,2025,0,2.2
88275e1419fffff,H3,2025,1,1.9
88275e1419fffff,H3,2025,2,1.7
88275e1419fffff,H3,2025,3,1.5
88275e1419fffff,H3,2025,4,1.4
88275e1419fffff,H3,2025,5,1.2
88275e1419fffff,H3,2025,6,1.1
88275e1419fffff,H3,2025,7,0.9
88275e1419fffff,H3,2025,8,0.8
88275e1419fffff,H3,2025,9,0.8
88275e1419fffff,H3,2025,10,0.8
88275e1419fffff,H3,2025,11,0.9
88275e1419fffff,H3,2025,12,1.0
88275e1419fffff,H3,2025,13,1.1
88275e1419fffff,H3,2025,14,1.4
88275e1419fffff,H3,2025,15,1.6
88275e1419fffff,H3,2025,16,1.9
88275e1419fffff,H3,2025,17,2.5
88275e1419fffff,H3,2025,18,3.0
88275e1419fffff,H3,2025,19,3.2
88275e1419fffff,H3,2025,20,3.3
88275e1419fffff,H3,2025,21,3.2
88275e1419fffff,H3,2025,22,3.0
88275e1419fffff,H3,2025,23,2.6
88275e4899fffff,H3,2025,0,2.2
88275e4899fffff,H3,2025,1,1.8
88275e4899fffff,H3,2025,2,1.6
88275e4899fffff,H3,2025,3,1.5
88275e4899fffff,H3,2025,4,1.4
88275e4899fffff,H3,2025,5,1.2
88275e4899fffff,H3,2025,6,1.0
88275e4899fffff,H3,2025,7,0.9
88275e4899fffff,H3,2025,8,0.7
88275e4899fffff,H3,2025,9,0.7
88275e4899fffff,H3,2025,10,0.8
88275e4899fffff,H3,2025,11,0.9
88275e4899fffff,H3,2025,12,1.0
88275e4899fffff,H3,2025,13,1.1
88275e4899fffff,H3,2025,14,1.2
88275e4899fffff,H3,2025,15,1.5
88275e4899fffff,H3,2025,16,1.8
88275e4899fffff,H3,2025,17,2.4
88275e4899fffff,H3,2025,18,2.7
88275e4899fffff,H3,2025,19,3.0
88275e4899fffff,H3,2025,20,3.1
88275e4899fffff,H3,2025,21,3.1
88275e4899fffff,H3,2025,22,2.8
88275e4899fffff,H3,2025,23,2.5
88275e4a83fffff,H3,2025,0,2.2
88275e4a83fffff,H3,2025,1,1.9
88275e4a83fffff,H3,2025,2,1.7
88275e4a83fffff,H3,2025,3,1.5
88275e4a83fffff,H3,2025,4,1.4
88275e4a83fffff,H3,2025,5,1.2
88275e4a83fffff,H3,2025,6,1.1
88275e4a83fffff,H3,2025,7,0.9
88275e4a83fffff,H3,2025,8,0.7
88275e4a83fffff,H3,2025,9,0.7
88275e4a83fffff,H3,2025,10,0.8
88275e4a83fffff,H3,2025,11,0.9
88275e4a83fffff,H3,2025,12,1.0
88275e4a83fffff,H3,2025,13,1.1
88275e4a83fffff,H3,2025,14,1.2
88275e4a83fffff,H3,2025,15,1.5
88275e4a83fffff,H3,2025,16,1.8
88275e4a83fffff,H3,2025,17,2.4
88275e4a83fffff,H3,2025,18,2.8
88275e4a83fffff,H3,2025,19,3.1
88275e4a83fffff,H3,2025,20,3.2
88275e4a83fffff,H3,2025,21,3.1
88275e4a83fffff,H3,2025,22,2.8
88275e4a83fffff,H3,2025,23,2.5
88275e56b1fffff,H3,2025,0,2.2
88275e56b1fffff,H3,2025,1,1.8
88275e56b1fffff,H3,2025,2,1.6
88275e56b1fffff,H3,2025,3,1.5
88275e56b1fffff,H3,2025,4,1.4
88275e56b1fffff,H3,2025,5,1.2
88275e56b1fffff,H3,2025,6,1.0
88275e56b1fffff,H3,2025,7,0.9
88275e56b1fffff,H3,2025,8,0.8
88275e56b1fffff,H3,2025,9,0.7
88275e56b1fffff,H3,2025,10,0.8
88275e56b1fffff,H3,2025,11,0.9
88275e56b1fffff,H3,2025,12,1.0
88275e56b1fffff,H3,2025,13,1.1
88275e56b1fffff,H3,2025,14,1.2
88275e56b1fffff,H3,2025,15,1.5
88275e56b1fffff,H3,2025,16,1.8
88275e56b1fffff,H3,2025,17,2.4
88275e56b1fffff,H3,2025,18,2.8
88275e56b1fffff,H3,2025,19,3.1
88275e56b1fffff,H3,2025,20,3.2
88275e56b1fffff,H3,2025,21,3.1
88275e56b1fffff,H3,2025,22,2.8
88275e56b1fffff,H3,2025,23,2.5
88275e56bdfffff,H3,2025,0,11.7
88275e56bdfffff,H3,2025,1,10.2
88275e56bdfffff,H3,2025,2,8.9
88275e56bdfffff,H3,2025,3,8.0
88275e56bdfffff,H3,2025,4,7.2
88275e56bdfffff,H3,2025,5,6.6
88275e56bdfffff,H3,2025,6,5.9
88275e56bdfffff,H3,2025,7,4.8
88275e56bdfffff,H3,2025,8,4.1
88275e56bdfffff,H3,2025,9,4.0
88275e56bdfffff,H3,2025,10,4.3
88275e56bdfffff,H3,2025,11,5.0
88275e56bdfffff,H3,2025,12,5.7
88275e56bdfffff,H3,2025,13,6.4
88275e56bdfffff,H3,2025,14,7.0
88275e56bdfffff,H3,2025,15,8.3
88275e56bdfffff,H3,2025,16,10.3
88275e56bdfffff,H3,2025,17,13.4
88275e56bdfffff,H3,2025,18,15.7
88275e56bdfffff,H3,2025,19,16.7
88275e56bdfffff,H3,2025,20,17.3
88275e56bdfffff,H3,2025,21,16.8
88275e56bdfffff,H3,2025,22,15.7
88275e56bdfffff,H3,2025,23,13.9
882763acddfffff,H3,2025,0,7.7
882763acddfffff,H3,2025,1,6.8
882763acddfffff,H3,2025,2,5.9
882763acddfffff,H3,2025,3,5.3
882763acddfffff,H3,2025,4,4.9
882763acddfffff,H3,2025,5,4.4
882763acddfffff,H3,2025,6,3.9
882763acddfffff,H3,2025,7,3.1
882763acddfffff,H3,2025,8,2.6
882763acddfffff,H3,2025,9,2.5
882763acddfffff,H3,2025,10,2.7
882763acddfffff,H3,2025,11,3.1
882763acddfffff,H3,2025,12,3.6
882763acddfffff,H3,2025,13,4.0
882763acddfffff,H3,2025,14,4.4
882763acddfffff,H3,2025,15,5.2
882763acddfffff,H3,2025,16,6.6
882763acddfffff,H3,2025,17,8.6
882763acddfffff,H3,2025,18,10.1
882763acddfffff,H3,2025,19,10.9
882763acddfffff,H3,2025,20,11.4
882763acddfffff,H3,2025,21,11.1
882763acddfffff,H3,2025,22,10.3
882763acddfffff,H3,2025,23,9.2
8827684317fffff,H3,2025,0,13.4
8827684317fffff,H3,2025,1,11.7
8827684317fffff,H3,2025,2,10.2
8827684317fffff,H3,2025,3,9.2
8827684317fffff,H3,2025,4,8.4
8827684317fffff,H3,2025,5,7.6
8827684317fffff,H3,2025,6,6.7
8827684317fffff,H3,2025,7,5.3
8827684317fffff,H3,2025,8,4.5
8827684317fffff,H3,2025,9,4.3
8827684317fffff,H3,2025,10,4.7
8827684317fffff,H3,2025,11,5.3
8827684317fffff,H3,2025,12,6.1
8827684317fffff,H3,2025,13,6.8
8827684317fffff,H3,2025,14,7.7
8827684317fffff,H3,2025,15,9.1
8827684317fffff,H3,2025,16,11.2
8827684317fffff,H3,2025,17,14.8
8827684317fffff,H3,2025,18,17.4
8827684317fffff,H3,2025,19,18.6
8827684317fffff,H3,2025,20,19.4
8827684317fffff,H3,2025,21,19.1
8827684317fffff,H3,2025,22,17.7
8827684317fffff,H3,2025,23,15.8
88276acc55fffff,H3,2025,0,2.0
88276acc55fffff,H3,2025,1,1.8
88276acc55fffff,H3,2025,2,1.6
88276acc55fffff,H3,2025,3,1.4
88276acc55fffff,H3,2025,4,1.2
88276acc55fffff,H3,2025,5,1.1
88276acc55fffff,H3,2025,6,1.0
88276acc55fffff,H3,2025,7,0.8
88276acc55fffff,H3,2025,8,0.7
88276acc55fffff,H3,2025,9,0.7
88276acc55fffff,H3,2025,10,0.7
88276acc55fffff,H3,2025,11,0.8
88276acc55fffff,H3,2025,12,0.9
88276acc55fffff,H3,2025,13,1.0
88276acc55fffff,H3,2025,14,1.1
88276acc55fffff,H3,2025,15,1.4
88276acc55fffff,H3,2025,16,1.7
88276acc55fffff,H3,2025,17,2.3
88276acc55fffff,H3,2025,18,2.6
88276acc55fffff,H3,2025,19,2.8
88276acc55fffff,H3,2025,20,3.0
88276acc55fffff,H3,2025,21,2.8
88276acc55fffff,H3,2025,22,2.7
88276acc55fffff,H3,2025,23,2.4
88276e4867fffff,H3,2025,0,1.2
88276e4867fffff,H3,2025,1,1.0
88276e4867fffff,H3,2025,2,0.9
88276e4867fffff,H3,2025,3,0.9
88276e4867fffff,H3,2025,4,0.8
88276e4867fffff,H3,2025,5,0.7
88276e4867fffff,H3,2025,6,0.6
88276e4867fffff,H3,2025,7,0.5
88276e4867fffff,H3,2025,8,0.5
88276e4867fffff,H3,2025,9,0.3
88276e4867fffff,H3,2025,10,0.5
88276e4867fffff,H3,2025,11,0.5
88276e4867fffff,H3,2025,12,0.6
88276e4867fffff,H3,2025,13,0.7
88276e4867fffff,H3,2025,14,0.7
88276e4867fffff,H3,2025,15,0.8
88276e4867fffff,H3,2025,16,1.0
88276e4867fffff,H3,2025,17,1.4
88276e4867fffff,H3,2025,18,1.6
88276e4867fffff,H3,2025,19,1.7
88276e4867fffff,H3,2025,20,1.8
88276e4867fffff,H3,2025,21,1.7
88276e4867fffff,H3,2025,22,1.6
88276e4867fffff,H3,2025,23,1.5
882772071bfffff,H3,2025,0,2.2
882772071bfffff,H3,2025,1,1.9
882772071bfffff,H3,2025,2,1.7
882772071bfffff,H3,2025,3,1.5
882772071bfffff,H3,2025,4,1.4
882772071bfffff,H3,2025,5,1.2
882772071bfffff,H3,2025,6,1.1
882772071bfffff,H3,2025,7,0.9
882772071bfffff,H3,2025,8,0.8
882772071bfffff,H3,2025,9,0.7
882772071bfffff,H3,2025,10,0.8
882772071bfffff,H3,2025,11,0.9
882772071bfffff,H3,2025,12,1.0
882772071bfffff,H3,2025,13,1.1
882772071bfffff,H3,2025,14,1.2
882772071bfffff,H3,2025,15,1.5
882772071bfffff,H3,2025,16,1.9
882772071bfffff,H3,2025,17,2.5
882772071bfffff,H3,2025,18,3.0
882772071bfffff,H3,2025,19,3.2
882772071bfffff,H3,2025,20,3.3
882772071bfffff,H3,2025,21,3.2
882772071bfffff,H3,2025,22,3.0
882772071bfffff,H3,2025,23,2.6
882780c627fffff,H3,2025,0,1.7
882780c627fffff,H3,2025,1,1.5
882780c627fffff,H3,2025,2,1.2
882780c627fffff,H3,2025,3,1.1
882780c627fffff,H3,2025,4,1.0
882780c627fffff,H3,2025,5,0.9
882780c627fffff,H3,2025,6,0.9
882780c627fffff,H3,2025,7,0.7
882780c627fffff,H3,2025,8,0.6
882780c627fffff,H3,2025,9,0.6
882780c627fffff,H3,2025,10,0.6
882780c627fffff,H3,2025,11,0.7
882780c627fffff,H3,2025,12,0.8
882780c627fffff,H3,2025,13,0.9
882780c627fffff,H3,2025,14,1.0
882780c627fffff,H3,2025,15,1.1
882780c627fffff,H3,2025,16,1.5
882780c627fffff,H3,2025,17,1.8
882780c627fffff,H3,2025,18,2.2
882780c627fffff,H3,2025,19,2.4
882780c627fffff,H3,2025,20,2.5
882780c627fffff,H3,2025,21,2.4
882780c627fffff,H3,2025,22,2.3
882780c627fffff,H3,2025,23,2.0
8827832599fffff,H3,2025,0,2.2
8827832599fffff,H3,2025,1,1.9
8827832599fffff,H3,2025,2,1.7
8827832599fffff,H3,2025,3,1.5
8827832599fffff,H3,2025,4,1.4
8827832599fffff,H3,2025,5,1.2
8827832599fffff,H3,2025,6,1.1
8827832599fffff,H3,2025,7,0.9
8827832599fffff,H3,2025,8,0.8
8827832599fffff,H3,2025,9,0.7
8827832599fffff,H3,2025,10,0.8
8827832599fffff,H3,2025,11,0.9
8827832599fffff,H3,2025,12,1.0
8827832599fffff,H3,2025,13,1.1
8827832599fffff,H3,2025,14,1.2
8827832599fffff,H3,2025,15,1.6
8827832599fffff,H3,2025,16,1.9
8827832599fffff,H3,2025,17,2.5
8827832599fffff,H3,2025,18,3.0
8827832599fffff,H3,2025,19,3.1
8827832599fffff,H3,2025,20,3.3
8827832599fffff,H3,2025,21,3.2
8827832599fffff,H3,2025,22,3.0
8827832599fffff,H3,2025,23,2.6
88278594b9fffff,H3,2025,0,2.5
88278594b9fffff,H3,2025,1,2.3
88278594b9fffff,H3,2025,2,1.9
88278594b9fffff,H3,2025,3,1.7
88278594b9fffff,H3,2025,4,1.6
88278594b9fffff,H3,2025,5,1.5
88278594b9fffff,H3,2025,6,1.2
88278594b9fffff,H3,2025,7,1.0
88278594b9fffff,H3,2025,8,0.9
88278594b9fffff,H3,2025,9,0.8
88278594b9fffff,H3,2025,10,0.9
88278594b9fffff,H3,2025,11,1.0
88278594b9fffff,H3,2025,12,1.1
88278594b9fffff,H3,2025,13,1.2
88278594b9fffff,H3,2025,14,1.5
88278594b9fffff,H3,2025,15,1.7
88278594b9fffff,H3,2025,16,2.2
88278594b9fffff,H3,2025,17,2.8
88278594b9fffff,H3,2025,18,3.3
88278594b9fffff,H3,2025,19,3.5
88278594b9fffff,H3,2025,20,3.6
88278594b9fffff,H3,2025,21,3.6
88278594b9fffff,H3,2025,22,3.4
88278594b9fffff,H3,2025,23,3.0
882785c26bfffff,H3,2025,0,1.8
882785c26bfffff,H3,2025,1,1.6
882785c26bfffff,H3,2025,2,1.4
882785c26bfffff,H3,2025,3,1.2
882785c26bfffff,H3,2025,4,1.1
882785c26bfffff,H3,2025,5,1.0
882785c26bfffff,H3,2025,6,0.9
882785c26bfffff,H3,2025,7,0.7
882785c26bfffff,H3,2025,8,0.6
882785c26bfffff,H3,2025,9,0.6
882785c26bfffff,H3,2025,10,0.7
882785c26bfffff,H3,2025,11,0.7
882785c26bfffff,H3,2025,12,0.8
882785c26bfffff,H3,2025,13,0.9
882785c26bfffff,H3,2025,14,1.0
882785c26bfffff,H3,2025,15,1.2
882785c26bfffff,H3,2025,16,1.5
882785c26bfffff,H3,2025,17,2.0
882785c26bfffff,H3,2025,18,2.4
882785c26bfffff,H3,2025,19,2.5
882785c26bfffff,H3,2025,20,2.6
882785c26bfffff,H3,2025,21,2.6
882785c26bfffff,H3,2025,22,2.4
882785c26bfffff,H3,2025,23,2.2
8827860d5bfffff,H3,2025,0,4.7
8827860d5bfffff,H3,2025,1,4.1
8827860d5bfffff,H3,2025,2,3.5
8827860d5bfffff,H3,2025,3,3.2
8827860d5bfffff,H3,2025,4,2.8
8827860d5bfffff,H3,2025,5,2.6
8827860d5bfffff,H3,2025,6,2.3
8827860d5bfffff,H3,2025,7,1.8
8827860d5bfffff,H3,2025,8,1.6
8827860d5bfffff,H3,2025,9,1.5
8827860d5bfffff,H3,2025,10,1.6
8827860d5bfffff,H3,2025,11,1.8
8827860d5bfffff,H3,2025,12,2.2
8827860d5bfffff,H3,2025,13,2.4
8827860d5bfffff,H3,2025,14,2.7
8827860d5bfffff,H3,2025,15,3.2
8827860d5bfffff,H3,2025,16,4.0
8827860d5bfffff,H3,2025,17,5.1
8827860d5bfffff,H3,2025,18,6.0
8827860d5bfffff,H3,2025,19,6.5
8827860d5bfffff,H3,2025,20,6.8
8827860d5bfffff,H3,2025,21,6.6
8827860d5bfffff,H3,2025,22,6.1
8827860d5bfffff,H3,2025,23,5.5
88278b0e85fffff,H3,2025,0,1.9
88278b0e85fffff,H3,2025,1,1.7
88278b0e85fffff,H3,2025,2,1.5
88278b0e85fffff,H3,2025,3,1.4
88278b0e85fffff,H3,2025,4,1.2
88278b0e85fffff,H3,2025,5,1.1
88278b0e85fffff,H3,2025,6,1.0
88278b0e85fffff,H3,2025,7,0.8
88278b0e85fffff,H3,2025,8,0.7
88278b0e85fffff,H3,2025,9,0.7
88278b0e85fffff,H3,2025,10,0.7
88278b0e85fffff,H3,2025,11,0.8
88278b0e85fffff,H3,2025,12,0.9
88278b0e85fffff,H3,2025,13,1.0
88278b0e85fffff,H3,2025,14,1.1
88278b0e85fffff,H3,2025,15,1.4
88278b0e85fffff,H3,2025,16,1.7
88278b0e85fffff,H3,2025,17,2.2
88278b0e85fffff,H3,2025,18,2.6
88278b0e85fffff,H3,2025,19,2.7
88278b0e85fffff,H3,2025,20,2.8
88278b0e85fffff,H3,2025,21,2.8
88278b0e85fffff,H3,2025,22,2.6
88278b0e85fffff,H3,2025,23,2.3
88278b30d7fffff,H3,2025,0,1.7
88278b30d7fffff,H3,2025,1,1.5
88278b30d7fffff,H3,2025,2,1.2
88278b30d7fffff,H3,2025,3,1.1
88278b30d7fffff,H3,2025,4,1.0
88278b30d7fffff,H3,2025,5,0.9
88278b30d7fffff,H3,2025,6,0.9
88278b30d7fffff,H3,2025,7,0.7
88278b30d7fffff,H3,2025,8,0.6
88278b30d7fffff,H3,2025,9,0.6
88278b30d7fffff,H3,2025,10,0.6
88278b30d7fffff,H3,2025,11,0.7
88278b30d7fffff,H3,2025,12,0.8
88278b30d7fffff,H3,2025,13,0.9
88278b30d7fffff,H3,2025,14,1.0
88278b30d7fffff,H3,2025,15,1.1
88278b30d7fffff,H3,2025,16,1.5
88278b30d7fffff,H3,2025,17,1.9
88278b30d7fffff,H3,2025,18,2.2
88278b30d7fffff,H3,2025,19,2.4
88278b30d7fffff,H3,2025,20,2.5
88278b30d7fffff,H3,2025,21,2.4
88278b30d7fffff,H3,2025,22,2.3
88278b30d7fffff,H3,2025,23,2.0
8827905805fffff,H3,2025,0,6.1
8827905805fffff,H3,2025,1,5.5
8827905805fffff,H3,2025,2,4.8
8827905805fffff,H3,2025,3,4.2
8827905805fffff,H3,2025,4,3.9
8827905805fffff,H3,2025,5,3.5
8827905805fffff,H3,2025,6,3.1
8827905805fffff,H3,2025,7,2.5
8827905805fffff,H3,2025,8,2.0
8827905805fffff,H3,2025,9,2.0
8827905805fffff,H3,2025,10,2.2
8827905805fffff,H3,2025,11,2.5
8827905805fffff,H3,2025,12,2.8
8827905805fffff,H3,2025,13,3.2
8827905805fffff,H3,2025,14,3.5
8827905805fffff,H3,2025,15,4.2
8827905805fffff,H3,2025,16,5.2
8827905805fffff,H3,2025,17,6.8
8827905805fffff,H3,2025,18,8.0
8827905805fffff,H3,2025,19,8.6
8827905805fffff,H3,2025,20,9.0
8827905805fffff,H3,2025,21,8.8
8827905805fffff,H3,2025,22,8.2
8827905805fffff,H3,2025,23,7.3
882790583dfffff,H3,2025,0,3.9
882790583dfffff,H3,2025,1,3.3
882790583dfffff,H3,2025,2,3.0
882790583dfffff,H3,2025,3,2.6
882790583dfffff,H3,2025,4,2.4
882790583dfffff,H3,2025,5,2.2
882790583dfffff,H3,2025,6,1.9
882790583dfffff,H3,2025,7,1.6
882790583dfffff,H3,2025,8,1.2
882790583dfffff,H3,2025,9,1.2
882790583dfffff,H3,2025,10,1.4
882790583dfffff,H3,2025,11,1.6
882790583dfffff,H3,2025,12,1.8
882790583dfffff,H3,2025,13,2.0
882790583dfffff,H3,2025,14,2.2
882790583dfffff,H3,2025,15,2.6
882790583dfffff,H3,2025,16,3.3
882790583dfffff,H3,2025,17,4.3
882790583dfffff,H3,2025,18,5.0
882790583dfffff,H3,2025,19,5.3
882790583dfffff,H3,2025,20,5.6
882790583dfffff,H3,2025,21,5.5
882790583dfffff,H3,2025,22,5.1
882790583dfffff,H3,2025,23,4.5
882790595bfffff,H3,2025,0,4.0
882790595bfffff,H3,2025,1,3.5
882790595bfffff,H3,2025,2,3.1
882790595bfffff,H3,2025,3,2.7
882790595bfffff,H3,2025,4,2.5
882790595bfffff,H3,2025,5,2.3
882790595bfffff,H3,2025,6,2.0
882790595bfffff,H3,2025,7,1.6
882790595bfffff,H3,2025,8,1.4
882790595bfffff,H3,2025,9,1.4
882790595bfffff,H3,2025,10,1.4
882790595bfffff,H3,2025,11,1.6
882790595bfffff,H3,2025,12,1.9
882790595bfffff,H3,2025,13,2.2
882790595bfffff,H3,2025,14,2.4
882790595bfffff,H3,2025,15,2.7
882790595bfffff,H3,2025,16,3.4
882790595bfffff,H3,2025,17,4.5
882790595bfffff,H3,2025,18,5.2
882790595bfffff,H3,2025,19,5.7
882790595bfffff,H3,2025,20,5.9
882790595bfffff,H3,2025,21,5.8
882790595bfffff,H3,2025,22,5.3
882790595bfffff,H3,2025,23,4.8
8827905a83fffff,H3,2025,0,2.6
8827905a83fffff,H3,2025,1,2.3
8827905a83fffff,H3,2025,2,1.9
8827905a83fffff,H3,2025,3,1.8
8827905a83fffff,H3,2025,4,1.6
8827905a83fffff,H3,2025,5,1.5
8827905a83fffff,H3,2025,6,1.2
8827905a83fffff,H3,2025,7,1.0
8827905a83fffff,H3,2025,8,0.9
8827905a83fffff,H3,2025,9,0.8
8827905a83fffff,H3,2025,10,0.9
8827905a83fffff,H3,2025,11,1.0
8827905a83fffff,H3,2025,12,1.2
8827905a83fffff,H3,2025,13,1.4
8827905a83fffff,H3,2025,14,1.5
8827905a83fffff,H3,2025,15,1.8
8827905a83fffff,H3,2025,16,2.2
8827905a83fffff,H3,2025,17,2.8
8827905a83fffff,H3,2025,18,3.4
8827905a83fffff,H3,2025,19,3.6
8827905a83fffff,H3,2025,20,3.8
8827905a83fffff,H3,2025,21,3.6
8827905a83fffff,H3,2025,22,3.4
8827905a83fffff,H3,2025,23,3.1
882791cc9bfffff,H3,2025,0,1.9
882791cc9bfffff,H3,2025,1,1.7
882791cc9bfffff,H3,2025,2,1.5
882791cc9bfffff,H3,2025,3,1.4
882791cc9bfffff,H3,2025,4,1.2
882791cc9bfffff,H3,2025,5,1.1
882791cc9bfffff,H3,2025,6,1.0
882791cc9bfffff,H3,2025,7,0.8
882791cc9bfffff,H3,2025,8,0.7
882791cc9bfffff,H3,2025,9,0.7
882791cc9bfffff,H3,2025,10,0.7
882791cc9bfffff,H3,2025,11,0.8
882791cc9bfffff,H3,2025,12,0.9
882791cc9bfffff,H3,2025,13,1.0
882791cc9bfffff,H3,2025,14,1.1
882791cc9bfffff,H3,2025,15,1.4
882791cc9bfffff,H3,2025,16,1.7
882791cc9bfffff,H3,2025,17,2.2
882791cc9bfffff,H3,2025,18,2.6
882791cc9bfffff,H3,2025,19,2.8
882791cc9bfffff,H3,2025,20,2.8
882791cc9bfffff,H3,2025,21,2.8
882791cc9bfffff,H3,2025,22,2.6
882791cc9bfffff,H3,2025,23,2.3
8827926033fffff,H3,2025,0,1.9
8827926033fffff,H3,2025,1,1.7
8827926033fffff,H3,2025,2,1.5
8827926033fffff,H3,2025,3,1.4
8827926033fffff,H3,2025,4,1.2
8827926033fffff,H3,2025,5,1.0
8827926033fffff,H3,2025,6,0.9
8827926033fffff,H3,2025,7,0.8
8827926033fffff,H3,2025,8,0.7
8827926033fffff,H3,2025,9,0.6
8827926033fffff,H3,2025,10,0.7
8827926033fffff,H3,2025,11,0.8
8827926033fffff,H3,2025,12,0.9
8827926033fffff,H3,2025,13,1.0
8827926033fffff,H3,2025,14,1.1
8827926033fffff,H3,2025,15,1.2
8827926033fffff,H3,2025,16,1.6
8827926033fffff,H3,2025,17,2.2
8827926033fffff,H3,2025,18,2.5
8827926033fffff,H3,2025,19,2.6
8827926033fffff,H3,2025,20,2.7
8827926033fffff,H3,2025,21,2.7
8827926033fffff,H3,2025,22,2.5
8827926033fffff,H3,2025,23,2.3
8827926569fffff,H3,2025,0,9.8
8827926569fffff,H3,2025,1,8.5
8827926569fffff,H3,2025,2,7.4
8827926569fffff,H3,2025,3,6.6
8827926569fffff,H3,2025,4,6.0
8827926569fffff,H3,2025,5,5.5
8827926569fffff,H3,2025,6,4.9
8827926569fffff,H3,2025,7,4.0
8827926569fffff,H3,2025,8,3.4
8827926569fffff,H3,2025,9,3.3
8827926569fffff,H3,2025,10,3.5
8827926569fffff,H3,2025,11,4.0
8827926569fffff,H3,2025,12,4.7
8827926569fffff,H3,2025,13,5.2
8827926569fffff,H3,2025,14,5.8
8827926569fffff,H3,2025,15,6.8
8827926569fffff,H3,2025,16,8.5
8827926569fffff,H3,2025,17,11.1
8827926569fffff,H3,2025,18,13.0
8827926569fffff,H3,2025,19,13.9
8827926569fffff,H3,2025,20,14.4
8827926569fffff,H3,2025,21,14.0
8827926569fffff,H3,2025,22,13.0
8827926569fffff,H3,2025,23,11.5
8827988659fffff,H3,2025,0,1.5
8827988659fffff,H3,2025,1,1.2
8827988659fffff,H3,2025,2,1.1
8827988659fffff,H3,2025,3,1.0
8827988659fffff,H3,2025,4,0.9
8827988659fffff,H3,2025,5,0.8
8827988659fffff,H3,2025,6,0.7
8827988659fffff,H3,2025,7,0.6
8827988659fffff,H3,2025,8,0.5
8827988659fffff,H3,2025,9,0.5
8827988659fffff,H3,2025,10,0.6
8827988659fffff,H3,2025,11,0.6
8827988659fffff,H3,2025,12,0.7
8827988659fffff,H3,2025,13,0.8
8827988659fffff,H3,2025,14,0.8
8827988659fffff,H3,2025,15,1.0
8827988659fffff,H3,2025,16,1.2
8827988659fffff,H3,2025,17,1.6
8827988659fffff,H3,2025,18,1.9
8827988659fffff,H3,2025,19,2.0
8827988659fffff,H3,2025,20,2.2
8827988659fffff,H3,2025,21,2.0
8827988659fffff,H3,2025,22,1.9
8827988659fffff,H3,2025,23,1.7
882798d951fffff,H3,2025,0,7.3
882798d951fffff,H3,2025,1,6.4
882798d951fffff,H3,2025,2,5.6
882798d951fffff,H3,2025,3,5.0
882798d951fffff,H3,2025,4,4.5
882798d951fffff,H3,2025,5,4.1
882798d951fffff,H3,2025,6,3.6
882798d951fffff,H3,2025,7,3.0
882798d951fffff,H3,2025,8,2.5
882798d951fffff,H3,2025,9,2.4
882798d951fffff,H3,2025,10,2.6
882798d951fffff,H3,2025,11,3.0
882798d951fffff,H3,2025,12,3.4
882798d951fffff,H3,2025,13,3.9
882798d951fffff,H3,2025,14,4.3
882798d951fffff,H3,2025,15,5.0
882798d951fffff,H3,2025,16,6.2
882798d951fffff,H3,2025,17,8.2
882798d951fffff,H3,2025,18,9.5
882798d951fffff,H3,2025,19,10.3
882798d951fffff,H3,2025,20,10.7
882798d951fffff,H3,2025,21,10.5
882798d951fffff,H3,2025,22,9.7
882798d951fffff,H3,2025,23,8.6
882798d95bfffff,H3,2025,0,1.6
882798d95bfffff,H3,2025,1,1.5
882798d95bfffff,H3,2025,2,1.2
882798d95bfffff,H3,2025,3,1.1
882798d95bfffff,H3,2025,4,1.0
882798d95bfffff,H3,2025,5,0.9
882798d95bfffff,H3,2025,6,0.8
882798d95bfffff,H3,2025,7,0.7
882798d95bfffff,H3,2025,8,0.6
882798d95bfffff,H3,2025,9,0.6
882798d95bfffff,H3,2025,10,0.6
882798d95bfffff,H3,2025,11,0.7
882798d95bfffff,H3,2025,12,0.8
882798d95bfffff,H3,2025,13,0.8
882798d95bfffff,H3,2025,14,0.9
882798d95bfffff,H3,2025,15,1.1
882798d95bfffff,H3,2025,16,1.4
882798d95bfffff,H3,2025,17,1.8
882798d95bfffff,H3,2025,18,2.2
882798d95bfffff,H3,2025,19,2.3
882798d95bfffff,H3,2025,20,2.4
882798d95bfffff,H3,2025,21,2.4
882798d95bfffff,H3,2025,22,2.2
882798d95bfffff,H3,2025,23,1.9
882798d969fffff,H3,2025,0,3.0
882798d969fffff,H3,2025,1,2.6
882798d969fffff,H3,2025,2,2.3
882798d969fffff,H3,2025,3,2.0
882798d969fffff,H3,2025,4,1.8
882798d969fffff,H3,2025,5,1.7
882798d969fffff,H3,2025,6,1.5
882798d969fffff,H3,2025,7,1.2
882798d969fffff,H3,2025,8,1.0
882798d969fffff,H3,2025,9,1.0
882798d969fffff,H3,2025,10,1.1
882798d969fffff,H3,2025,11,1.2
882798d969fffff,H3,2025,12,1.5
882798d969fffff,H3,2025,13,1.6
882798d969fffff,H3,2025,14,1.8
882798d969fffff,H3,2025,15,2.2
882798d969fffff,H3,2025,16,2.6
882798d969fffff,H3,2025,17,3.4
882798d969fffff,H3,2025,18,4.0
882798d969fffff,H3,2025,19,4.3
882798d969fffff,H3,2025,20,4.4
882798d969fffff,H3,2025,21,4.3
882798d969fffff,H3,2025,22,4.0
882798d969fffff,H3,2025,23,3.5
88279954e1fffff,H3,2025,0,4.1
88279954e1fffff,H3,2025,1,3.5
88279954e1fffff,H3,2025,2,3.1
88279954e1fffff,H3,2025,3,2.8
88279954e1fffff,H3,2025,4,2.5
88279954e1fffff,H3,2025,5,2.3
88279954e1fffff,H3,2025,6,2.0
88279954e1fffff,H3,2025,7,1.6
88279954e1fffff,H3,2025,8,1.4
88279954e1fffff,H3,2025,9,1.4
88279954e1fffff,H3,2025,10,1.5
88279954e1fffff,H3,2025,11,1.7
88279954e1fffff,H3,2025,12,1.9
88279954e1fffff,H3,2025,13,2.2
88279954e1fffff,H3,2025,14,2.4
88279954e1fffff,H3,2025,15,2.8
88279954e1fffff,H3,2025,16,3.5
88279954e1fffff,H3,2025,17,4.5
88279954e1fffff,H3,2025,18,5.3
88279954e1fffff,H3,2025,19,5.8
88279954e1fffff,H3,2025,20,6.0
88279954e1fffff,H3,2025,21,5.9
88279954e1fffff,H3,2025,22,5.5
88279954e1fffff,H3,2025,23,4.8
88279a2ab7fffff,H3,2025,0,2.5
88279a2ab7fffff,H3,2025,1,2.3
88279a2ab7fffff,H3,2025,2,1.9
88279a2ab7fffff,H3,2025,3,1.7
88279a2ab7fffff,H3,2025,4,1.6
88279a2ab7fffff,H3,2025,5,1.5
88279a2ab7fffff,H3,2025,6,1.2
88279a2ab7fffff,H3,2025,7,1.0
88279a2ab7fffff,H3,2025,8,0.9
88279a2ab7fffff,H3,2025,9,0.8
88279a2ab7fffff,H3,2025,10,0.9
88279a2ab7fffff,H3,2025,11,1.0
88279a2ab7fffff,H3,2025,12,1.2
88279a2ab7fffff,H3,2025,13,1.4
88279a2ab7fffff,H3,2025,14,1.5
88279a2ab7fffff,H3,2025,15,1.8
88279a2ab7fffff,H3,2025,16,2.2
88279a2ab7fffff,H3,2025,17,2.8
88279a2ab7fffff,H3,2025,18,3.4
88279a2ab7fffff,H3,2025,19,3.6
88279a2ab7fffff,H3,2025,20,3.8
88279a2ab7fffff,H3,2025,21,3.6
88279a2ab7fffff,H3,2025,22,3.4
88279a2ab7fffff,H3,2025,23,3.1
88279b74d5fffff,H3,2025,0,4.0
88279b74d5fffff,H3,2025,1,3.4
88279b74d5fffff,H3,2025,2,3.1
88279b74d5fffff,H3,2025,3,2.7
88279b74d5fffff,H3,2025,4,2.5
88279b74d5fffff,H3,2025,5,2.3
88279b74d5fffff,H3,2025,6,2.0
88279b74d5fffff,H3,2025,7,1.6
88279b74d5fffff,H3,2025,8,1.4
88279b74d5fffff,H3,2025,9,1.2
88279b74d5fffff,H3,2025,10,1.4
88279b74d5fffff,H3,2025,11,1.6
88279b74d5fffff,H3,2025,12,1.8
88279b74d5fffff,H3,2025,13,2.0
88279b74d5fffff,H3,2025,14,2.3
88279b74d5fffff,H3,2025,15,2.7
88279b74d5fffff,H3,2025,16,3.3
88279b74d5fffff,H3,2025,17,4.3
88279b74d5fffff,H3,2025,18,5.1
88279b74d5fffff,H3,2025,19,5.5
88279b74d5fffff,H3,2025,20,5.8
88279b74d5fffff,H3,2025,21,5.7
88279b74d5fffff,H3,2025,22,5.2
88279b74d5fffff,H3,2025,23,4.7
88279bd331fffff,H3,2025,0,1.5
88279bd331fffff,H3,2025,1,1.2
88279bd331fffff,H3,2025,2,1.1
88279bd331fffff,H3,2025,3,1.0
88279bd331fffff,H3,2025,4,0.9
88279bd331fffff,H3,2025,5,0.8
88279bd331fffff,H3,2025,6,0.7
88279bd331fffff,H3,2025,7,0.6
88279bd331fffff,H3,2025,8,0.5
88279bd331fffff,H3,2025,9,0.5
88279bd331fffff,H3,2025,10,0.6
88279bd331fffff,H3,2025,11,0.6
88279bd331fffff,H3,2025,12,0.7
88279bd331fffff,H3,2025,13,0.8
88279bd331fffff,H3,2025,14,0.8
88279bd331fffff,H3,2025,15,1.0
88279bd331fffff,H3,2025,16,1.2
88279bd331fffff,H3,2025,17,1.6
88279bd331fffff,H3,2025,18,1.9
88279bd331fffff,H3,2025,19,2.0
88279bd331fffff,H3,2025,20,2.2
88279bd331fffff,H3,2025,21,2.0
88279bd331fffff,H3,2025,22,1.9
88279bd331fffff,H3,2025,23,1.7
8827aa42b3fffff,H3,2025,0,1.6
8827aa42b3fffff,H3,2025,1,1.4
8827aa42b3fffff,H3,2025,2,1.1
8827aa42b3fffff,H3,2025,3,1.0
8827aa42b3fffff,H3,2025,4,0.9
8827aa42b3fffff,H3,2025,5,0.9
8827aa42b3fffff,H3,2025,6,0.8
8827aa42b3fffff,H3,2025,7,0.6
8827aa42b3fffff,H3,2025,8,0.6
8827aa42b3fffff,H3,2025,9,0.5
8827aa42b3fffff,H3,2025,10,0.6
8827aa42b3fffff,H3,2025,11,0.6
8827aa42b3fffff,H3,2025,12,0.7
8827aa42b3fffff,H3,2025,13,0.8
8827aa42b3fffff,H3,2025,14,0.9
8827aa42b3fffff,H3,2025,15,1.0
8827aa42b3fffff,H3,2025,16,1.2
8827aa42b3fffff,H3,2025,17,1.7
8827aa42b3fffff,H3,2025,18,1.9
8827aa42b3fffff,H3,2025,19,2.2
8827aa42b3fffff,H3,2025,20,2.2
8827aa42b3fffff,H3,2025,21,2.2
8827aa42b3fffff,H3,2025,22,2.0
8827aa42b3fffff,H3,2025,23,1.8
8827ab795dfffff,H3,2025,0,5.1
8827ab795dfffff,H3,2025,1,4.5
8827ab795dfffff,H3,2025,2,4.0
8827ab795dfffff,H3,2025,3,3.5
8827ab795dfffff,H3,2025,4,3.2
8827ab795dfffff,H3,2025,5,2.8
8827ab795dfffff,H3,2025,6,2.6
8827ab795dfffff,H3,2025,7,2.0
8827ab795dfffff,H3,2025,8,1.7
8827ab795dfffff,H3,2025,9,1.7
8827ab795dfffff,H3,2025,10,1.8
8827ab795dfffff,H3,2025,11,2.0
8827ab795dfffff,H3,2025,12,2.4
8827ab795dfffff,H3,2025,13,2.7
8827ab795dfffff,H3,2025,14,3.0
8827ab795dfffff,H3,2025,15,3.5
8827ab795dfffff,H3,2025,16,4.3
8827ab795dfffff,H3,2025,17,5.7
8827ab795dfffff,H3,2025,18,6.7
8827ab795dfffff,H3,2025,19,7.2
8827ab795dfffff,H3,2025,20,7.5
8827ab795dfffff,H3,2025,21,7.4
8827ab795dfffff,H3,2025,22,6.8
8827ab795dfffff,H3,2025,23,6.0
8827ac7835fffff,H3,2025,0,5.2
8827ac7835fffff,H3,2025,1,4.5
8827ac7835fffff,H3,2025,2,4.0
8827ac7835fffff,H3,2025,3,3.5
8827ac7835fffff,H3,2025,4,3.3
8827ac7835fffff,H3,2025,5,3.0
8827ac7835fffff,H3,2025,6,2.6
8827ac7835fffff,H3,2025,7,2.0
8827ac7835fffff,H3,2025,8,1.7
8827ac7835fffff,H3,2025,9,1.7
8827ac7835fffff,H3,2025,10,1.8
8827ac7835fffff,H3,2025,11,2.0
8827ac7835fffff,H3,2025,12,2.4
8827ac7835fffff,H3,2025,13,2.6
8827ac7835fffff,H3,2025,14,3.0
8827ac7835fffff,H3,2025,15,3.5
8827ac7835fffff,H3,2025,16,4.3
8827ac7835fffff,H3,2025,17,5.7
8827ac7835fffff,H3,2025,18,6.7
8827ac7835fffff,H3,2025,19,7.2
8827ac7835fffff,H3,2025,20,7.5
8827ac7835fffff,H3,2025,21,7.4
8827ac7835fffff,H3,2025,22,6.8
8827ac7835fffff,H3,2025,23,6.1
8827ad4ce1fffff,H3,2025,0,6.8
8827ad4ce1fffff,H3,2025,1,5.9
8827ad4ce1fffff,H3,2025,2,5.0
8827ad4ce1fffff,H3,2025,3,4.4
8827ad4ce1fffff,H3,2025,4,4.0
8827ad4ce1fffff,H3,2025,5,3.8
8827ad4ce1fffff,H3,2025,6,3.5
8827ad4ce1fffff,H3,2025,7,3.0
8827ad4ce1fffff,H3,2025,8,2.7
8827ad4ce1fffff,H3,2025,9,2.6
8827ad4ce1fffff,H3,2025,10,2.8
8827ad4ce1fffff,H3,2025,11,3.2
8827ad4ce1fffff,H3,2025,12,3.8
8827ad4ce1fffff,H3,2025,13,4.2
8827ad4ce1fffff,H3,2025,14,4.5
8827ad4ce1fffff,H3,2025,15,5.5
8827ad4ce1fffff,H3,2025,16,6.8
8827ad4ce1fffff,H3,2025,17,8.8
8827ad4ce1fffff,H3,2025,18,10.0
8827ad4ce1fffff,H3,2025,19,10.7
8827ad4ce1fffff,H3,2025,20,10.9
8827ad4ce1fffff,H3,2025,21,10.5
8827ad4ce1fffff,H3,2025,22,9.4
8827ad4ce1fffff,H3,2025,23,8.2
8827ad6963fffff,H3,2025,0,2.0
8827ad6963fffff,H3,2025,1,1.8
8827ad6963fffff,H3,2025,2,1.6
8827ad6963fffff,H3,2025,3,1.4
8827ad6963fffff,H3,2025,4,1.2
8827ad6963fffff,H3,2025,5,1.1
8827ad6963fffff,H3,2025,6,1.0
8827ad6963fffff,H3,2025,7,0.8
8827ad6963fffff,H3,2025,8,0.7
8827ad6963fffff,H3,2025,9,0.7
8827ad6963fffff,H3,2025,10,0.7
8827ad6963fffff,H3,2025,11,0.8
8827ad6963fffff,H3,2025,12,0.9
8827ad6963fffff,H3,2025,13,1.0
8827ad6963fffff,H3,2025,14,1.1
8827ad6963fffff,H3,2025,15,1.4
8827ad6963fffff,H3,2025,16,1.7
8827ad6963fffff,H3,2025,17,2.3
8827ad6963fffff,H3,2025,18,2.6
8827ad6963fffff,H3,2025,19,2.8
8827ad6963fffff,H3,2025,20,3.0
8827ad6963fffff,H3,2025,21,2.8
8827ad6963fffff,H3,2025,22,2.7
8827ad6963fffff,H3,2025,23,2.4
8827ad8ce9fffff,H3,2025,0,3.3
8827ad8ce9fffff,H3,2025,1,2.8
8827ad8ce9fffff,H3,2025,2,2.5
8827ad8ce9fffff,H3,2025,3,2.3
8827ad8ce9fffff,H3,2025,4,2.0
8827ad8ce9fffff,H3,2025,5,1.8
8827ad8ce9fffff,H3,2025,6,1.6
8827ad8ce9fffff,H3,2025,7,1.2
8827ad8ce9fffff,H3,2025,8,1.1
8827ad8ce9fffff,H3,2025,9,1.0
8827ad8ce9fffff,H3,2025,10,1.1
8827ad8ce9fffff,H3,2025,11,1.2
8827ad8ce9fffff,H3,2025,12,1.5
8827ad8ce9fffff,H3,2025,13,1.7
8827ad8ce9fffff,H3,2025,14,1.8
8827ad8ce9fffff,H3,2025,15,2.2
8827ad8ce9fffff,H3,2025,16,2.7
8827ad8ce9fffff,H3,2025,17,3.6
8827ad8ce9fffff,H3,2025,18,4.2
8827ad8ce9fffff,H3,2025,19,4.5
8827ad8ce9fffff,H3,2025,20,4.8
8827ad8ce9fffff,H3,2025,21,4.7
8827ad8ce9fffff,H3,2025,22,4.3
8827ad8ce9fffff,H3,2025,23,3.9
8827b369a3fffff,H3,2025,0,11.2
8827b369a3fffff,H3,2025,1,9.9
8827b369a3fffff,H3,2025,2,8.6
8827b369a3fffff,H3,2025,3,7.7
8827b369a3fffff,H3,2025,4,7.0
8827b369a3fffff,H3,2025,5,6.4
8827b369a3fffff,H3,2025,6,5.7
8827b369a3fffff,H3,2025,7,4.5
8827b369a3fffff,H3,2025,8,3.8
8827b369a3fffff,H3,2025,9,3.6
8827b369a3fffff,H3,2025,10,3.9
8827b369a3fffff,H3,2025,11,4.4
8827b369a3fffff,H3,2025,12,5.2
8827b369a3fffff,H3,2025,13,5.8
8827b369a3fffff,H3,2025,14,6.5
8827b369a3fffff,H3,2025,15,7.6
8827b369a3fffff,H3,2025,16,9.4
8827b369a3fffff,H3,2025,17,12.4
8827b369a3fffff,H3,2025,18,14.5
8827b369a3fffff,H3,2025,19,15.7
8827b369a3fffff,H3,2025,20,16.4
8827b369a3fffff,H3,2025,21,16.0
8827b369a3fffff,H3,2025,22,14.9
8827b369a3fffff,H3,2025,23,13.3
88280288c3fffff,H3,2025,0,1.4
88280288c3fffff,H3,2025,1,1.2
88280288c3fffff,H3,2025,2,1.0
88280288c3fffff,H3,2025,3,0.9
88280288c3fffff,H3,2025,4,0.8
88280288c3fffff,H3,2025,5,0.8
88280288c3fffff,H3,2025,6,0.7
88280288c3fffff,H3,2025,7,0.6
88280288c3fffff,H3,2025,8,0.5
88280288c3fffff,H3,2025,9,0.5
88280288c3fffff,H3,2025,10,0.6
88280288c3fffff,H3,2025,11,0.6
88280288c3fffff,H3,2025,12,0.7
88280288c3fffff,H3,2025,13,0.8
88280288c3fffff,H3,2025,14,0.8
88280288c3fffff,H3,2025,15,1.0
88280288c3fffff,H3,2025,16,1.2
88280288c3fffff,H3,2025,17,1.6
88280288c3fffff,H3,2025,18,1.8
88280288c3fffff,H3,2025,19,2.0
88280288c3fffff,H3,2025,20,2.0
88280288c3fffff,H3,2025,21,2.0
88280288c3fffff,H3,2025,22,1.8
88280288c3fffff,H3,2025,23,1.6
882802adabfffff,H3,2025,0,2.5
882802adabfffff,H3,2025,1,2.2
882802adabfffff,H3,2025,2,1.9
882802adabfffff,H3,2025,3,1.7
882802adabfffff,H3,2025,4,1.6
882802adabfffff,H3,2025,5,1.4
882802adabfffff,H3,2025,6,1.2
882802adabfffff,H3,2025,7,1.0
882802adabfffff,H3,2025,8,0.8
882802adabfffff,H3,2025,9,0.8
882802adabfffff,H3,2025,10,0.9
882802adabfffff,H3,2025,11,1.0
882802adabfffff,H3,2025,12,1.1
882802adabfffff,H3,2025,13,1.2
882802adabfffff,H3,2025,14,1.5
882802adabfffff,H3,2025,15,1.7
882802adabfffff,H3,2025,16,2.2
882802adabfffff,H3,2025,17,2.7
882802adabfffff,H3,2025,18,3.3
882802adabfffff,H3,2025,19,3.5
882802adabfffff,H3,2025,20,3.6
882802adabfffff,H3,2025,21,3.5
882802adabfffff,H3,2025,22,3.3
882802adabfffff,H3,2025,23,3.0
882802aea1fffff,H3,2025,0,2.8
882802aea1fffff,H3,2025,1,2.4
882802aea1fffff,H3,2025,2,2.2
882802aea1fffff,H3,2025,3,1.9
882802aea1fffff,H3,2025,4,1.7
882802aea1fffff,H3,2025,5,1.6
882802aea1fffff,H3,2025,6,1.4
882802aea1fffff,H3,2025,7,1.1
882802aea1fffff,H3,2025,8,0.9
882802aea1fffff,H3,2025,9,0.9
882802aea1fffff,H3,2025,10,1.0
882802aea1fffff,H3,2025,11,1.1
882802aea1fffff,H3,2025,12,1.2
882802aea1fffff,H3,2025,13,1.5
882802aea1fffff,H3,2025,14,1.6
882802aea1fffff,H3,2025,15,1.9
882802aea1fffff,H3,2025,16,2.4
882802aea1fffff,H3,2025,17,3.1
882802aea1fffff,H3,2025,18,3.6
882802aea1fffff,H3,2025,19,4.0
882802aea1fffff,H3,2025,20,4.1
882802aea1fffff,H3,2025,21,4.0
882802aea1fffff,H3,2025,22,3.6
882802aea1fffff,H3,2025,23,3.3
882802c4a5fffff,H3,2025,0,2.0
882802c4a5fffff,H3,2025,1,1.8
882802c4a5fffff,H3,2025,2,1.6
882802c4a5fffff,H3,2025,3,1.4
882802c4a5fffff,H3,2025,4,1.2
882802c4a5fffff,H3,2025,5,1.1
882802c4a5fffff,H3,2025,6,1.0
882802c4a5fffff,H3,2025,7,0.9
882802c4a5fffff,H3,2025,8,0.7
882802c4a5fffff,H3,2025,9,0.7
882802c4a5fffff,H3,2025,10,0.8
882802c4a5fffff,H3,2025,11,0.9
882802c4a5fffff,H3,2025,12,1.0
882802c4a5fffff,H3,2025,13,1.1
882802c4a5fffff,H3,2025,14,1.2
882802c4a5fffff,H3,2025,15,1.5
882802c4a5fffff,H3,2025,16,1.8
882802c4a5fffff,H3,2025,17,2.4
882802c4a5fffff,H3,2025,18,2.7
882802c4a5fffff,H3,2025,19,3.0
882802c4a5fffff,H3,2025,20,3.1
882802c4a5fffff,H3,2025,21,3.0
882802c4a5fffff,H3,2025,22,2.7
882802c4a5fffff,H3,2025,23,2.4
8828035921fffff,H3,2025,0,1.2
8828035921fffff,H3,2025,1,1.1
8828035921fffff,H3,2025,2,0.9
8828035921fffff,H3,2025,3,0.9
8828035921fffff,H3,2025,4,0.8
8828035921fffff,H3,2025,5,0.7
8828035921fffff,H3,2025,6,0.7
8828035921fffff,H3,2025,7,0.5
8828035921fffff,H3,2025,8,0.5
8828035921fffff,H3,2025,9,0.5
8828035921fffff,H3,2025,10,0.5
8828035921fffff,H3,2025,11,0.6
8828035921fffff,H3,2025,12,0.6
8828035921fffff,H3,2025,13,0.7
8828035921fffff,H3,2025,14,0.7
8828035921fffff,H3,2025,15,0.9
8828035921fffff,H3,2025,16,1.0
8828035921fffff,H3,2025,17,1.4
8828035921fffff,H3,2025,18,1.6
8828035921fffff,H3,2025,19,1.8
8828035921fffff,H3,2025,20,1.8
8828035921fffff,H3,2025,21,1.8
8828035921fffff,H3,2025,22,1.7
8828035921fffff,H3,2025,23,1.5
8828111ad9fffff,H3,2025,0,1.8
8828111ad9fffff,H3,2025,1,1.6
8828111ad9fffff,H3,2025,2,1.4
8828111ad9fffff,H3,2025,3,1.2
8828111ad9fffff,H3,2025,4,1.1
8828111ad9fffff,H3,2025,5,1.0
8828111ad9fffff,H3,2025,6,0.9
8828111ad9fffff,H3,2025,7,0.7
8828111ad9fffff,H3,2025,8,0.6
8828111ad9fffff,H3,2025,9,0.6
8828111ad9fffff,H3,2025,10,0.7
8828111ad9fffff,H3,2025,11,0.7
8828111ad9fffff,H3,2025,12,0.9
8828111ad9fffff,H3,2025,13,0.9
8828111ad9fffff,H3,2025,14,1.0
8828111ad9fffff,H3,2025,15,1.2
8828111ad9fffff,H3,2025,16,1.6
8828111ad9fffff,H3,2025,17,2.0
8828111ad9fffff,H3,2025,18,2.4
8828111ad9fffff,H3,2025,19,2.5
8828111ad9fffff,H3,2025,20,2.6
8828111ad9fffff,H3,2025,21,2.6
8828111ad9fffff,H3,2025,22,2.4
8828111ad9fffff,H3,2025,23,2.2
8828112a11fffff,H3,2025,0,3.0
8828112a11fffff,H3,2025,1,2.6
8828112a11fffff,H3,2025,2,2.3
8828112a11fffff,H3,2025,3,2.0
8828112a11fffff,H3,2025,4,1.8
8828112a11fffff,H3,2025,5,1.6
8828112a11fffff,H3,2025,6,1.5
8828112a11fffff,H3,2025,7,1.2
8828112a11fffff,H3,2025,8,1.0
8828112a11fffff,H3,2025,9,1.0
8828112a11fffff,H3,2025,10,1.1
8828112a11fffff,H3,2025,11,1.2
8828112a11fffff,H3,2025,12,1.5
8828112a11fffff,H3,2025,13,1.6
8828112a11fffff,H3,2025,14,1.8
8828112a11fffff,H3,2025,15,2.2
8828112a11fffff,H3,2025,16,2.7
8828112a11fffff,H3,2025,17,3.4
8828112a11fffff,H3,2025,18,4.0
8828112a11fffff,H3,2025,19,4.3
8828112a11fffff,H3,2025,20,4.4
8828112a11fffff,H3,2025,21,4.3
8828112a11fffff,H3,2025,22,4.0
8828112a11fffff,H3,2025,23,3.5
882811341bfffff,H3,2025,0,1.8
882811341bfffff,H3,2025,1,1.6
882811341bfffff,H3,2025,2,1.4
882811341bfffff,H3,2025,3,1.2
882811341bfffff,H3,2025,4,1.1
882811341bfffff,H3,2025,5,1.0
882811341bfffff,H3,2025,6,0.9
882811341bfffff,H3,2025,7,0.8
882811341bfffff,H3,2025,8,0.7
882811341bfffff,H3,2025,9,0.7
882811341bfffff,H3,2025,10,0.7
882811341bfffff,H3,2025,11,0.8
882811341bfffff,H3,2025,12,0.9
882811341bfffff,H3,2025,13,1.0
882811341bfffff,H3,2025,14,1.1
882811341bfffff,H3,2025,15,1.4
882811341bfffff,H3,2025,16,1.7
882811341bfffff,H3,2025,17,2.2
882811341bfffff,H3,2025,18,2.5
882811341bfffff,H3,2025,19,2.7
882811341bfffff,H3,2025,20,2.7
882811341bfffff,H3,2025,21,2.7
882811341bfffff,H3,2025,22,2.5
882811341bfffff,H3,2025,23,2.2
8828114087fffff,H3,2025,0,2.3
8828114087fffff,H3,2025,1,2.0
8828114087fffff,H3,2025,2,1.7
8828114087fffff,H3,2025,3,1.6
8828114087fffff,H3,2025,4,1.4
8828114087fffff,H3,2025,5,1.2
8828114087fffff,H3,2025,6,1.1
8828114087fffff,H3,2025,7,0.9
8828114087fffff,H3,2025,8,0.8
8828114087fffff,H3,2025,9,0.8
8828114087fffff,H3,2025,10,0.9
8828114087fffff,H3,2025,11,1.0
8828114087fffff,H3,2025,12,1.1
8828114087fffff,H3,2025,13,1.2
8828114087fffff,H3,2025,14,1.4
8828114087fffff,H3,2025,15,1.7
8828114087fffff,H3,2025,16,2.0
8828114087fffff,H3,2025,17,2.7
8828114087fffff,H3,2025,18,3.2
8828114087fffff,H3,2025,19,3.3
8828114087fffff,H3,2025,20,3.4
8828114087fffff,H3,2025,21,3.4
8828114087fffff,H3,2025,22,3.1
8828114087fffff,H3,2025,23,2.7
882811c5e5fffff,H3,2025,0,1.1
882811c5e5fffff,H3,2025,1,1.0
882811c5e5fffff,H3,2025,2,0.9
882811c5e5fffff,H3,2025,3,0.8
882811c5e5fffff,H3,2025,4,0.7
882811c5e5fffff,H3,2025,5,0.7
882811c5e5fffff,H3,2025,6,0.6
882811c5e5fffff,H3,2025,7,0.5
882811c5e5fffff,H3,2025,8,0.5
882811c5e5fffff,H3,2025,9,0.5
882811c5e5fffff,H3,2025,10,0.5
882811c5e5fffff,H3,2025,11,0.6
882811c5e5fffff,H3,2025,12,0.6
882811c5e5fffff,H3,2025,13,0.7
882811c5e5fffff,H3,2025,14,0.8
882811c5e5fffff,H3,2025,15,0.9
882811c5e5fffff,H3,2025,16,1.1
882811c5e5fffff,H3,2025,17,1.4
882811c5e5fffff,H3,2025,18,1.6
882811c5e5fffff,H3,2025,19,1.7
882811c5e5fffff,H3,2025,20,1.8
882811c5e5fffff,H3,2025,21,1.7
882811c5e5fffff,H3,2025,22,1.6
882811c5e5fffff,H3,2025,23,1.4
882812a741fffff,H3,2025,0,2.5
882812a741fffff,H3,2025,1,2.2
882812a741fffff,H3,2025,2,1.9
882812a741fffff,H3,2025,3,1.7
882812a741fffff,H3,2025,4,1.6
882812a741fffff,H3,2025,5,1.4
882812a741fffff,H3,2025,6,1.2
882812a741fffff,H3,2025,7,1.0
882812a741fffff,H3,2025,8,0.9
882812a741fffff,H3,2025,9,0.9
882812a741fffff,H3,2025,10,0.9
882812a741fffff,H3,2025,11,1.0
882812a741fffff,H3,2025,12,1.2
882812a741fffff,H3,2025,13,1.4
882812a741fffff,H3,2025,14,1.5
882812a741fffff,H3,2025,15,1.8
882812a741fffff,H3,2025,16,2.3
882812a741fffff,H3,2025,17,3.0
882812a741fffff,H3,2025,18,3.4
882812a741fffff,H3,2025,19,3.6
882812a741fffff,H3,2025,20,3.8
882812a741fffff,H3,2025,21,3.6
882812a741fffff,H3,2025,22,3.4
882812a741fffff,H3,2025,23,3.0
8828131609fffff,H3,2025,0,1.2
8828131609fffff,H3,2025,1,1.1
8828131609fffff,H3,2025,2,0.9
8828131609fffff,H3,2025,3,0.9
8828131609fffff,H3,2025,4,0.8
8828131609fffff,H3,2025,5,0.7
8828131609fffff,H3,2025,6,0.7
8828131609fffff,H3,2025,7,0.5
8828131609fffff,H3,2025,8,0.5
8828131609fffff,H3,2025,9,0.3
8828131609fffff,H3,2025,10,0.5
8828131609fffff,H3,2025,11,0.5
8828131609fffff,H3,2025,12,0.6
8828131609fffff,H3,2025,13,0.7
8828131609fffff,H3,2025,14,0.7
8828131609fffff,H3,2025,15,0.8
8828131609fffff,H3,2025,16,1.0
8828131609fffff,H3,2025,17,1.4
8828131609fffff,H3,2025,18,1.6
8828131609fffff,H3,2025,19,1.7
8828131609fffff,H3,2025,20,1.8
8828131609fffff,H3,2025,21,1.8
8828131609fffff,H3,2025,22,1.6
8828131609fffff,H3,2025,23,1.5
8828133443fffff,H3,2025,0,1.5
8828133443fffff,H3,2025,1,1.4
8828133443fffff,H3,2025,2,1.1
8828133443fffff,H3,2025,3,1.0
8828133443fffff,H3,2025,4,0.9
8828133443fffff,H3,2025,5,0.9
8828133443fffff,H3,2025,6,0.8
8828133443fffff,H3,2025,7,0.6
8828133443fffff,H3,2025,8,0.5
8828133443fffff,H3,2025,9,0.5
8828133443fffff,H3,2025,10,0.6
8828133443fffff,H3,2025,11,0.6
8828133443fffff,H3,2025,12,0.7
8828133443fffff,H3,2025,13,0.8
8828133443fffff,H3,2025,14,0.9
8828133443fffff,H3,2025,15,1.0
8828133443fffff,H3,2025,16,1.2
8828133443fffff,H3,2025,17,1.7
8828133443fffff,H3,2025,18,1.9
8828133443fffff,H3,2025,19,2.0
8828133443fffff,H3,2025,20,2.2
8828133443fffff,H3,2025,21,2.2
8828133443fffff,H3,2025,22,2.0
8828133443fffff,H3,2025,23,1.8
88281336bdfffff,H3,2025,0,1.6
88281336bdfffff,H3,2025,1,1.4
88281336bdfffff,H3,2025,2,1.1
88281336bdfffff,H3,2025,3,1.0
88281336bdfffff,H3,2025,4,0.9
88281336bdfffff,H3,2025,5,0.9
88281336bdfffff,H3,2025,6,0.8
88281336bdfffff,H3,2025,7,0.7
88281336bdfffff,H3,2025,8,0.6
88281336bdfffff,H3,2025,9,0.5
88281336bdfffff,H3,2025,10,0.6
88281336bdfffff,H3,2025,11,0.7
88281336bdfffff,H3,2025,12,0.7
88281336bdfffff,H3,2025,13,0.8
88281336bdfffff,H3,2025,14,0.9
88281336bdfffff,H3,2025,15,1.0
88281336bdfffff,H3,2025,16,1.4
88281336bdfffff,H3,2025,17,1.7
88281336bdfffff,H3,2025,18,2.0
88281336bdfffff,H3,2025,19,2.2
88281336bdfffff,H3,2025,20,2.3
88281336bdfffff,H3,2025,21,2.2
88281336bdfffff,H3,2025,22,2.0
88281336bdfffff,H3,2025,23,1.8
8828140a53fffff,H3,2025,0,2.2
8828140a53fffff,H3,2025,1,1.8
8828140a53fffff,H3,2025,2,1.6
8828140a53fffff,H3,2025,3,1.4
8828140a53fffff,H3,2025,4,1.2
8828140a53fffff,H3,2025,5,1.1
8828140a53fffff,H3,2025,6,1.1
8828140a53fffff,H3,2025,7,1.0
8828140a53fffff,H3,2025,8,0.9
8828140a53fffff,H3,2025,9,0.9
8828140a53fffff,H3,2025,10,1.0
8828140a53fffff,H3,2025,11,1.1
8828140a53fffff,H3,2025,12,1.4
8828140a53fffff,H3,2025,13,1.5
8828140a53fffff,H3,2025,14,1.6
8828140a53fffff,H3,2025,15,1.9
8828140a53fffff,H3,2025,16,2.5
8828140a53fffff,H3,2025,17,3.1
8828140a53fffff,H3,2025,18,3.4
8828140a53fffff,H3,2025,19,3.6
8828140a53fffff,H3,2025,20,3.6
8828140a53fffff,H3,2025,21,3.4
8828140a53fffff,H3,2025,22,3.1
8828140a53fffff,H3,2025,23,2.6
8828146903fffff,H3,2025,0,11.4
8828146903fffff,H3,2025,1,9.9
8828146903fffff,H3,2025,2,8.5
8828146903fffff,H3,2025,3,7.6
8828146903fffff,H3,2025,4,6.8
8828146903fffff,H3,2025,5,6.4
8828146903fffff,H3,2025,6,5.9
8828146903fffff,H3,2025,7,4.9
8828146903fffff,H3,2025,8,4.3
8828146903fffff,H3,2025,9,4.1
8828146903fffff,H3,2025,10,4.4
8828146903fffff,H3,2025,11,5.1
8828146903fffff,H3,2025,12,5.9
8828146903fffff,H3,2025,13,6.7
8828146903fffff,H3,2025,14,7.3
8828146903fffff,H3,2025,15,8.8
8828146903fffff,H3,2025,16,10.9
8828146903fffff,H3,2025,17,14.0
8828146903fffff,H3,2025,18,16.1
8828146903fffff,H3,2025,19,17.0
8828146903fffff,H3,2025,20,17.5
8828146903fffff,H3,2025,21,16.8
8828146903fffff,H3,2025,22,15.5
8828146903fffff,H3,2025,23,13.5
88281499a3fffff,H3,2025,0,2.5
88281499a3fffff,H3,2025,1,2.2
88281499a3fffff,H3,2025,2,1.9
88281499a3fffff,H3,2025,3,1.7
88281499a3fffff,H3,2025,4,1.6
88281499a3fffff,H3,2025,5,1.5
88281499a3fffff,H3,2025,6,1.2
88281499a3fffff,H3,2025,7,1.0
88281499a3fffff,H3,2025,8,0.9
88281499a3fffff,H3,2025,9,0.8
88281499a3fffff,H3,2025,10,0.9
88281499a3fffff,H3,2025,11,1.0
88281499a3fffff,H3,2025,12,1.1
88281499a3fffff,H3,2025,13,1.2
88281499a3fffff,H3,2025,14,1.5
88281499a3fffff,H3,2025,15,1.7
88281499a3fffff,H3,2025,16,2.2
88281499a3fffff,H3,2025,17,2.8
88281499a3fffff,H3,2025,18,3.3
88281499a3fffff,H3,2025,19,3.5
88281499a3fffff,H3,2025,20,3.6
88281499a3fffff,H3,2025,21,3.6
88281499a3fffff,H3,2025,22,3.3
88281499a3fffff,H3,2025,23,3.0
882814b215fffff,H3,2025,0,1.7
882814b215fffff,H3,2025,1,1.5
882814b215fffff,H3,2025,2,1.2
882814b215fffff,H3,2025,3,1.0
882814b215fffff,H3,2025,4,0.9
882814b215fffff,H3,2025,5,0.9
882814b215fffff,H3,2025,6,0.9
882814b215fffff,H3,2025,7,0.8
882814b215fffff,H3,2025,8,0.8
882814b215fffff,H3,2025,9,0.7
882814b215fffff,H3,2025,10,0.8
882814b215fffff,H3,2025,11,0.9
882814b215fffff,H3,2025,12,1.0
882814b215fffff,H3,2025,13,1.2
882814b215fffff,H3,2025,14,1.2
882814b215fffff,H3,2025,15,1.6
882814b215fffff,H3,2025,16,2.0
882814b215fffff,H3,2025,17,2.5
882814b215fffff,H3,2025,18,2.8
882814b215fffff,H3,2025,19,2.8
882814b215fffff,H3,2025,20,2.8
882814b215fffff,H3,2025,21,2.7
882814b215fffff,H3,2025,22,2.4
882814b215fffff,H3,2025,23,2.0
882814cd57fffff,H3,2025,0,1.2
882814cd57fffff,H3,2025,1,1.0
882814cd57fffff,H3,2025,2,0.9
882814cd57fffff,H3,2025,3,0.8
882814cd57fffff,H3,2025,4,0.8
882814cd57fffff,H3,2025,5,0.7
882814cd57fffff,H3,2025,6,0.6
882814cd57fffff,H3,2025,7,0.5
882814cd57fffff,H3,2025,8,0.5
882814cd57fffff,H3,2025,9,0.3
882814cd57fffff,H3,2025,10,0.5
882814cd57fffff,H3,2025,11,0.5
882814cd57fffff,H3,2025,12,0.6
882814cd57fffff,H3,2025,13,0.7
882814cd57fffff,H3,2025,14,0.7
882814cd57fffff,H3,2025,15,0.8
882814cd57fffff,H3,2025,16,1.0
882814cd57fffff,H3,2025,17,1.4
882814cd57fffff,H3,2025,18,1.6
882814cd57fffff,H3,2025,19,1.7
882814cd57fffff,H3,2025,20,1.8
882814cd57fffff,H3,2025,21,1.7
882814cd57fffff,H3,2025,22,1.6
882814cd57fffff,H3,2025,23,1.5
8828150ca1fffff,H3,2025,0,5.1
8828150ca1fffff,H3,2025,1,4.5
8828150ca1fffff,H3,2025,2,3.9
8828150ca1fffff,H3,2025,3,3.5
8828150ca1fffff,H3,2025,4,3.2
8828150ca1fffff,H3,2025,5,2.8
8828150ca1fffff,H3,2025,6,2.6
8828150ca1fffff,H3,2025,7,2.2
8828150ca1fffff,H3,2025,8,1.8
8828150ca1fffff,H3,2025,9,1.7
8828150ca1fffff,H3,2025,10,1.8
8828150ca1fffff,H3,2025,11,2.2
8828150ca1fffff,H3,2025,12,2.5
8828150ca1fffff,H3,2025,13,2.8
8828150ca1fffff,H3,2025,14,3.1
8828150ca1fffff,H3,2025,15,3.6
8828150ca1fffff,H3,2025,16,4.5
8828150ca1fffff,H3,2025,17,5.9
8828150ca1fffff,H3,2025,18,6.9
8828150ca1fffff,H3,2025,19,7.4
8828150ca1fffff,H3,2025,20,7.6
8828150ca1fffff,H3,2025,21,7.4
8828150ca1fffff,H3,2025,22,6.8
8828150ca1fffff,H3,2025,23,6.0
8828151321fffff,H3,2025,0,1.6
8828151321fffff,H3,2025,1,1.4
8828151321fffff,H3,2025,2,1.1
8828151321fffff,H3,2025,3,1.0
8828151321fffff,H3,2025,4,0.9
8828151321fffff,H3,2025,5,0.9
8828151321fffff,H3,2025,6,0.8
8828151321fffff,H3,2025,7,0.6
8828151321fffff,H3,2025,8,0.6
8828151321fffff,H3,2025,9,0.5
8828151321fffff,H3,2025,10,0.6
8828151321fffff,H3,2025,11,0.6
8828151321fffff,H3,2025,12,0.7
8828151321fffff,H3,2025,13,0.8
8828151321fffff,H3,2025,14,0.9
8828151321fffff,H3,2025,15,1.0
8828151321fffff,H3,2025,16,1.2
8828151321fffff,H3,2025,17,1.7
8828151321fffff,H3,2025,18,2.0
8828151321fffff,H3,2025,19,2.2
8828151321fffff,H3,2025,20,2.3
8828151321fffff,H3,2025,21,2.2
8828151321fffff,H3,2025,22,2.0
8828151321fffff,H3,2025,23,1.8
88281539dbfffff,H3,2025,0,2.5
88281539dbfffff,H3,2025,1,2.2
88281539dbfffff,H3,2025,2,1.9
88281539dbfffff,H3,2025,3,1.7
88281539dbfffff,H3,2025,4,1.6
88281539dbfffff,H3,2025,5,1.4
88281539dbfffff,H3,2025,6,1.2
88281539dbfffff,H3,2025,7,1.0
88281539dbfffff,H3,2025,8,0.9
88281539dbfffff,H3,2025,9,0.8
88281539dbfffff,H3,2025,10,0.9
88281539dbfffff,H3,2025,11,1.0
88281539dbfffff,H3,2025,12,1.1
88281539dbfffff,H3,2025,13,1.2
88281539dbfffff,H3,2025,14,1.5
88281539dbfffff,H3,2025,15,1.7
88281539dbfffff,H3,2025,16,2.2
88281539dbfffff,H3,2025,17,2.8
88281539dbfffff,H3,2025,18,3.3
88281539dbfffff,H3,2025,19,3.5
88281539dbfffff,H3,2025,20,3.6
88281539dbfffff,H3,2025,21,3.5
88281539dbfffff,H3,2025,22,3.3
88281539dbfffff,H3,2025,23,3.0
88281574edfffff,H3,2025,0,1.7
88281574edfffff,H3,2025,1,1.5
88281574edfffff,H3,2025,2,1.2
88281574edfffff,H3,2025,3,1.1
88281574edfffff,H3,2025,4,1.0
88281574edfffff,H3,2025,5,0.9
88281574edfffff,H3,2025,6,0.8
88281574edfffff,H3,2025,7,0.7
88281574edfffff,H3,2025,8,0.6
88281574edfffff,H3,2025,9,0.6
88281574edfffff,H3,2025,10,0.6
88281574edfffff,H3,2025,11,0.7
88281574edfffff,H3,2025,12,0.8
88281574edfffff,H3,2025,13,0.9
88281574edfffff,H3,2025,14,0.9
88281574edfffff,H3,2025,15,1.1
88281574edfffff,H3,2025,16,1.4
88281574edfffff,H3,2025,17,1.8
88281574edfffff,H3,2025,18,2.2
88281574edfffff,H3,2025,19,2.3
88281574edfffff,H3,2025,20,2.4
88281574edfffff,H3,2025,21,2.4
88281574edfffff,H3,2025,22,2.2
88281574edfffff,H3,2025,23,1.9
8828157659fffff,H3,2025,0,4.3
8828157659fffff,H3,2025,1,3.9
8828157659fffff,H3,2025,2,3.3
8828157659fffff,H3,2025,3,3.0
8828157659fffff,H3,2025,4,2.7
8828157659fffff,H3,2025,5,2.5
8828157659fffff,H3,2025,6,2.2
8828157659fffff,H3,2025,7,1.8
8828157659fffff,H3,2025,8,1.5
8828157659fffff,H3,2025,9,1.5
8828157659fffff,H3,2025,10,1.6
8828157659fffff,H3,2025,11,1.8
8828157659fffff,H3,2025,12,2.0
8828157659fffff,H3,2025,13,2.3
8828157659fffff,H3,2025,14,2.6
8828157659fffff,H3,2025,15,3.1
8828157659fffff,H3,2025,16,3.8
8828157659fffff,H3,2025,17,4.9
8828157659fffff,H3,2025,18,5.8
8828157659fffff,H3,2025,19,6.1
8828157659fffff,H3,2025,20,6.4
8828157659fffff,H3,2025,21,6.2
8828157659fffff,H3,2025,22,5.8
8828157659fffff,H3,2025,23,5.1
882815766bfffff,H3,2025,0,2.0
882815766bfffff,H3,2025,1,1.8
882815766bfffff,H3,2025,2,1.6
882815766bfffff,H3,2025,3,1.4
882815766bfffff,H3,2025,4,1.2
882815766bfffff,H3,2025,5,1.1
882815766bfffff,H3,2025,6,1.0
882815766bfffff,H3,2025,7,0.9
882815766bfffff,H3,2025,8,0.7
882815766bfffff,H3,2025,9,0.7
882815766bfffff,H3,2025,10,0.8
882815766bfffff,H3,2025,11,0.9
882815766bfffff,H3,2025,12,1.0
882815766bfffff,H3,2025,13,1.1
882815766bfffff,H3,2025,14,1.2
882815766bfffff,H3,2025,15,1.5
882815766bfffff,H3,2025,16,1.8
882815766bfffff,H3,2025,17,2.4
882815766bfffff,H3,2025,18,2.8
882815766bfffff,H3,2025,19,3.0
882815766bfffff,H3,2025,20,3.1
882815766bfffff,H3,2025,21,3.0
882815766bfffff,H3,2025,22,2.7
882815766bfffff,H3,2025,23,2.4
8828168709fffff,H3,2025,0,3.4
8828168709fffff,H3,2025,1,3.0
8828168709fffff,H3,2025,2,2.6
8828168709fffff,H3,2025,3,2.3
8828168709fffff,H3,2025,4,2.2
8828168709fffff,H3,2025,5,1.9
8828168709fffff,H3,2025,6,1.8
8828168709fffff,H3,2025,7,1.5
8828168709fffff,H3,2025,8,1.2
8828168709fffff,H3,2025,9,1.2
8828168709fffff,H3,2025,10,1.4
8828168709fffff,H3,2025,11,1.5
8828168709fffff,H3,2025,12,1.8
8828168709fffff,H3,2025,13,2.0
8828168709fffff,H3,2025,14,2.2
8828168709fffff,H3,2025,15,2.6
8828168709fffff,H3,2025,16,3.3
8828168709fffff,H3,2025,17,4.2
8828168709fffff,H3,2025,18,4.8
8828168709fffff,H3,2025,19,5.1
8828168709fffff,H3,2025,20,5.2
8828168709fffff,H3,2025,21,5.1
8828168709fffff,H3,2025,22,4.7
8828168709fffff,H3,2025,23,4.1
8828187821fffff,H3,2025,0,5.7
8828187821fffff,H3,2025,1,5.0
8828187821fffff,H3,2025,2,4.3
8828187821fffff,H3,2025,3,3.9
8828187821fffff,H3,2025,4,3.5
8828187821fffff,H3,2025,5,3.2
8828187821fffff,H3,2025,6,2.8
8828187821fffff,H3,2025,7,2.3
8828187821fffff,H3,2025,8,1.9
8828187821fffff,H3,2025,9,1.8
8828187821fffff,H3,2025,10,2.0
8828187821fffff,H3,2025,11,2.3
8828187821fffff,H3,2025,12,2.6
8828187821fffff,H3,2025,13,3.0
8828187821fffff,H3,2025,14,3.3
8828187821fffff,H3,2025,15,3.9
8828187821fffff,H3,2025,16,4.8
8828187821fffff,H3,2025,17,6.2
8828187821fffff,H3,2025,18,7.4
8828187821fffff,H3,2025,19,8.0
8828187821fffff,H3,2025,20,8.3
8828187821fffff,H3,2025,21,8.1
8828187821fffff,H3,2025,22,7.5
8828187821fffff,H3,2025,23,6.7
8828187943fffff,H3,2025,0,6.4
8828187943fffff,H3,2025,1,5.6
8828187943fffff,H3,2025,2,4.9
8828187943fffff,H3,2025,3,4.4
8828187943fffff,H3,2025,4,4.0
8828187943fffff,H3,2025,5,3.6
8828187943fffff,H3,2025,6,3.2
8828187943fffff,H3,2025,7,2.5
8828187943fffff,H3,2025,8,2.2
8828187943fffff,H3,2025,9,2.0
8828187943fffff,H3,2025,10,2.3
8828187943fffff,H3,2025,11,2.5
8828187943fffff,H3,2025,12,3.0
8828187943fffff,H3,2025,13,3.3
8828187943fffff,H3,2025,14,3.6
8828187943fffff,H3,2025,15,4.3
8828187943fffff,H3,2025,16,5.3
8828187943fffff,H3,2025,17,7.0
8828187943fffff,H3,2025,18,8.3
8828187943fffff,H3,2025,19,8.9
8828187943fffff,H3,2025,20,9.2
8828187943fffff,H3,2025,21,9.1
8828187943fffff,H3,2025,22,8.4
8828187943fffff,H3,2025,23,7.5
882818d1dbfffff,H3,2025,0,1.7
882818d1dbfffff,H3,2025,1,1.5
882818d1dbfffff,H3,2025,2,1.2
882818d1dbfffff,H3,2025,3,1.1
882818d1dbfffff,H3,2025,4,1.0
882818d1dbfffff,H3,2025,5,0.9
882818d1dbfffff,H3,2025,6,0.9
882818d1dbfffff,H3,2025,7,0.7
882818d1dbfffff,H3,2025,8,0.6
882818d1dbfffff,H3,2025,9,0.6
882818d1dbfffff,H3,2025,10,0.6
882818d1dbfffff,H3,2025,11,0.7
882818d1dbfffff,H3,2025,12,0.8
882818d1dbfffff,H3,2025,13,0.9
882818d1dbfffff,H3,2025,14,1.0
882818d1dbfffff,H3,2025,15,1.1
882818d1dbfffff,H3,2025,16,1.5
882818d1dbfffff,H3,2025,17,1.9
882818d1dbfffff,H3,2025,18,2.3
882818d1dbfffff,H3,2025,19,2.4
882818d1dbfffff,H3,2025,20,2.5
882818d1dbfffff,H3,2025,21,2.4
882818d1dbfffff,H3,2025,22,2.3
882818d1dbfffff,H3,2025,23,2.0
88281a762dfffff,H3,2025,0,2.4
88281a762dfffff,H3,2025,1,2.0
88281a762dfffff,H3,2025,2,1.8
88281a762dfffff,H3,2025,3,1.6
88281a762dfffff,H3,2025,4,1.5
88281a762dfffff,H3,2025,5,1.4
88281a762dfffff,H3,2025,6,1.2
88281a762dfffff,H3,2025,7,1.0
88281a762dfffff,H3,2025,8,0.9
88281a762dfffff,H3,2025,9,0.8
88281a762dfffff,H3,2025,10,0.9
88281a762dfffff,H3,2025,11,1.0
88281a762dfffff,H3,2025,12,1.2
88281a762dfffff,H3,2025,13,1.4
88281a762dfffff,H3,2025,14,1.5
88281a762dfffff,H3,2025,15,1.8
88281a762dfffff,H3,2025,16,2.2
88281a762dfffff,H3,2025,17,2.8
88281a762dfffff,H3,2025,18,3.3
88281a762dfffff,H3,2025,19,3.5
88281a762dfffff,H3,2025,20,3.6
88281a762dfffff,H3,2025,21,3.5
88281a762dfffff,H3,2025,22,3.2
88281a762dfffff,H3,2025,23,2.8
88281b4b39fffff,H3,2025,0,1.5
88281b4b39fffff,H3,2025,1,1.4
88281b4b39fffff,H3,2025,2,1.1
88281b4b39fffff,H3,2025,3,1.0
88281b4b39fffff,H3,2025,4,0.9
88281b4b39fffff,H3,2025,5,0.9
88281b4b39fffff,H3,2025,6,0.8
88281b4b39fffff,H3,2025,7,0.6
88281b4b39fffff,H3,2025,8,0.6
88281b4b39fffff,H3,2025,9,0.5
88281b4b39fffff,H3,2025,10,0.6
88281b4b39fffff,H3,2025,11,0.6
88281b4b39fffff,H3,2025,12,0.7
88281b4b39fffff,H3,2025,13,0.8
88281b4b39fffff,H3,2025,14,0.9
88281b4b39fffff,H3,2025,15,1.0
88281b4b39fffff,H3,2025,16,1.2
88281b4b39fffff,H3,2025,17,1.7
88281b4b39fffff,H3,2025,18,1.9
88281b4b39fffff,H3,2025,19,2.2
88281b4b39fffff,H3,2025,20,2.2
88281b4b39fffff,H3,2025,21,2.2
88281b4b39fffff,H3,2025,22,2.0
88281b4b39fffff,H3,2025,23,1.8
88281b4b69fffff,H3,2025,0,3.2
88281b4b69fffff,H3,2025,1,2.8
88281b4b69fffff,H3,2025,2,2.4
88281b4b69fffff,H3,2025,3,2.2
88281b4b69fffff,H3,2025,4,1.9
88281b4b69fffff,H3,2025,5,1.8
88281b4b69fffff,H3,2025,6,1.6
88281b4b69fffff,H3,2025,7,1.2
88281b4b69fffff,H3,2025,8,1.0
88281b4b69fffff,H3,2025,9,1.0
88281b4b69fffff,H3,2025,10,1.1
88281b4b69fffff,H3,2025,11,1.2
88281b4b69fffff,H3,2025,12,1.5
88281b4b69fffff,H3,2025,13,1.6
88281b4b69fffff,H3,2025,14,1.8
88281b4b69fffff,H3,2025,15,2.2
88281b4b69fffff,H3,2025,16,2.7
88281b4b69fffff,H3,2025,17,3.5
88281b4b69fffff,H3,2025,18,4.1
88281b4b69fffff,H3,2025,19,4.4
88281b4b69fffff,H3,2025,20,4.7
88281b4b69fffff,H3,2025,21,4.5
88281b4b69fffff,H3,2025,22,4.2
88281b4b69fffff,H3,2025,23,3.8
88281b9407fffff,H3,2025,0,3.1
88281b9407fffff,H3,2025,1,2.7
88281b9407fffff,H3,2025,2,2.3
88281b9407fffff,H3,2025,3,2.0
88281b9407fffff,H3,2025,4,1.9
88281b9407fffff,H3,2025,5,1.7
88281b9407fffff,H3,2025,6,1.6
88281b9407fffff,H3,2025,7,1.2
88281b9407fffff,H3,2025,8,1.0
88281b9407fffff,H3,2025,9,1.0
88281b9407fffff,H3,2025,10,1.1
88281b9407fffff,H3,2025,11,1.2
88281b9407fffff,H3,2025,12,1.5
88281b9407fffff,H3,2025,13,1.6
88281b9407fffff,H3,2025,14,1.8
88281b9407fffff,H3,2025,15,2.2
88281b9407fffff,H3,2025,16,2.7
88281b9407fffff,H3,2025,17,3.5
88281b9407fffff,H3,2025,18,4.1
88281b9407fffff,H3,2025,19,4.3
88281b9407fffff,H3,2025,20,4.5
88281b9407fffff,H3,2025,21,4.4
88281b9407fffff,H3,2025,22,4.1
88281b9407fffff,H3,2025,23,3.6
88281c7517fffff,H3,2025,0,2.8
88281c7517fffff,H3,2025,1,2.5
88281c7517fffff,H3,2025,2,2.2
88281c7517fffff,H3,2025,3,1.9
88281c7517fffff,H3,2025,4,1.8
88281c7517fffff,H3,2025,5,1.6
88281c7517fffff,H3,2025,6,1.5
88281c7517fffff,H3,2025,7,1.1
88281c7517fffff,H3,2025,8,1.0
88281c7517fffff,H3,2025,9,0.9
88281c7517fffff,H3,2025,10,1.0
88281c7517fffff,H3,2025,11,1.1
88281c7517fffff,H3,2025,12,1.4
88281c7517fffff,H3,2025,13,1.5
88281c7517fffff,H3,2025,14,1.7
88281c7517fffff,H3,2025,15,1.9
88281c7517fffff,H3,2025,16,2.5
88281c7517fffff,H3,2025,17,3.2
88281c7517fffff,H3,2025,18,3.8
88281c7517fffff,H3,2025,19,4.0
88281c7517fffff,H3,2025,20,4.2
88281c7517fffff,H3,2025,21,4.1
88281c7517fffff,H3,2025,22,3.8
88281c7517fffff,H3,2025,23,3.4
88281ca1a9fffff,H3,2025,0,2.4
88281ca1a9fffff,H3,2025,1,2.2
88281ca1a9fffff,H3,2025,2,1.8
88281ca1a9fffff,H3,2025,3,1.6
88281ca1a9fffff,H3,2025,4,1.5
88281ca1a9fffff,H3,2025,5,1.4
88281ca1a9fffff,H3,2025,6,1.2
88281ca1a9fffff,H3,2025,7,1.0
88281ca1a9fffff,H3,2025,8,0.9
88281ca1a9fffff,H3,2025,9,0.8
88281ca1a9fffff,H3,2025,10,0.9
88281ca1a9fffff,H3,2025,11,1.0
88281ca1a9fffff,H3,2025,12,1.1
88281ca1a9fffff,H3,2025,13,1.4
88281ca1a9fffff,H3,2025,14,1.5
88281ca1a9fffff,H3,2025,15,1.7
88281ca1a9fffff,H3,2025,16,2.2
88281ca1a9fffff,H3,2025,17,2.8
88281ca1a9fffff,H3,2025,18,3.3
88281ca1a9fffff,H3,2025,19,3.4
88281ca1a9fffff,H3,2025,20,3.5
88281ca1a9fffff,H3,2025,21,3.5
88281ca1a9fffff,H3,2025,22,3.2
88281ca1a9fffff,H3,2025,23,2.8
88281d41d7fffff,H3,2025,0,1.8
88281d41d7fffff,H3,2025,1,1.6
88281d41d7fffff,H3,2025,2,1.4
88281d41d7fffff,H3,2025,3,1.2
88281d41d7fffff,H3,2025,4,1.1
88281d41d7fffff,H3,2025,5,1.0
88281d41d7fffff,H3,2025,6,0.9
88281d41d7fffff,H3,2025,7,0.7
88281d41d7fffff,H3,2025,8,0.6
88281d41d7fffff,H3,2025,9,0.6
88281d41d7fffff,H3,2025,10,0.7
88281d41d7fffff,H3,2025,11,0.7
88281d41d7fffff,H3,2025,12,0.9
88281d41d7fffff,H3,2025,13,0.9
88281d41d7fffff,H3,2025,14,1.0
88281d41d7fffff,H3,2025,15,1.2
88281d41d7fffff,H3,2025,16,1.6
88281d41d7fffff,H3,2025,17,2.0
88281d41d7fffff,H3,2025,18,2.4
88281d41d7fffff,H3,2025,19,2.5
88281d41d7fffff,H3,2025,20,2.6
88281d41d7fffff,H3,2025,21,2.5
88281d41d7fffff,H3,2025,22,2.4
88281d41d7fffff,H3,2025,23,2.2
88281ea857fffff,H3,2025,0,1.7
88281ea857fffff,H3,2025,1,1.5
88281ea857fffff,H3,2025,2,1.4
88281ea857fffff,H3,2025,3,1.1
88281ea857fffff,H3,2025,4,1.0
88281ea857fffff,H3,2025,5,0.9
88281ea857fffff,H3,2025,6,0.9
88281ea857fffff,H3,2025,7,0.7
88281ea857fffff,H3,2025,8,0.6
88281ea857fffff,H3,2025,9,0.6
88281ea857fffff,H3,2025,10,0.6
88281ea857fffff,H3,2025,11,0.7
88281ea857fffff,H3,2025,12,0.8
88281ea857fffff,H3,2025,13,0.9
88281ea857fffff,H3,2025,14,1.0
88281ea857fffff,H3,2025,15,1.1
88281ea857fffff,H3,2025,16,1.5
88281ea857fffff,H3,2025,17,1.9
88281ea857fffff,H3,2025,18,2.3
88281ea857fffff,H3,2025,19,2.4
88281ea857fffff,H3,2025,20,2.5
88281ea857fffff,H3,2025,21,2.5
88281ea857fffff,H3,2025,22,2.3
88281ea857fffff,H3,2025,23,2.0
88281eb883fffff,H3,2025,0,7.3
88281eb883fffff,H3,2025,1,6.4
88281eb883fffff,H3,2025,2,5.6
88281eb883fffff,H3,2025,3,5.0
88281eb883fffff,H3,2025,4,4.5
88281eb883fffff,H3,2025,5,4.1
88281eb883fffff,H3,2025,6,3.6
88281eb883fffff,H3,2025,7,3.0
88281eb883fffff,H3,2025,8,2.5
88281eb883fffff,H3,2025,9,2.4
88281eb883fffff,H3,2025,10,2.6
88281eb883fffff,H3,2025,11,3.0
88281eb883fffff,H3,2025,12,3.4
88281eb883fffff,H3,2025,13,3.8
88281eb883fffff,H3,2025,14,4.2
88281eb883fffff,H3,2025,15,5.0
88281eb883fffff,H3,2025,16,6.2
88281eb883fffff,H3,2025,17,8.1
88281eb883fffff,H3,2025,18,9.5
88281eb883fffff,H3,2025,19,10.2
88281eb883fffff,H3,2025,20,10.6
88281eb883fffff,H3,2025,21,10.5
88281eb883fffff,H3,2025,22,9.7
88281eb883fffff,H3,2025,23,8.6
882830094dfffff,H3,2025,0,1.6
882830094dfffff,H3,2025,1,1.4
882830094dfffff,H3,2025,2,1.2
882830094dfffff,H3,2025,3,1.0
882830094dfffff,H3,2025,4,0.9
882830094dfffff,H3,2025,5,0.9
882830094dfffff,H3,2025,6,0.9
882830094dfffff,H3,2025,7,0.8
882830094dfffff,H3,2025,8,0.7
882830094dfffff,H3,2025,9,0.7
882830094dfffff,H3,2025,10,0.7
882830094dfffff,H3,2025,11,0.8
882830094dfffff,H3,2025,12,0.9
882830094dfffff,H3,2025,13,1.0
882830094dfffff,H3,2025,14,1.1
882830094dfffff,H3,2025,15,1.4
882830094dfffff,H3,2025,16,1.7
882830094dfffff,H3,2025,17,2.2
882830094dfffff,H3,2025,18,2.5
882830094dfffff,H3,2025,19,2.6
882830094dfffff,H3,2025,20,2.6
882830094dfffff,H3,2025,21,2.5
882830094dfffff,H3,2025,22,2.3
882830094dfffff,H3,2025,23,1.9
8828300ae5fffff,H3,2025,0,1.2
8828300ae5fffff,H3,2025,1,1.0
8828300ae5fffff,H3,2025,2,0.9
8828300ae5fffff,H3,2025,3,0.8
8828300ae5fffff,H3,2025,4,0.8
8828300ae5fffff,H3,2025,5,0.7
8828300ae5fffff,H3,2025,6,0.6
8828300ae5fffff,H3,2025,7,0.5
8828300ae5fffff,H3,2025,8,0.5
8828300ae5fffff,H3,2025,9,0.3
8828300ae5fffff,H3,2025,10,0.5
8828300ae5fffff,H3,2025,11,0.5
8828300ae5fffff,H3,2025,12,0.6
8828300ae5fffff,H3,2025,13,0.7
8828300ae5fffff,H3,2025,14,0.7
8828300ae5fffff,H3,2025,15,0.8
8828300ae5fffff,H3,2025,16,1.0
8828300ae5fffff,H3,2025,17,1.4
8828300ae5fffff,H3,2025,18,1.6
8828300ae5fffff,H3,2025,19,1.7
8828300ae5fffff,H3,2025,20,1.8
8828300ae5fffff,H3,2025,21,1.7
8828300ae5fffff,H3,2025,22,1.6
8828300ae5fffff,H3,2025,23,1.5
882830133dfffff,H3,2025,0,7.6
882830133dfffff,H3,2025,1,6.6
882830133dfffff,H3,2025,2,5.7
882830133dfffff,H3,2025,3,5.1
882830133dfffff,H3,2025,4,4.7
882830133dfffff,H3,2025,5,4.2
882830133dfffff,H3,2025,6,3.9
882830133dfffff,H3,2025,7,3.2
882830133dfffff,H3,2025,8,2.7
882830133dfffff,H3,2025,9,2.7
882830133dfffff,H3,2025,10,3.0
882830133dfffff,H3,2025,11,3.4
882830133dfffff,H3,2025,12,3.9
882830133dfffff,H3,2025,13,4.3
882830133dfffff,H3,2025,14,4.8
882830133dfffff,H3,2025,15,5.6
882830133dfffff,H3,2025,16,6.8
882830133dfffff,H3,2025,17,8.9
882830133dfffff,H3,2025,18,10.5
882830133dfffff,H3,2025,19,11.2
882830133dfffff,H3,2025,20,11.6
882830133dfffff,H3,2025,21,11.2
882830133dfffff,H3,2025,22,10.3
882830133dfffff,H3,2025,23,9.1
8828301545fffff,H3,2025,0,2.5
8828301545fffff,H3,2025,1,2.2
8828301545fffff,H3,2025,2,1.9
8828301545fffff,H3,2025,3,1.7
8828301545fffff,H3,2025,4,1.6
8828301545fffff,H3,2025,5,1.5
8828301545fffff,H3,2025,6,1.2
8828301545fffff,H3,2025,7,1.0
8828301545fffff,H3,2025,8,0.8
8828301545fffff,H3,2025,9,0.8
8828301545fffff,H3,2025,10,0.9
8828301545fffff,H3,2025,11,1.0
8828301545fffff,H3,2025,12,1.1
8828301545fffff,H3,2025,13,1.2
8828301545fffff,H3,2025,14,1.5
8828301545fffff,H3,2025,15,1.7
8828301545fffff,H3,2025,16,2.2
8828301545fffff,H3,2025,17,2.8
8828301545fffff,H3,2025,18,3.3
8828301545fffff,H3,2025,19,3.5
8828301545fffff,H3,2025,20,3.6
8828301545fffff,H3,2025,21,3.6
8828301545fffff,H3,2025,22,3.3
8828301545fffff,H3,2025,23,3.0
88283045bdfffff,H3,2025,0,1.6
88283045bdfffff,H3,2025,1,1.4
88283045bdfffff,H3,2025,2,1.2
88283045bdfffff,H3,2025,3,1.1
88283045bdfffff,H3,2025,4,1.0
88283045bdfffff,H3,2025,5,0.9
88283045bdfffff,H3,2025,6,0.8
88283045bdfffff,H3,2025,7,0.7
88283045bdfffff,H3,2025,8,0.6
88283045bdfffff,H3,2025,9,0.6
88283045bdfffff,H3,2025,10,0.6
88283045bdfffff,H3,2025,11,0.7
88283045bdfffff,H3,2025,12,0.7
88283045bdfffff,H3,2025,13,0.8
88283045bdfffff,H3,2025,14,0.9
88283045bdfffff,H3,2025,15,1.0
88283045bdfffff,H3,2025,16,1.4
88283045bdfffff,H3,2025,17,1.7
88283045bdfffff,H3,2025,18,2.0
88283045bdfffff,H3,2025,19,2.2
88283045bdfffff,H3,2025,20,2.3
88283045bdfffff,H3,2025,21,2.3
88283045bdfffff,H3,2025,22,2.2
88283045bdfffff,H3,2025,23,1.8
88283080c9fffff,H3,2025,0,4.0
88283080c9fffff,H3,2025,1,3.5
88283080c9fffff,H3,2025,2,3.1
88283080c9fffff,H3,2025,3,2.7
88283080c9fffff,H3,2025,4,2.5
88283080c9fffff,H3,2025,5,2.3
88283080c9fffff,H3,2025,6,2.0
88283080c9fffff,H3,2025,7,1.6
88283080c9fffff,H3,2025,8,1.4
88283080c9fffff,H3,2025,9,1.2
88283080c9fffff,H3,2025,10,1.4
88283080c9fffff,H3,2025,11,1.6
88283080c9fffff,H3,2025,12,1.8
88283080c9fffff,H3,2025,13,2.0
88283080c9fffff,H3,2025,14,2.3
88283080c9fffff,H3,2025,15,2.7
88283080c9fffff,H3,2025,16,3.3
88283080c9fffff,H3,2025,17,4.4
88283080c9fffff,H3,2025,18,5.1
88283080c9fffff,H3,2025,19,5.6
88283080c9fffff,H3,2025,20,5.8
88283080c9fffff,H3,2025,21,5.7
88283080c9fffff,H3,2025,22,5.2
88283080c9fffff,H3,2025,23,4.7
8828308101fffff,H3,2025,0,3.1
8828308101fffff,H3,2025,1,2.7
8828308101fffff,H3,2025,2,2.4
8828308101fffff,H3,2025,3,2.2
8828308101fffff,H3,2025,4,1.9
8828308101fffff,H3,2025,5,1.7
8828308101fffff,H3,2025,6,1.6
8828308101fffff,H3,2025,7,1.2
8828308101fffff,H3,2025,8,1.0
8828308101fffff,H3,2025,9,1.0
8828308101fffff,H3,2025,10,1.0
8828308101fffff,H3,2025,11,1.2
8828308101fffff,H3,2025,12,1.5
8828308101fffff,H3,2025,13,1.6
8828308101fffff,H3,2025,14,1.8
8828308101fffff,H3,2025,15,2.0
8828308101fffff,H3,2025,16,2.6
8828308101fffff,H3,2025,17,3.4
8828308101fffff,H3,2025,18,4.0
8828308101fffff,H3,2025,19,4.3
8828308101fffff,H3,2025,20,4.5
8828308101fffff,H3,2025,21,4.4
8828308101fffff,H3,2025,22,4.1
8828308101fffff,H3,2025,23,3.6
8828308109fffff,H3,2025,0,35.9
8828308109fffff,H3,2025,0,2.5
8828308109fffff,H3,2025,1,31.4
8828308109fffff,H3,2025,1,2.3
8828308109fffff,H3,2025,2,27.3
8828308109fffff,H3,2025,2,1.9
8828308109fffff,H3,2025,3,24.5
8828308109fffff,H3,2025,3,1.8
8828308109fffff,H3,2025,4,22.3
8828308109fffff,H3,2025,4,1.6
8828308109fffff,H3,2025,5,20.2
8828308109fffff,H3,2025,5,1.5
8828308109fffff,H3,2025,6,18.1
8828308109fffff,H3,2025,6,1.2
8828308109fffff,H3,2025,7,14.5
8828308109fffff,H3,2025,7,1.0
8828308109fffff,H3,2025,8,12.6
8828308109fffff,H3,2025,8,0.9
8828308109fffff,H3,2025,9,12.3
8828308109fffff,H3,2025,9,0.8
8828308109fffff,H3,2025,10,13.3
8828308109fffff,H3,2025,10,0.9
8828308109fffff,H3,2025,11,15.1
8828308109fffff,H3,2025,11,1.0
8828308109fffff,H3,2025,12,17.5
8828308109fffff,H3,2025,12,1.1
8828308109fffff,H3,2025,13,19.4
8828308109fffff,H3,2025,13,1.2
8828308109fffff,H3,2025,14,21.6
8828308109fffff,H3,2025,14,1.5
8828308109fffff,H3,2025,15,25.1
8828308109fffff,H3,2025,15,1.7
8828308109fffff,H3,2025,16,31.1
8828308109fffff,H3,2025,16,2.2
8828308109fffff,H3,2025,17,40.6
8828308109fffff,H3,2025,17,2.8
8828308109fffff,H3,2025,18,47.5
8828308109fffff,H3,2025,18,3.3
8828308109fffff,H3,2025,19,50.8
8828308109fffff,H3,2025,19,3.5
8828308109fffff,H3,2025,20,52.8
8828308109fffff,H3,2025,20,3.8
8828308109fffff,H3,2025,21,51.6
8828308109fffff,H3,2025,21,3.6
8828308109fffff,H3,2025,22,47.8
8828308109fffff,H3,2025,22,3.4
8828308109fffff,H3,2025,23,42.5
8828308109fffff,H3,2025,23,3.0
88283081a5fffff,H3,2025,0,3.4
88283081a5fffff,H3,2025,1,3.0
88283081a5fffff,H3,2025,2,2.6
88283081a5fffff,H3,2025,3,2.3
88283081a5fffff,H3,2025,4,2.2
88283081a5fffff,H3,2025,5,1.9
88283081a5fffff,H3,2025,6,1.7
88283081a5fffff,H3,2025,7,1.4
88283081a5fffff,H3,2025,8,1.1
88283081a5fffff,H3,2025,9,1.1
88283081a5fffff,H3,2025,10,1.1
88283081a5fffff,H3,2025,11,1.4
88283081a5fffff,H3,2025,12,1.6
88283081a5fffff,H3,2025,13,1.7
88283081a5fffff,H3,2025,14,1.9
88283081a5fffff,H3,2025,15,2.3
88283081a5fffff,H3,2025,16,2.8
88283081a5fffff,H3,2025,17,3.8
88283081a5fffff,H3,2025,18,4.4
88283081a5fffff,H3,2025,19,4.7
88283081a5fffff,H3,2025,20,4.9
88283081a5fffff,H3,2025,21,4.8
88283081a5fffff,H3,2025,22,4.4
88283081a5fffff,H3,2025,23,4.0
8828308283fffff,H3,2025,0,5.0
8828308283fffff,H3,2025,1,4.4
8828308283fffff,H3,2025,2,3.9
8828308283fffff,H3,2025,3,3.4
8828308283fffff,H3,2025,4,3.2
8828308283fffff,H3,2025,5,2.8
8828308283fffff,H3,2025,6,2.5
8828308283fffff,H3,2025,7,2.0
8828308283fffff,H3,2025,8,1.7
8828308283fffff,H3,2025,9,1.6
8828308283fffff,H3,2025,10,1.7
8828308283fffff,H3,2025,11,2.0
8828308283fffff,H3,2025,12,2.3
8828308283fffff,H3,2025,13,2.6
8828308283fffff,H3,2025,14,2.8
8828308283fffff,H3,2025,15,3.4
8828308283fffff,H3,2025,16,4.2
8828308283fffff,H3,2025,17,5.6
8828308283fffff,H3,2025,18,6.5
8828308283fffff,H3,2025,19,7.0
8828308283fffff,H3,2025,20,7.3
8828308283fffff,H3,2025,21,7.2
8828308283fffff,H3,2025,22,6.6
8828308283fffff,H3,2025,23,5.9
88283082b3fffff,H3,2025,0,4.5
88283082b3fffff,H3,2025,1,4.0
88283082b3fffff,H3,2025,2,3.4
88283082b3fffff,H3,2025,3,3.1
88283082b3fffff,H3,2025,4,2.8
88283082b3fffff,H3,2025,5,2.5
88283082b3fffff,H3,2025,6,2.3
88283082b3fffff,H3,2025,7,1.8
88283082b3fffff,H3,2025,8,1.6
88283082b3fffff,H3,2025,9,1.5
88283082b3fffff,H3,2025,10,1.6
88283082b3fffff,H3,2025,11,1.8
88283082b3fffff,H3,2025,12,2.2
88283082b3fffff,H3,2025,13,2.4
88283082b3fffff,H3,2025,14,2.6
88283082b3fffff,H3,2025,15,3.2
88283082b3fffff,H3,2025,16,3.9
88283082b3fffff,H3,2025,17,5.1
88283082b3fffff,H3,2025,18,5.9
88283082b3fffff,H3,2025,19,6.4
88283082b3fffff,H3,2025,20,6.6
88283082b3fffff,H3,2025,21,6.5
88283082b3fffff,H3,2025,22,6.0
88283082b3fffff,H3,2025,23,5.3
8828308747fffff,H3,2025,0,1.9
8828308747fffff,H3,2025,1,1.7
8828308747fffff,H3,2025,2,1.5
8828308747fffff,H3,2025,3,1.2
8828308747fffff,H3,2025,4,1.1
8828308747fffff,H3,2025,5,1.0
8828308747fffff,H3,2025,6,0.9
8828308747fffff,H3,2025,7,0.8
8828308747fffff,H3,2025,8,0.7
8828308747fffff,H3,2025,9,0.6
8828308747fffff,H3,2025,10,0.7
8828308747fffff,H3,2025,11,0.8
8828308747fffff,H3,2025,12,0.9
8828308747fffff,H3,2025,13,1.0
8828308747fffff,H3,2025,14,1.1
8828308747fffff,H3,2025,15,1.2
8828308747fffff,H3,2025,16,1.6
8828308747fffff,H3,2025,17,2.2
8828308747fffff,H3,2025,18,2.5
8828308747fffff,H3,2025,19,2.6
8828308747fffff,H3,2025,20,2.7
8828308747fffff,H3,2025,21,2.7
8828308747fffff,H3,2025,22,2.5
8828308747fffff,H3,2025,23,2.3
8828308a83fffff,H3,2025,0,2.3
8828308a83fffff,H3,2025,1,2.0
8828308a83fffff,H3,2025,2,1.7
8828308a83fffff,H3,2025,3,1.6
8828308a83fffff,H3,2025,4,1.4
8828308a83fffff,H3,2025,5,1.2
8828308a83fffff,H3,2025,6,1.1
8828308a83fffff,H3,2025,7,1.0
8828308a83fffff,H3,2025,8,0.8
8828308a83fffff,H3,2025,9,0.8
8828308a83fffff,H3,2025,10,0.9
8828308a83fffff,H3,2025,11,1.0
8828308a83fffff,H3,2025,12,1.1
8828308a83fffff,H3,2025,13,1.2
8828308a83fffff,H3,2025,14,1.5
8828308a83fffff,H3,2025,15,1.7
8828308a83fffff,H3,2025,16,2.2
8828308a83fffff,H3,2025,17,2.7
8828308a83fffff,H3,2025,18,3.2
8828308a83fffff,H3,2025,19,3.4
8828308a83fffff,H3,2025,20,3.4
8828308a83fffff,H3,2025,21,3.4
8828308a83fffff,H3,2025,22,3.1
8828308a83fffff,H3,2025,23,2.7
8828308f57fffff,H3,2025,0,5.5
8828308f57fffff,H3,2025,1,4.8
8828308f57fffff,H3,2025,2,4.1
8828308f57fffff,H3,2025,3,3.6
8828308f57fffff,H3,2025,4,3.3
8828308f57fffff,H3,2025,5,3.1
8828308f57fffff,H3,2025,6,2.7
8828308f57fffff,H3,2025,7,2.3
8828308f57fffff,H3,2025,8,1.9
8828308f57fffff,H3,2025,9,1.8
8828308f57fffff,H3,2025,10,2.0
8828308f57fffff,H3,2025,11,2.3
8828308f57fffff,H3,2025,12,2.7
8828308f57fffff,H3,2025,13,3.1
8828308f57fffff,H3,2025,14,3.4
8828308f57fffff,H3,2025,15,4.0
8828308f57fffff,H3,2025,16,4.9
8828308f57fffff,H3,2025,17,6.4
8828308f57fffff,H3,2025,18,7.4
8828308f57fffff,H3,2025,19,8.0
8828308f57fffff,H3,2025,20,8.2
8828308f57fffff,H3,2025,21,8.0
8828308f57fffff,H3,2025,22,7.3
8828308f57fffff,H3,2025,23,6.5
88283090d9fffff,H3,2025,0,2.4
88283090d9fffff,H3,2025,1,2.0
88283090d9fffff,H3,2025,2,1.8
88283090d9fffff,H3,2025,3,1.6
88283090d9fffff,H3,2025,4,1.5
88283090d9fffff,H3,2025,5,1.4
88283090d9fffff,H3,2025,6,1.1
88283090d9fffff,H3,2025,7,0.9
88283090d9fffff,H3,2025,8,0.8
88283090d9fffff,H3,2025,9,0.8
88283090d9fffff,H3,2025,10,0.8
88283090d9fffff,H3,2025,11,0.9
88283090d9fffff,H3,2025,12,1.1
88283090d9fffff,H3,2025,13,1.2
88283090d9fffff,H3,2025,14,1.4
88283090d9fffff,H3,2025,15,1.6
88283090d9fffff,H3,2025,16,1.9
88283090d9fffff,H3,2025,17,2.6
88283090d9fffff,H3,2025,18,3.1
88283090d9fffff,H3,2025,19,3.3
88283090d9fffff,H3,2025,20,3.4
88283090d9fffff,H3,2025,21,3.4
88283090d9fffff,H3,2025,22,3.1
88283090d9fffff,H3,2025,23,2.7
88283095b1fffff,H3,2025,0,1.8
88283095b1fffff,H3,2025,1,1.5
88283095b1fffff,H3,2025,2,1.2
88283095b1fffff,H3,2025,3,1.1
88283095b1fffff,H3,2025,4,0.9
88283095b1fffff,H3,2025,5,0.9
88283095b1fffff,H3,2025,6,0.9
88283095b1fffff,H3,2025,7,0.9
88283095b1fffff,H3,2025,8,0.9
88283095b1fffff,H3,2025,9,1.0
88283095b1fffff,H3,2025,10,1.1
88283095b1fffff,H3,2025,11,1.2
88283095b1fffff,H3,2025,12,1.5
88283095b1fffff,H3,2025,13,1.6
88283095b1fffff,H3,2025,14,1.7
88283095b1fffff,H3,2025,15,1.8
88283095b1fffff,H3,2025,16,2.2
88283095b1fffff,H3,2025,17,2.6
88283095b1fffff,H3,2025,18,3.1
88283095b1fffff,H3,2025,19,3.2
88283095b1fffff,H3,2025,20,3.2
88283095b1fffff,H3,2025,21,3.0
88283095b1fffff,H3,2025,22,2.6
88283095b1fffff,H3,2025,23,2.2
88283095b5fffff,H3,2025,0,1.9
88283095b5fffff,H3,2025,1,1.7
88283095b5fffff,H3,2025,2,1.5
88283095b5fffff,H3,2025,3,1.2
88283095b5fffff,H3,2025,4,1.1
88283095b5fffff,H3,2025,5,1.0
88283095b5fffff,H3,2025,6,0.9
88283095b5fffff,H3,2025,7,0.8
88283095b5fffff,H3,2025,8,0.7
88283095b5fffff,H3,2025,9,0.6
88283095b5fffff,H3,2025,10,0.7
88283095b5fffff,H3,2025,11,0.8
88283095b5fffff,H3,2025,12,0.9
88283095b5fffff,H3,2025,13,0.9
88283095b5fffff,H3,2025,14,1.1
88283095b5fffff,H3,2025,15,1.2
88283095b5fffff,H3,2025,16,1.6
88283095b5fffff,H3,2025,17,2.0
88283095b5fffff,H3,2025,18,2.5
88283095b5fffff,H3,2025,19,2.6
88283095b5fffff,H3,2025,20,2.7
88283095b5fffff,H3,2025,21,2.7
88283095b5fffff,H3,2025,22,2.5
88283095b5fffff,H3,2025,23,2.3
8828309833fffff,H3,2025,0,1.9
8828309833fffff,H3,2025,1,1.6
8828309833fffff,H3,2025,2,1.5
8828309833fffff,H3,2025,3,1.2
8828309833fffff,H3,2025,4,1.1
8828309833fffff,H3,2025,5,1.0
8828309833fffff,H3,2025,6,0.9
8828309833fffff,H3,2025,7,0.8
8828309833fffff,H3,2025,8,0.7
8828309833fffff,H3,2025,9,0.6
8828309833fffff,H3,2025,10,0.7
8828309833fffff,H3,2025,11,0.8
8828309833fffff,H3,2025,12,0.9
8828309833fffff,H3,2025,13,0.9
8828309833fffff,H3,2025,14,1.1
8828309833fffff,H3,2025,15,1.2
8828309833fffff,H3,2025,16,1.6
8828309833fffff,H3,2025,17,2.0
8828309833fffff,H3,2025,18,2.4
8828309833fffff,H3,2025,19,2.6
8828309833fffff,H3,2025,20,2.7
8828309833fffff,H3,2025,21,2.7
8828309833fffff,H3,2025,22,2.5
8828309833fffff,H3,2025,23,2.2
8828309899fffff,H3,2025,0,9.8
8828309899fffff,H3,2025,1,8.5
8828309899fffff,H3,2025,2,7.4
8828309899fffff,H3,2025,3,6.7
8828309899fffff,H3,2025,4,6.0
8828309899fffff,H3,2025,5,5.5
8828309899fffff,H3,2025,6,4.9
8828309899fffff,H3,2025,7,3.9
8828309899fffff,H3,2025,8,3.3
8828309899fffff,H3,2025,9,3.2
8828309899fffff,H3,2025,10,3.4
8828309899fffff,H3,2025,11,3.9
8828309899fffff,H3,2025,12,4.5
8828309899fffff,H3,2025,13,5.0
8828309899fffff,H3,2025,14,5.7
8828309899fffff,H3,2025,15,6.6
8828309899fffff,H3,2025,16,8.3
8828309899fffff,H3,2025,17,10.8
8828309899fffff,H3,2025,18,12.7
8828309899fffff,H3,2025,19,13.6
8828309899fffff,H3,2025,20,14.2
8828309899fffff,H3,2025,21,13.9
8828309899fffff,H3,2025,22,12.8
8828309899fffff,H3,2025,23,11.5
882830a2c9fffff,H3,2025,0,2.6
882830a2c9fffff,H3,2025,1,2.3
882830a2c9fffff,H3,2025,2,1.9
882830a2c9fffff,H3,2025,3,1.8
882830a2c9fffff,H3,2025,4,1.6
882830a2c9fffff,H3,2025,5,1.5
882830a2c9fffff,H3,2025,6,1.4
882830a2c9fffff,H3,2025,7,1.0
882830a2c9fffff,H3,2025,8,0.9
882830a2c9fffff,H3,2025,9,0.9
882830a2c9fffff,H3,2025,10,0.9
882830a2c9fffff,H3,2025,11,1.1
882830a2c9fffff,H3,2025,12,1.2
882830a2c9fffff,H3,2025,13,1.5
882830a2c9fffff,H3,2025,14,1.6
882830a2c9fffff,H3,2025,15,1.8
882830a2c9fffff,H3,2025,16,2.4
882830a2c9fffff,H3,2025,17,3.1
882830a2c9fffff,H3,2025,18,3.5
882830a2c9fffff,H3,2025,19,3.8
882830a2c9fffff,H3,2025,20,3.9
882830a2c9fffff,H3,2025,21,3.8
882830a2c9fffff,H3,2025,22,3.5
882830a2c9fffff,H3,2025,23,3.1
882830ad47fffff,H3,2025,0,1.2
882830ad47fffff,H3,2025,1,1.1
882830ad47fffff,H3,2025,2,0.9
882830ad47fffff,H3,2025,3,0.9
882830ad47fffff,H3,2025,4,0.8
882830ad47fffff,H3,2025,5,0.7
882830ad47fffff,H3,2025,6,0.7
882830ad47fffff,H3,2025,7,0.6
882830ad47fffff,H3,2025,8,0.5
882830ad47fffff,H3,2025,9,0.5
882830ad47fffff,H3,2025,10,0.5
882830ad47fffff,H3,2025,11,0.6
882830ad47fffff,H3,2025,12,0.6
882830ad47fffff,H3,2025,13,0.7
882830ad47fffff,H3,2025,14,0.8
882830ad47fffff,H3,2025,15,0.9
882830ad47fffff,H3,2025,16,1.1
882830ad47fffff,H3,2025,17,1.5
882830ad47fffff,H3,2025,18,1.7
882830ad47fffff,H3,2025,19,1.8
882830ad47fffff,H3,2025,20,1.8
882830ad47fffff,H3,2025,21,1.8
882830ad47fffff,H3,2025,22,1.7
882830ad47fffff,H3,2025,23,1.5
882830c419fffff,H3,2025,0,1.5
882830c419fffff,H3,2025,1,1.2
882830c419fffff,H3,2025,2,1.1
882830c419fffff,H3,2025,3,1.0
882830c419fffff,H3,2025,4,0.9
882830c419fffff,H3,2025,5,0.8
882830c419fffff,H3,2025,6,0.7
882830c419fffff,H3,2025,7,0.6
882830c419fffff,H3,2025,8,0.5
882830c419fffff,H3,2025,9,0.5
882830c419fffff,H3,2025,10,0.5
882830c419fffff,H3,2025,11,0.6
882830c419fffff,H3,2025,12,0.7
882830c419fffff,H3,2025,13,0.8
882830c419fffff,H3,2025,14,0.8
882830c419fffff,H3,2025,15,0.9
882830c419fffff,H3,2025,16,1.2
882830c419fffff,H3,2025,17,1.6
882830c419fffff,H3,2025,18,1.8
882830c419fffff,H3,2025,19,2.0
882830c419fffff,H3,2025,20,2.0
882830c419fffff,H3,2025,21,2.0
882830c419fffff,H3,2025,22,1.9
882830c419fffff,H3,2025,23,1.7
882830c453fffff,H3,2025,0,4.4
882830c453fffff,H3,2025,1,3.9
882830c453fffff,H3,2025,2,3.4
882830c453fffff,H3,2025,3,3.1
882830c453fffff,H3,2025,4,2.8
882830c453fffff,H3,2025,5,2.5
882830c453fffff,H3,2025,6,2.3
882830c453fffff,H3,2025,7,1.8
882830c453fffff,H3,2025,8,1.5
882830c453fffff,H3,2025,9,1.5
882830c453fffff,H3,2025,10,1.6
882830c453fffff,H3,2025,11,1.8
882830c453fffff,H3,2025,12,2.0
882830c453fffff,H3,2025,13,2.3
882830c453fffff,H3,2025,14,2.5
882830c453fffff,H3,2025,15,3.0
882830c453fffff,H3,2025,16,3.8
882830c453fffff,H3,2025,17,4.9
882830c453fffff,H3,2025,18,5.8
882830c453fffff,H3,2025,19,6.2
882830c453fffff,H3,2025,20,6.5
882830c453fffff,H3,2025,21,6.4
882830c453fffff,H3,2025,22,5.9
882830c453fffff,H3,2025,23,5.2
882830d111fffff,H3,2025,0,4.2
882830d111fffff,H3,2025,1,3.8
882830d111fffff,H3,2025,2,3.3
882830d111fffff,H3,2025,3,3.0
882830d111fffff,H3,2025,4,2.6
882830d111fffff,H3,2025,5,2.4
882830d111fffff,H3,2025,6,2.2
882830d111fffff,H3,2025,7,1.7
882830d111fffff,H3,2025,8,1.4
882830d111fffff,H3,2025,9,1.4
882830d111fffff,H3,2025,10,1.5
882830d111fffff,H3,2025,11,1.7
882830d111fffff,H3,2025,12,1.9
882830d111fffff,H3,2025,13,2.2
882830d111fffff,H3,2025,14,2.4
882830d111fffff,H3,2025,15,2.8
882830d111fffff,H3,2025,16,3.5
882830d111fffff,H3,2025,17,4.7
882830d111fffff,H3,2025,18,5.5
882830d111fffff,H3,2025,19,5.9
882830d111fffff,H3,2025,20,6.1
882830d111fffff,H3,2025,21,6.0
882830d111fffff,H3,2025,22,5.6
882830d111fffff,H3,2025,23,5.0
882830d2ddfffff,H3,2025,0,2.7
882830d2ddfffff,H3,2025,1,2.4
882830d2ddfffff,H3,2025,2,2.2
882830d2ddfffff,H3,2025,3,1.9
882830d2ddfffff,H3,2025,4,1.7
882830d2ddfffff,H3,2025,5,1.6
882830d2ddfffff,H3,2025,6,1.4
882830d2ddfffff,H3,2025,7,1.1
882830d2ddfffff,H3,2025,8,1.0
882830d2ddfffff,H3,2025,9,0.9
882830d2ddfffff,H3,2025,10,1.0
882830d2ddfffff,H3,2025,11,1.1
882830d2ddfffff,H3,2025,12,1.4
882830d2ddfffff,H3,2025,13,1.5
882830d2ddfffff,H3,2025,14,1.7
882830d2ddfffff,H3,2025,15,2.0
882830d2ddfffff,H3,2025,16,2.5
882830d2ddfffff,H3,2025,17,3.2
882830d2ddfffff,H3,2025,18,3.8
882830d2ddfffff,H3,2025,19,4.0
882830d2ddfffff,H3,2025,20,4.1
882830d2ddfffff,H3,2025,21,4.0
882830d2ddfffff,H3,2025,22,3.8
882830d2ddfffff,H3,2025,23,3.3
8828316f65fffff,H3,2025,0,1.6
8828316f65fffff,H3,2025,1,1.4
8828316f65fffff,H3,2025,2,1.2
8828316f65fffff,H3,2025,3,1.0
8828316f65fffff,H3,2025,4,0.9
8828316f65fffff,H3,2025,5,0.9
8828316f65fffff,H3,2025,6,0.8
8828316f65fffff,H3,2025,7,0.7
8828316f65fffff,H3,2025,8,0.7
8828316f65fffff,H3,2025,9,0.7
8828316f65fffff,H3,2025,10,0.7
8828316f65fffff,H3,2025,11,0.8
8828316f65fffff,H3,2025,12,0.9
8828316f65fffff,H3,2025,13,1.0
8828316f65fffff,H3,2025,14,1.0
8828316f65fffff,H3,2025,15,1.2
8828316f65fffff,H3,2025,16,1.5
8828316f65fffff,H3,2025,17,1.9
8828316f65fffff,H3,2025,18,2.3
8828316f65fffff,H3,2025,19,2.5
8828316f65fffff,H3,2025,20,2.6
8828316f65fffff,H3,2025,21,2.5
8828316f65fffff,H3,2025,22,2.3
8828316f65fffff,H3,2025,23,1.9
88283212ebfffff,H3,2025,0,1.4
88283212ebfffff,H3,2025,1,1.1
88283212ebfffff,H3,2025,2,1.0
88283212ebfffff,H3,2025,3,0.9
88283212ebfffff,H3,2025,4,0.8
88283212ebfffff,H3,2025,5,0.8
88283212ebfffff,H3,2025,6,0.7
88283212ebfffff,H3,2025,7,0.6
88283212ebfffff,H3,2025,8,0.5
88283212ebfffff,H3,2025,9,0.5
88283212ebfffff,H3,2025,10,0.5
88283212ebfffff,H3,2025,11,0.6
88283212ebfffff,H3,2025,12,0.7
88283212ebfffff,H3,2025,13,0.7
88283212ebfffff,H3,2025,14,0.8
88283212ebfffff,H3,2025,15,0.9
88283212ebfffff,H3,2025,16,1.1
88283212ebfffff,H3,2025,17,1.5
88283212ebfffff,H3,2025,18,1.7
88283212ebfffff,H3,2025,19,1.8
88283212ebfffff,H3,2025,20,1.9
88283212ebfffff,H3,2025,21,1.9
88283212ebfffff,H3,2025,22,1.8
88283212ebfffff,H3,2025,23,1.6
882832175bfffff,H3,2025,0,2.0
882832175bfffff,H3,2025,1,1.7
882832175bfffff,H3,2025,2,1.5
882832175bfffff,H3,2025,3,1.4
882832175bfffff,H3,2025,4,1.2
882832175bfffff,H3,2025,5,1.1
882832175bfffff,H3,2025,6,1.0
882832175bfffff,H3,2025,7,0.8
882832175bfffff,H3,2025,8,0.7
882832175bfffff,H3,2025,9,0.7
882832175bfffff,H3,2025,10,0.7
882832175bfffff,H3,2025,11,0.8
882832175bfffff,H3,2025,12,0.9
882832175bfffff,H3,2025,13,1.0
882832175bfffff,H3,2025,14,1.1
882832175bfffff,H3,2025,15,1.4
882832175bfffff,H3,2025,16,1.7
882832175bfffff,H3,2025,17,2.2
882832175bfffff,H3,2025,18,2.6
882832175bfffff,H3,2025,19,2.7
882832175bfffff,H3,2025,20,2.8
882832175bfffff,H3,2025,21,2.8
882832175bfffff,H3,2025,22,2.6
882832175bfffff,H3,2025,23,2.4
8828321b15fffff,H3,2025,0,12.0
8828321b15fffff,H3,2025,1,10.5
8828321b15fffff,H3,2025,2,9.1
8828321b15fffff,H3,2025,3,8.1
8828321b15fffff,H3,2025,4,7.4
8828321b15fffff,H3,2025,5,6.7
8828321b15fffff,H3,2025,6,6.1
8828321b15fffff,H3,2025,7,5.0
8828321b15fffff,H3,2025,8,4.3
8828321b15fffff,H3,2025,9,4.1
8828321b15fffff,H3,2025,10,4.4
8828321b15fffff,H3,2025,11,5.1
8828321b15fffff,H3,2025,12,5.9
8828321b15fffff,H3,2025,13,6.7
8828321b15fffff,H3,2025,14,7.4
8828321b15fffff,H3,2025,15,8.8
8828321b15fffff,H3,2025,16,10.9
8828321b15fffff,H3,2025,17,14.1
8828321b15fffff,H3,2025,18,16.4
8828321b15fffff,H3,2025,19,17.5
8828321b15fffff,H3,2025,20,18.0
8828321b15fffff,H3,2025,21,17.5
8828321b15fffff,H3,2025,22,16.1
8828321b15fffff,H3,2025,23,14.2
8828322039fffff,H3,2025,0,9.2
8828322039fffff,H3,2025,1,8.1
8828322039fffff,H3,2025,2,6.9
8828322039fffff,H3,2025,3,6.2
8828322039fffff,H3,2025,4,5.7
8828322039fffff,H3,2025,5,5.1
8828322039fffff,H3,2025,6,4.7
8828322039fffff,H3,2025,7,3.9
8828322039fffff,H3,2025,8,3.3
8828322039fffff,H3,2025,9,3.2
8828322039fffff,H3,2025,10,3.4
8828322039fffff,H3,2025,11,4.0
8828322039fffff,H3,2025,12,4.5
8828322039fffff,H3,2025,13,5.1
8828322039fffff,H3,2025,14,5.7
8828322039fffff,H3,2025,15,6.7
8828322039fffff,H3,2025,16,8.4
8828322039fffff,H3,2025,17,10.8
8828322039fffff,H3,2025,18,12.6
8828322039fffff,H3,2025,19,13.4
8828322039fffff,H3,2025,20,13.9
8828322039fffff,H3,2025,21,13.4
8828322039fffff,H3,2025,22,12.4
8828322039fffff,H3,2025,23,10.9
88283284bbfffff,H3,2025,0,1.5
88283284bbfffff,H3,2025,1,1.2
88283284bbfffff,H3,2025,2,1.1
88283284bbfffff,H3,2025,3,1.0
88283284bbfffff,H3,2025,4,0.9
88283284bbfffff,H3,2025,5,0.8
88283284bbfffff,H3,2025,6,0.8
88283284bbfffff,H3,2025,7,0.6
88283284bbfffff,H3,2025,8,0.6
88283284bbfffff,H3,2025,9,0.5
88283284bbfffff,H3,2025,10,0.6
88283284bbfffff,H3,2025,11,0.6
88283284bbfffff,H3,2025,12,0.7
88283284bbfffff,H3,2025,13,0.8
88283284bbfffff,H3,2025,14,0.9
88283284bbfffff,H3,2025,15,1.0
88283284bbfffff,H3,2025,16,1.2
88283284bbfffff,H3,2025,17,1.7
88283284bbfffff,H3,2025,18,1.9
88283284bbfffff,H3,2025,19,2.0
88283284bbfffff,H3,2025,20,2.2
88283284bbfffff,H3,2025,21,2.2
88283284bbfffff,H3,2025,22,1.9
88283284bbfffff,H3,2025,23,1.7
88283285a3fffff,H3,2025,0,2.3
88283285a3fffff,H3,2025,1,2.0
88283285a3fffff,H3,2025,2,1.7
88283285a3fffff,H3,2025,3,1.6
88283285a3fffff,H3,2025,4,1.4
88283285a3fffff,H3,2025,5,1.2
88283285a3fffff,H3,2025,6,1.1
88283285a3fffff,H3,2025,7,0.9
88283285a3fffff,H3,2025,8,0.8
88283285a3fffff,H3,2025,9,0.8
88283285a3fffff,H3,2025,10,0.8
88283285a3fffff,H3,2025,11,0.9
88283285a3fffff,H3,2025,12,1.1
88283285a3fffff,H3,2025,13,1.2
88283285a3fffff,H3,2025,14,1.4
88283285a3fffff,H3,2025,15,1.6
88283285a3fffff,H3,2025,16,2.0
88283285a3fffff,H3,2025,17,2.6
88283285a3fffff,H3,2025,18,3.1
88283285a3fffff,H3,2025,19,3.3
88283285a3fffff,H3,2025,20,3.4
88283285a3fffff,H3,2025,21,3.3
88283285a3fffff,H3,2025,22,3.1
88283285a3fffff,H3,2025,23,2.7
88283285b7fffff,H3,2025,0,2.3
88283285b7fffff,H3,2025,1,2.0
88283285b7fffff,H3,2025,2,1.8
88283285b7fffff,H3,2025,3,1.6
88283285b7fffff,H3,2025,4,1.5
88283285b7fffff,H3,2025,5,1.4
88283285b7fffff,H3,2025,6,1.1
88283285b7fffff,H3,2025,7,0.9
88283285b7fffff,H3,2025,8,0.8
88283285b7fffff,H3,2025,9,0.8
88283285b7fffff,H3,2025,10,0.8
88283285b7fffff,H3,2025,11,0.9
88283285b7fffff,H3,2025,12,1.0
88283285b7fffff,H3,2025,13,1.2
88283285b7fffff,H3,2025,14,1.4
88283285b7fffff,H3,2025,15,1.6
88283285b7fffff,H3,2025,16,1.9
88283285b7fffff,H3,2025,17,2.5
88283285b7fffff,H3,2025,18,3.0
88283285b7fffff,H3,2025,19,3.3
88283285b7fffff,H3,2025,20,3.4
88283285b7fffff,H3,2025,21,3.3
88283285b7fffff,H3,2025,22,3.1
88283285b7fffff,H3,2025,23,2.7
8828328cdbfffff,H3,2025,0,4.4
8828328cdbfffff,H3,2025,1,3.9
8828328cdbfffff,H3,2025,2,3.4
8828328cdbfffff,H3,2025,3,3.1
8828328cdbfffff,H3,2025,4,2.7
8828328cdbfffff,H3,2025,5,2.5
8828328cdbfffff,H3,2025,6,2.2
8828328cdbfffff,H3,2025,7,1.8
8828328cdbfffff,H3,2025,8,1.5
8828328cdbfffff,H3,2025,9,1.5
8828328cdbfffff,H3,2025,10,1.6
8828328cdbfffff,H3,2025,11,1.8
8828328cdbfffff,H3,2025,12,2.0
8828328cdbfffff,H3,2025,13,2.3
8828328cdbfffff,H3,2025,14,2.5
8828328cdbfffff,H3,2025,15,3.0
8828328cdbfffff,H3,2025,16,3.8
8828328cdbfffff,H3,2025,17,4.9
8828328cdbfffff,H3,2025,18,5.7
8828328cdbfffff,H3,2025,19,6.1
8828328cdbfffff,H3,2025,20,6.5
8828328cdbfffff,H3,2025,21,6.2
8828328cdbfffff,H3,2025,22,5.9
8828328cdbfffff,H3,2025,23,5.2
882832ab01fffff,H3,2025,0,2.5
882832ab01fffff,H3,2025,1,2.3
882832ab01fffff,H3,2025,2,1.9
882832ab01fffff,H3,2025,3,1.8
882832ab01fffff,H3,2025,4,1.6
882832ab01fffff,H3,2025,5,1.5
882832ab01fffff,H3,2025,6,1.2
882832ab01fffff,H3,2025,7,1.0
882832ab01fffff,H3,2025,8,0.9
882832ab01fffff,H3,2025,9,0.8
882832ab01fffff,H3,2025,10,0.9
882832ab01fffff,H3,2025,11,1.0
882832ab01fffff,H3,2025,12,1.1
882832ab01fffff,H3,2025,13,1.2
882832ab01fffff,H3,2025,14,1.5
882832ab01fffff,H3,2025,15,1.7
882832ab01fffff,H3,2025,16,2.2
882832ab01fffff,H3,2025,17,2.8
882832ab01fffff,H3,2025,18,3.3
882832ab01fffff,H3,2025,19,3.5
882832ab01fffff,H3,2025,20,3.8
882832ab01fffff,H3,2025,21,3.6
882832ab01fffff,H3,2025,22,3.4
882832ab01fffff,H3,2025,23,3.0
882832ab6bfffff,H3,2025,0,1.2
882832ab6bfffff,H3,2025,1,1.1
882832ab6bfffff,H3,2025,2,0.9
882832ab6bfffff,H3,2025,3,0.9
882832ab6bfffff,H3,2025,4,0.8
882832ab6bfffff,H3,2025,5,0.7
882832ab6bfffff,H3,2025,6,0.7
882832ab6bfffff,H3,2025,7,0.5
882832ab6bfffff,H3,2025,8,0.5
882832ab6bfffff,H3,2025,9,0.5
882832ab6bfffff,H3,2025,10,0.5
882832ab6bfffff,H3,2025,11,0.5
882832ab6bfffff,H3,2025,12,0.6
882832ab6bfffff,H3,2025,13,0.7
882832ab6bfffff,H3,2025,14,0.7
882832ab6bfffff,H3,2025,15,0.9
882832ab6bfffff,H3,2025,16,1.0
882832ab6bfffff,H3,2025,17,1.4
882832ab6bfffff,H3,2025,18,1.6
882832ab6bfffff,H3,2025,19,1.7
882832ab6bfffff,H3,2025,20,1.8
882832ab6bfffff,H3,2025,21,1.8
882832ab6bfffff,H3,2025,22,1.7
882832ab6bfffff,H3,2025,23,1.5
882832b027fffff,H3,2025,0,6.2
882832b027fffff,H3,2025,1,5.5
882832b027fffff,H3,2025,2,4.8
882832b027fffff,H3,2025,3,4.3
882832b027fffff,H3,2025,4,3.9
882832b027fffff,H3,2025,5,3.5
882832b027fffff,H3,2025,6,3.1
882832b027fffff,H3,2025,7,2.5
882832b027fffff,H3,2025,8,2.0
882832b027fffff,H3,2025,9,2.0
882832b027fffff,H3,2025,10,2.2
882832b027fffff,H3,2025,11,2.5
882832b027fffff,H3,2025,12,2.8
882832b027fffff,H3,2025,13,3.2
882832b027fffff,H3,2025,14,3.5
882832b027fffff,H3,2025,15,4.2
882832b027fffff,H3,2025,16,5.2
882832b027fffff,H3,2025,17,6.8
882832b027fffff,H3,2025,18,8.1
882832b027fffff,H3,2025,19,8.6
882832b027fffff,H3,2025,20,9.0
882832b027fffff,H3,2025,21,8.9
882832b027fffff,H3,2025,22,8.2
882832b027fffff,H3,2025,23,7.3
882832b105fffff,H3,2025,0,3.5
882832b105fffff,H3,2025,1,3.2
882832b105fffff,H3,2025,2,2.7
882832b105fffff,H3,2025,3,2.5
882832b105fffff,H3,2025,4,2.2
882832b105fffff,H3,2025,5,2.0
882832b105fffff,H3,2025,6,1.8
882832b105fffff,H3,2025,7,1.5
882832b105fffff,H3,2025,8,1.2
882832b105fffff,H3,2025,9,1.1
882832b105fffff,H3,2025,10,1.2
882832b105fffff,H3,2025,11,1.5
882832b105fffff,H3,2025,12,1.7
882832b105fffff,H3,2025,13,1.8
882832b105fffff,H3,2025,14,2.0
882832b105fffff,H3,2025,15,2.4
882832b105fffff,H3,2025,16,3.1
882832b105fffff,H3,2025,17,4.0
882832b105fffff,H3,2025,18,4.7
882832b105fffff,H3,2025,19,5.0
882832b105fffff,H3,2025,20,5.2
882832b105fffff,H3,2025,21,5.1
882832b105fffff,H3,2025,22,4.8
882832b105fffff,H3,2025,23,4.2
882832b125fffff,H3,2025,0,9.0
882832b125fffff,H3,2025,1,8.0
882832b125fffff,H3,2025,2,6.9
882832b125fffff,H3,2025,3,6.2
882832b125fffff,H3,2025,4,5.6
882832b125fffff,H3,2025,5,5.1
882832b125fffff,H3,2025,6,4.5
882832b125fffff,H3,2025,7,3.6
882832b125fffff,H3,2025,8,3.1
882832b125fffff,H3,2025,9,3.0
882832b125fffff,H3,2025,10,3.2
882832b125fffff,H3,2025,11,3.6
882832b125fffff,H3,2025,12,4.2
882832b125fffff,H3,2025,13,4.7
882832b125fffff,H3,2025,14,5.2
882832b125fffff,H3,2025,15,6.1
882832b125fffff,H3,2025,16,7.6
882832b125fffff,H3,2025,17,10.0
882832b125fffff,H3,2025,18,11.7
882832b125fffff,H3,2025,19,12.6
882832b125fffff,H3,2025,20,13.1
882832b125fffff,H3,2025,21,12.8
882832b125fffff,H3,2025,22,11.9
882832b125fffff,H3,2025,23,10.6
882832b1b5fffff,H3,2025,0,1.4
882832b1b5fffff,H3,2025,1,1.1
882832b1b5fffff,H3,2025,2,1.0
882832b1b5fffff,H3,2025,3,0.9
882832b1b5fffff,H3,2025,4,0.8
882832b1b5fffff,H3,2025,5,0.8
882832b1b5fffff,H3,2025,6,0.7
882832b1b5fffff,H3,2025,7,0.6
882832b1b5fffff,H3,2025,8,0.5
882832b1b5fffff,H3,2025,9,0.5
882832b1b5fffff,H3,2025,10,0.5
882832b1b5fffff,H3,2025,11,0.6
882832b1b5fffff,H3,2025,12,0.6
882832b1b5fffff,H3,2025,13,0.7
882832b1b5fffff,H3,2025,14,0.8
882832b1b5fffff,H3,2025,15,0.9
882832b1b5fffff,H3,2025,16,1.1
882832b1b5fffff,H3,2025,17,1.5
882832b1b5fffff,H3,2025,18,1.7
882832b1b5fffff,H3,2025,19,1.8
882832b1b5fffff,H3,2025,20,1.9
882832b1b5fffff,H3,2025,21,1.9
882832b1b5fffff,H3,2025,22,1.8
882832b1b5fffff,H3,2025,23,1.6
882832b1b7fffff,H3,2025,0,167.3
882832b1b7fffff,H3,2025,1,146.6
882832b1b7fffff,H3,2025,2,128.0
882832b1b7fffff,H3,2025,3,115.2
882832b1b7fffff,H3,2025,4,104.3
882832b1b7fffff,H3,2025,5,94.7
882832b1b7fffff,H3,2025,6,83.8
882832b1b7fffff,H3,2025,7,66.7
882832b1b7fffff,H3,2025,8,55.9
882832b1b7fffff,H3,2025,9,53.9
882832b1b7fffff,H3,2025,10,58.2
882832b1b7fffff,H3,2025,11,66.6
882832b1b7fffff,H3,2025,12,76.9
882832b1b7fffff,H3,2025,13,85.6
882832b1b7fffff,H3,2025,14,95.9
882832b1b7fffff,H3,2025,15,112.6
882832b1b7fffff,H3,2025,16,140.3
882832b1b7fffff,H3,2025,17,184.1
882832b1b7fffff,H3,2025,18,216.2
882832b1b7fffff,H3,2025,19,232.6
882832b1b7fffff,H3,2025,20,242.7
882832b1b7fffff,H3,2025,21,237.7
882832b1b7fffff,H3,2025,22,221.0
882832b1b7fffff,H3,2025,23,197.2
882832b1bbfffff,H3,2025,0,6.1
882832b1bbfffff,H3,2025,1,5.3
882832b1bbfffff,H3,2025,2,4.7
882832b1bbfffff,H3,2025,3,4.2
882832b1bbfffff,H3,2025,4,3.8
882832b1bbfffff,H3,2025,5,3.4
882832b1bbfffff,H3,2025,6,3.1
882832b1bbfffff,H3,2025,7,2.5
882832b1bbfffff,H3,2025,8,2.0
882832b1bbfffff,H3,2025,9,2.0
882832b1bbfffff,H3,2025,10,2.2
882832b1bbfffff,H3,2025,11,2.5
882832b1bbfffff,H3,2025,12,2.8
882832b1bbfffff,H3,2025,13,3.2
882832b1bbfffff,H3,2025,14,3.5
882832b1bbfffff,H3,2025,15,4.2
882832b1bbfffff,H3,2025,16,5.2
882832b1bbfffff,H3,2025,17,6.8
882832b1bbfffff,H3,2025,18,8.0
882832b1bbfffff,H3,2025,19,8.5
882832b1bbfffff,H3,2025,20,8.9
882832b1bbfffff,H3,2025,21,8.8
882832b1bbfffff,H3,2025,22,8.1
882832b1bbfffff,H3,2025,23,7.2
882832b647fffff,H3,2025,0,2.3
882832b647fffff,H3,2025,1,2.0
882832b647fffff,H3,2025,2,1.8
882832b647fffff,H3,2025,3,1.6
882832b647fffff,H3,2025,4,1.5
882832b647fffff,H3,2025,5,1.4
882832b647fffff,H3,2025,6,1.1
882832b647fffff,H3,2025,7,0.9
882832b647fffff,H3,2025,8,0.8
882832b647fffff,H3,2025,9,0.8
882832b647fffff,H3,2025,10,0.8
882832b647fffff,H3,2025,11,0.9
882832b647fffff,H3,2025,12,1.0
882832b647fffff,H3,2025,13,1.2
882832b647fffff,H3,2025,14,1.4
882832b647fffff,H3,2025,15,1.6
882832b647fffff,H3,2025,16,1.9
882832b647fffff,H3,2025,17,2.6
882832b647fffff,H3,2025,18,3.0
882832b647fffff,H3,2025,19,3.3
882832b647fffff,H3,2025,20,3.4
882832b647fffff,H3,2025,21,3.3
882832b647fffff,H3,2025,22,3.1
882832b647fffff,H3,2025,23,2.7
882832b65dfffff,H3,2025,0,1.2
882832b65dfffff,H3,2025,1,1.0
882832b65dfffff,H3,2025,2,0.9
882832b65dfffff,H3,2025,3,0.8
882832b65dfffff,H3,2025,4,0.8
882832b65dfffff,H3,2025,5,0.7
882832b65dfffff,H3,2025,6,0.6
882832b65dfffff,H3,2025,7,0.5
882832b65dfffff,H3,2025,8,0.5
882832b65dfffff,H3,2025,9,0.3
882832b65dfffff,H3,2025,10,0.5
882832b65dfffff,H3,2025,11,0.5
882832b65dfffff,H3,2025,12,0.6
882832b65dfffff,H3,2025,13,0.7
882832b65dfffff,H3,2025,14,0.7
882832b65dfffff,H3,2025,15,0.8
882832b65dfffff,H3,2025,16,1.0
882832b65dfffff,H3,2025,17,1.4
882832b65dfffff,H3,2025,18,1.6
882832b65dfffff,H3,2025,19,1.7
882832b65dfffff,H3,2025,20,1.8
882832b65dfffff,H3,2025,21,1.7
882832b65dfffff,H3,2025,22,1.6
882832b65dfffff,H3,2025,23,1.5
882832b813fffff,H3,2025,0,1.4
882832b813fffff,H3,2025,1,1.2
882832b813fffff,H3,2025,2,1.0
882832b813fffff,H3,2025,3,0.9
882832b813fffff,H3,2025,4,0.9
882832b813fffff,H3,2025,5,0.8
882832b813fffff,H3,2025,6,0.7
882832b813fffff,H3,2025,7,0.6
882832b813fffff,H3,2025,8,0.5
882832b813fffff,H3,2025,9,0.5
882832b813fffff,H3,2025,10,0.5
882832b813fffff,H3,2025,11,0.6
882832b813fffff,H3,2025,12,0.7
882832b813fffff,H3,2025,13,0.8
882832b813fffff,H3,2025,14,0.8
882832b813fffff,H3,2025,15,0.9
882832b813fffff,H3,2025,16,1.2
882832b813fffff,H3,2025,17,1.6
882832b813fffff,H3,2025,18,1.8
882832b813fffff,H3,2025,19,1.9
882832b813fffff,H3,2025,20,2.0
882832b813fffff,H3,2025,21,2.0
882832b813fffff,H3,2025,22,1.8
882832b813fffff,H3,2025,23,1.7
8828337297fffff,H3,2025,0,5.3
8828337297fffff,H3,2025,1,4.7
8828337297fffff,H3,2025,2,4.1
8828337297fffff,H3,2025,3,3.6
8828337297fffff,H3,2025,4,3.3
8828337297fffff,H3,2025,5,3.0
8828337297fffff,H3,2025,6,2.7
8828337297fffff,H3,2025,7,2.2
8828337297fffff,H3,2025,8,1.8
8828337297fffff,H3,2025,9,1.7
8828337297fffff,H3,2025,10,1.9
8828337297fffff,H3,2025,11,2.2
8828337297fffff,H3,2025,12,2.5
8828337297fffff,H3,2025,13,2.8
8828337297fffff,H3,2025,14,3.1
8828337297fffff,H3,2025,15,3.6
8828337297fffff,H3,2025,16,4.5
8828337297fffff,H3,2025,17,5.9
8828337297fffff,H3,2025,18,6.9
8828337297fffff,H3,2025,19,7.5
8828337297fffff,H3,2025,20,7.7
8828337297fffff,H3,2025,21,7.6
8828337297fffff,H3,2025,22,7.0
8828337297fffff,H3,2025,23,6.2
8828347093fffff,H3,2025,0,13.0
8828347093fffff,H3,2025,1,11.4
8828347093fffff,H3,2025,2,10.0
8828347093fffff,H3,2025,3,9.0
8828347093fffff,H3,2025,4,8.1
8828347093fffff,H3,2025,5,7.4
8828347093fffff,H3,2025,6,6.5
8828347093fffff,H3,2025,7,5.2
8828347093fffff,H3,2025,8,4.3
8828347093fffff,H3,2025,9,4.2
8828347093fffff,H3,2025,10,4.5
8828347093fffff,H3,2025,11,5.2
8828347093fffff,H3,2025,12,6.0
8828347093fffff,H3,2025,13,6.7
8828347093fffff,H3,2025,14,7.5
8828347093fffff,H3,2025,15,8.8
8828347093fffff,H3,2025,16,10.9
8828347093fffff,H3,2025,17,14.3
8828347093fffff,H3,2025,18,16.8
8828347093fffff,H3,2025,19,18.1
8828347093fffff,H3,2025,20,18.9
8828347093fffff,H3,2025,21,18.5
8828347093fffff,H3,2025,22,17.2
8828347093fffff,H3,2025,23,15.3
88283474e3fffff,H3,2025,0,3.9
88283474e3fffff,H3,2025,1,3.3
88283474e3fffff,H3,2025,2,2.8
88283474e3fffff,H3,2025,3,2.6
88283474e3fffff,H3,2025,4,2.3
88283474e3fffff,H3,2025,5,2.2
88283474e3fffff,H3,2025,6,2.0
88283474e3fffff,H3,2025,7,1.8
88283474e3fffff,H3,2025,8,1.7
88283474e3fffff,H3,2025,9,1.7
88283474e3fffff,H3,2025,10,1.8
88283474e3fffff,H3,2025,11,2.2
88283474e3fffff,H3,2025,12,2.4
88283474e3fffff,H3,2025,13,2.7
88283474e3fffff,H3,2025,14,2.8
88283474e3fffff,H3,2025,15,3.3
88283474e3fffff,H3,2025,16,4.0
88283474e3fffff,H3,2025,17,5.0
88283474e3fffff,H3,2025,18,5.8
88283474e3fffff,H3,2025,19,6.0
88283474e3fffff,H3,2025,20,6.1
88283474e3fffff,H3,2025,21,5.9
88283474e3fffff,H3,2025,22,5.5
88283474e3fffff,H3,2025,23,4.8
882834755dfffff,H3,2025,0,1.8
882834755dfffff,H3,2025,1,1.6
882834755dfffff,H3,2025,2,1.4
882834755dfffff,H3,2025,3,1.2
882834755dfffff,H3,2025,4,1.1
882834755dfffff,H3,2025,5,1.0
882834755dfffff,H3,2025,6,0.9
882834755dfffff,H3,2025,7,0.7
882834755dfffff,H3,2025,8,0.6
882834755dfffff,H3,2025,9,0.6
882834755dfffff,H3,2025,10,0.7
882834755dfffff,H3,2025,11,0.7
882834755dfffff,H3,2025,12,0.8
882834755dfffff,H3,2025,13,0.9
882834755dfffff,H3,2025,14,1.0
882834755dfffff,H3,2025,15,1.2
882834755dfffff,H3,2025,16,1.5
882834755dfffff,H3,2025,17,2.0
882834755dfffff,H3,2025,18,2.4
882834755dfffff,H3,2025,19,2.5
882834755dfffff,H3,2025,20,2.6
882834755dfffff,H3,2025,21,2.6
882834755dfffff,H3,2025,22,2.4
882834755dfffff,H3,2025,23,2.2
882834759bfffff,H3,2025,0,8.8
882834759bfffff,H3,2025,1,7.6
882834759bfffff,H3,2025,2,6.6
882834759bfffff,H3,2025,3,5.9
882834759bfffff,H3,2025,4,5.3
882834759bfffff,H3,2025,5,4.9
882834759bfffff,H3,2025,6,4.4
882834759bfffff,H3,2025,7,3.6
882834759bfffff,H3,2025,8,3.2
882834759bfffff,H3,2025,9,3.2
882834759bfffff,H3,2025,10,3.4
882834759bfffff,H3,2025,11,3.9
882834759bfffff,H3,2025,12,4.5
882834759bfffff,H3,2025,13,5.0
882834759bfffff,H3,2025,14,5.6
882834759bfffff,H3,2025,15,6.5
882834759bfffff,H3,2025,16,8.0
882834759bfffff,H3,2025,17,10.3
882834759bfffff,H3,2025,18,12.0
882834759bfffff,H3,2025,19,12.7
882834759bfffff,H3,2025,20,13.2
882834759bfffff,H3,2025,21,12.7
882834759bfffff,H3,2025,22,11.8
882834759bfffff,H3,2025,23,10.5
8828364d49fffff,H3,2025,0,2.4
8828364d49fffff,H3,2025,1,2.2
8828364d49fffff,H3,2025,2,1.8
8828364d49fffff,H3,2025,3,1.6
8828364d49fffff,H3,2025,4,1.5
8828364d49fffff,H3,2025,5,1.4
8828364d49fffff,H3,2025,6,1.2
8828364d49fffff,H3,2025,7,0.9
8828364d49fffff,H3,2025,8,0.8
8828364d49fffff,H3,2025,9,0.8
8828364d49fffff,H3,2025,10,0.8
8828364d49fffff,H3,2025,11,0.9
8828364d49fffff,H3,2025,12,1.1
8828364d49fffff,H3,2025,13,1.2
8828364d49fffff,H3,2025,14,1.4
8828364d49fffff,H3,2025,15,1.6
8828364d49fffff,H3,2025,16,2.0
8828364d49fffff,H3,2025,17,2.7
8828364d49fffff,H3,2025,18,3.2
8828364d49fffff,H3,2025,19,3.4
8828364d49fffff,H3,2025,20,3.5
8828364d49fffff,H3,2025,21,3.4
8828364d49fffff,H3,2025,22,3.2
8828364d49fffff,H3,2025,23,2.8
882836b26bfffff,H3,2025,0,25.0
882836b26bfffff,H3,2025,1,21.8
882836b26bfffff,H3,2025,2,18.9
882836b26bfffff,H3,2025,3,16.9
882836b26bfffff,H3,2025,4,15.3
882836b26bfffff,H3,2025,5,14.0
882836b26bfffff,H3,2025,6,12.7
882836b26bfffff,H3,2025,7,10.5
882836b26bfffff,H3,2025,8,8.9
882836b26bfffff,H3,2025,9,8.5
882836b26bfffff,H3,2025,10,9.3
882836b26bfffff,H3,2025,11,10.6
882836b26bfffff,H3,2025,12,12.3
882836b26bfffff,H3,2025,13,13.8
882836b26bfffff,H3,2025,14,15.2
882836b26bfffff,H3,2025,15,18.1
882836b26bfffff,H3,2025,16,22.5
882836b26bfffff,H3,2025,17,29.2
882836b26bfffff,H3,2025,18,33.9
882836b26bfffff,H3,2025,19,36.1
882836b26bfffff,H3,2025,20,37.4
882836b26bfffff,H3,2025,21,36.2
882836b26bfffff,H3,2025,22,33.5
882836b26bfffff,H3,2025,23,29.5
88288064b1fffff,H3,2025,0,2.2
88288064b1fffff,H3,2025,1,1.8
88288064b1fffff,H3,2025,2,1.6
88288064b1fffff,H3,2025,3,1.5
88288064b1fffff,H3,2025,4,1.4
88288064b1fffff,H3,2025,5,1.2
88288064b1fffff,H3,2025,6,1.1
88288064b1fffff,H3,2025,7,0.9
88288064b1fffff,H3,2025,8,0.8
88288064b1fffff,H3,2025,9,0.8
88288064b1fffff,H3,2025,10,0.8
88288064b1fffff,H3,2025,11,0.9
88288064b1fffff,H3,2025,12,1.0
88288064b1fffff,H3,2025,13,1.2
88288064b1fffff,H3,2025,14,1.4
88288064b1fffff,H3,2025,15,1.6
88288064b1fffff,H3,2025,16,1.9
88288064b1fffff,H3,2025,17,2.5
88288064b1fffff,H3,2025,18,3.0
88288064b1fffff,H3,2025,19,3.2
88288064b1fffff,H3,2025,20,3.2
88288064b1fffff,H3,2025,21,3.2
88288064b1fffff,H3,2025,22,2.8
88288064b1fffff,H3,2025,23,2.5
882881a161fffff,H3,2025,0,2.7
882881a161fffff,H3,2025,1,2.4
882881a161fffff,H3,2025,2,2.0
882881a161fffff,H3,2025,3,1.8
882881a161fffff,H3,2025,4,1.6
882881a161fffff,H3,2025,5,1.5
882881a161fffff,H3,2025,6,1.4
882881a161fffff,H3,2025,7,1.1
882881a161fffff,H3,2025,8,1.0
882881a161fffff,H3,2025,9,0.9
882881a161fffff,H3,2025,10,1.0
882881a161fffff,H3,2025,11,1.1
882881a161fffff,H3,2025,12,1.4
882881a161fffff,H3,2025,13,1.5
882881a161fffff,H3,2025,14,1.7
882881a161fffff,H3,2025,15,1.9
882881a161fffff,H3,2025,16,2.5
882881a161fffff,H3,2025,17,3.2
882881a161fffff,H3,2025,18,3.6
882881a161fffff,H3,2025,19,4.0
882881a161fffff,H3,2025,20,4.1
882881a161fffff,H3,2025,21,4.0
882881a161fffff,H3,2025,22,3.6
882881a161fffff,H3,2025,23,3.2
88288249b9fffff,H3,2025,0,2.8
88288249b9fffff,H3,2025,1,2.5
88288249b9fffff,H3,2025,2,2.2
88288249b9fffff,H3,2025,3,1.9
88288249b9fffff,H3,2025,4,1.7
88288249b9fffff,H3,2025,5,1.6
88288249b9fffff,H3,2025,6,1.5
88288249b9fffff,H3,2025,7,1.2
88288249b9fffff,H3,2025,8,1.0
88288249b9fffff,H3,2025,9,1.0
88288249b9fffff,H3,2025,10,1.0
88288249b9fffff,H3,2025,11,1.2
88288249b9fffff,H3,2025,12,1.4
88288249b9fffff,H3,2025,13,1.6
88288249b9fffff,H3,2025,14,1.7
88288249b9fffff,H3,2025,15,2.0
88288249b9fffff,H3,2025,16,2.6
88288249b9fffff,H3,2025,17,3.4
88288249b9fffff,H3,2025,18,3.9
88288249b9fffff,H3,2025,19,4.2
88288249b9fffff,H3,2025,20,4.3
88288249b9fffff,H3,2025,21,4.2
88288249b9fffff,H3,2025,22,3.9
88288249b9fffff,H3,2025,23,3.4
8828843807fffff,H3,2025,0,14.5
8828843807fffff,H3,2025,1,12.7
8828843807fffff,H3,2025,2,11.0
8828843807fffff,H3,2025,3,9.9
8828843807fffff,H3,2025,4,8.9
8828843807fffff,H3,2025,5,8.2
8828843807fffff,H3,2025,6,7.5
8828843807fffff,H3,2025,7,6.1
8828843807fffff,H3,2025,8,5.3
8828843807fffff,H3,2025,9,5.1
8828843807fffff,H3,2025,10,5.6
8828843807fffff,H3,2025,11,6.4
8828843807fffff,H3,2025,12,7.4
8828843807fffff,H3,2025,13,8.3
8828843807fffff,H3,2025,14,9.1
8828843807fffff,H3,2025,15,10.8
8828843807fffff,H3,2025,16,13.4
8828843807fffff,H3,2025,17,17.4
8828843807fffff,H3,2025,18,20.1
8828843807fffff,H3,2025,19,21.4
8828843807fffff,H3,2025,20,22.0
8828843807fffff,H3,2025,21,21.4
8828843807fffff,H3,2025,22,19.8
8828843807fffff,H3,2025,23,17.4
8828843813fffff,H3,2025,0,7.3
8828843813fffff,H3,2025,1,6.4
8828843813fffff,H3,2025,2,5.5
8828843813fffff,H3,2025,3,5.0
8828843813fffff,H3,2025,4,4.5
8828843813fffff,H3,2025,5,4.1
8828843813fffff,H3,2025,6,3.6
8828843813fffff,H3,2025,7,3.0
8828843813fffff,H3,2025,8,2.5
8828843813fffff,H3,2025,9,2.4
8828843813fffff,H3,2025,10,2.6
8828843813fffff,H3,2025,11,3.0
8828843813fffff,H3,2025,12,3.4
8828843813fffff,H3,2025,13,3.8
8828843813fffff,H3,2025,14,4.2
8828843813fffff,H3,2025,15,5.0
8828843813fffff,H3,2025,16,6.2
8828843813fffff,H3,2025,17,8.1
8828843813fffff,H3,2025,18,9.4
8828843813fffff,H3,2025,19,10.2
8828843813fffff,H3,2025,20,10.6
8828843813fffff,H3,2025,21,10.3
8828843813fffff,H3,2025,22,9.5
8828843813fffff,H3,2025,23,8.5
8828843827fffff,H3,2025,0,1.5
8828843827fffff,H3,2025,1,1.4
8828843827fffff,H3,2025,2,1.1
8828843827fffff,H3,2025,3,1.0
8828843827fffff,H3,2025,4,0.9
8828843827fffff,H3,2025,5,0.9
8828843827fffff,H3,2025,6,0.8
8828843827fffff,H3,2025,7,0.6
8828843827fffff,H3,2025,8,0.6
8828843827fffff,H3,2025,9,0.5
8828843827fffff,H3,2025,10,0.6
8828843827fffff,H3,2025,11,0.6
8828843827fffff,H3,2025,12,0.7
8828843827fffff,H3,2025,13,0.8
8828843827fffff,H3,2025,14,0.9
8828843827fffff,H3,2025,15,1.0
8828843827fffff,H3,2025,16,1.2
8828843827fffff,H3,2025,17,1.7
8828843827fffff,H3,2025,18,1.9
8828843827fffff,H3,2025,19,2.2
8828843827fffff,H3,2025,20,2.2
8828843827fffff,H3,2025,21,2.2
8828843827fffff,H3,2025,22,2.0
8828843827fffff,H3,2025,23,1.8
88288438e7fffff,H3,2025,0,2.7
88288438e7fffff,H3,2025,1,2.4
88288438e7fffff,H3,2025,2,2.0
88288438e7fffff,H3,2025,3,1.8
88288438e7fffff,H3,2025,4,1.7
88288438e7fffff,H3,2025,5,1.6
88288438e7fffff,H3,2025,6,1.4
88288438e7fffff,H3,2025,7,1.0
88288438e7fffff,H3,2025,8,0.9
88288438e7fffff,H3,2025,9,0.9
88288438e7fffff,H3,2025,10,0.9
88288438e7fffff,H3,2025,11,1.0
88288438e7fffff,H3,2025,12,1.2
88288438e7fffff,H3,2025,13,1.4
88288438e7fffff,H3,2025,14,1.6
88288438e7fffff,H3,2025,15,1.8
88288438e7fffff,H3,2025,16,2.3
88288438e7fffff,H3,2025,17,3.0
88288438e7fffff,H3,2025,18,3.5
88288438e7fffff,H3,2025,19,3.8
88288438e7fffff,H3,2025,20,4.0
88288438e7fffff,H3,2025,21,3.9
88288438e7fffff,H3,2025,22,3.6
88288438e7fffff,H3,2025,23,3.2
8828843989fffff,H3,2025,0,32.5
8828843989fffff,H3,2025,0,3.8
8828843989fffff,H3,2025,1,28.5
8828843989fffff,H3,2025,1,3.3
8828843989fffff,H3,2025,2,24.9
8828843989fffff,H3,2025,2,2.8
8828843989fffff,H3,2025,3,22.4
8828843989fffff,H3,2025,3,2.6
8828843989fffff,H3,2025,4,20.2
8828843989fffff,H3,2025,4,2.3
8828843989fffff,H3,2025,5,18.4
8828843989fffff,H3,2025,5,2.2
8828843989fffff,H3,2025,6,16.2
8828843989fffff,H3,2025,6,1.9
8828843989fffff,H3,2025,7,13.0
8828843989fffff,H3,2025,7,1.6
8828843989fffff,H3,2025,8,10.9
8828843989fffff,H3,2025,8,1.2
8828843989fffff,H3,2025,9,10.5
8828843989fffff,H3,2025,9,1.2
8828843989fffff,H3,2025,10,11.4
8828843989fffff,H3,2025,10,1.4
8828843989fffff,H3,2025,11,13.0
8828843989fffff,H3,2025,11,1.6
8828843989fffff,H3,2025,12,15.0
8828843989fffff,H3,2025,12,1.8
8828843989fffff,H3,2025,13,16.7
8828843989fffff,H3,2025,13,2.0
8828843989fffff,H3,2025,14,18.8
8828843989fffff,H3,2025,14,2.3
8828843989fffff,H3,2025,15,21.9
8828843989fffff,H3,2025,15,2.6
8828843989fffff,H3,2025,16,27.4
8828843989fffff,H3,2025,16,3.3
8828843989fffff,H3,2025,17,35.9
8828843989fffff,H3,2025,17,4.3
8828843989fffff,H3,2025,18,42.2
8828843989fffff,H3,2025,18,5.0
8828843989fffff,H3,2025,19,45.3
8828843989fffff,H3,2025,19,5.3
8828843989fffff,H3,2025,20,47.3
8828843989fffff,H3,2025,20,5.6
8828843989fffff,H3,2025,21,46.2
8828843989fffff,H3,2025,21,5.5
8828843989fffff,H3,2025,22,43.0
8828843989fffff,H3,2025,22,5.0
8828843989fffff,H3,2025,23,38.3
8828843989fffff,H3,2025,23,4.4
882884398dfffff,H3,2025,0,1.8
882884398dfffff,H3,2025,1,1.6
882884398dfffff,H3,2025,2,1.4
882884398dfffff,H3,2025,3,1.2
882884398dfffff,H3,2025,4,1.1
882884398dfffff,H3,2025,5,1.0
882884398dfffff,H3,2025,6,0.9
882884398dfffff,H3,2025,7,0.7
882884398dfffff,H3,2025,8,0.6
882884398dfffff,H3,2025,9,0.6
882884398dfffff,H3,2025,10,0.7
882884398dfffff,H3,2025,11,0.7
882884398dfffff,H3,2025,12,0.8
882884398dfffff,H3,2025,13,0.9
882884398dfffff,H3,2025,14,1.0
882884398dfffff,H3,2025,15,1.2
882884398dfffff,H3,2025,16,1.5
882884398dfffff,H3,2025,17,2.0
882884398dfffff,H3,2025,18,2.4
882884398dfffff,H3,2025,19,2.5
882884398dfffff,H3,2025,20,2.6
882884398dfffff,H3,2025,21,2.6
882884398dfffff,H3,2025,22,2.4
882884398dfffff,H3,2025,23,2.2
882884d593fffff,H3,2025,0,2.8
882884d593fffff,H3,2025,1,2.5
882884d593fffff,H3,2025,2,2.2
882884d593fffff,H3,2025,3,1.9
882884d593fffff,H3,2025,4,1.7
882884d593fffff,H3,2025,5,1.6
882884d593fffff,H3,2025,6,1.5
882884d593fffff,H3,2025,7,1.1
882884d593fffff,H3,2025,8,1.0
882884d593fffff,H3,2025,9,1.0
882884d593fffff,H3,2025,10,1.0
882884d593fffff,H3,2025,11,1.2
882884d593fffff,H3,2025,12,1.4
882884d593fffff,H3,2025,13,1.6
882884d593fffff,H3,2025,14,1.7
882884d593fffff,H3,2025,15,2.0
882884d593fffff,H3,2025,16,2.6
882884d593fffff,H3,2025,17,3.3
882884d593fffff,H3,2025,18,3.9
882884d593fffff,H3,2025,19,4.1
882884d593fffff,H3,2025,20,4.3
882884d593fffff,H3,2025,21,4.1
882884d593fffff,H3,2025,22,3.9
882884d593fffff,H3,2025,23,3.4
8828850d6dfffff,H3,2025,0,1.2
8828850d6dfffff,H3,2025,1,1.1
8828850d6dfffff,H3,2025,2,0.9
8828850d6dfffff,H3,2025,3,0.9
8828850d6dfffff,H3,2025,4,0.8
8828850d6dfffff,H3,2025,5,0.7
8828850d6dfffff,H3,2025,6,0.7
8828850d6dfffff,H3,2025,7,0.6
8828850d6dfffff,H3,2025,8,0.5
8828850d6dfffff,H3,2025,9,0.5
8828850d6dfffff,H3,2025,10,0.5
8828850d6dfffff,H3,2025,11,0.6
8828850d6dfffff,H3,2025,12,0.7
8828850d6dfffff,H3,2025,13,0.7
8828850d6dfffff,H3,2025,14,0.8
8828850d6dfffff,H3,2025,15,0.9
8828850d6dfffff,H3,2025,16,1.2
8828850d6dfffff,H3,2025,17,1.6
8828850d6dfffff,H3,2025,18,1.8
8828850d6dfffff,H3,2025,19,1.9
8828850d6dfffff,H3,2025,20,1.9
8828850d6dfffff,H3,2025,21,1.8
8828850d6dfffff,H3,2025,22,1.7
8828850d6dfffff,H3,2025,23,1.5
882888a1b1fffff,H3,2025,0,65.5
882888a1b1fffff,H3,2025,1,57.3
882888a1b1fffff,H3,2025,2,49.8
882888a1b1fffff,H3,2025,3,44.7
882888a1b1fffff,H3,2025,4,40.5
882888a1b1fffff,H3,2025,5,36.8
882888a1b1fffff,H3,2025,6,33.1
882888a1b1fffff,H3,2025,7,26.7
882888a1b1fffff,H3,2025,8,22.6
882888a1b1fffff,H3,2025,9,21.7
882888a1b1fffff,H3,2025,10,23.5
882888a1b1fffff,H3,2025,11,26.9
882888a1b1fffff,H3,2025,12,31.2
882888a1b1fffff,H3,2025,13,34.9
882888a1b1fffff,H3,2025,14,38.8
882888a1b1fffff,H3,2025,15,45.8
882888a1b1fffff,H3,2025,16,57.2
882888a1b1fffff,H3,2025,17,74.4
882888a1b1fffff,H3,2025,18,86.8
882888a1b1fffff,H3,2025,19,93.0
882888a1b1fffff,H3,2025,20,96.6
882888a1b1fffff,H3,2025,21,94.2
882888a1b1fffff,H3,2025,22,87.3
882888a1b1fffff,H3,2025,23,77.3
882888a1c7fffff,H3,2025,0,1.9
882888a1c7fffff,H3,2025,1,1.7
882888a1c7fffff,H3,2025,2,1.5
882888a1c7fffff,H3,2025,3,1.4
882888a1c7fffff,H3,2025,4,1.2
882888a1c7fffff,H3,2025,5,1.1
882888a1c7fffff,H3,2025,6,1.0
882888a1c7fffff,H3,2025,7,0.8
882888a1c7fffff,H3,2025,8,0.7
882888a1c7fffff,H3,2025,9,0.7
882888a1c7fffff,H3,2025,10,0.7
882888a1c7fffff,H3,2025,11,0.8
882888a1c7fffff,H3,2025,12,0.9
882888a1c7fffff,H3,2025,13,1.0
882888a1c7fffff,H3,2025,14,1.1
882888a1c7fffff,H3,2025,15,1.2
882888a1c7fffff,H3,2025,16,1.6
882888a1c7fffff,H3,2025,17,2.2
882888a1c7fffff,H3,2025,18,2.5
882888a1c7fffff,H3,2025,19,2.7
882888a1c7fffff,H3,2025,20,2.8
882888a1c7fffff,H3,2025,21,2.7
882888a1c7fffff,H3,2025,22,2.6
882888a1c7fffff,H3,2025,23,2.3
882888b921fffff,H3,2025,0,1.6
882888b921fffff,H3,2025,1,1.4
882888b921fffff,H3,2025,2,1.2
882888b921fffff,H3,2025,3,1.0
882888b921fffff,H3,2025,4,1.0
882888b921fffff,H3,2025,5,0.9
882888b921fffff,H3,2025,6,0.8
882888b921fffff,H3,2025,7,0.7
882888b921fffff,H3,2025,8,0.6
882888b921fffff,H3,2025,9,0.6
882888b921fffff,H3,2025,10,0.6
882888b921fffff,H3,2025,11,0.7
882888b921fffff,H3,2025,12,0.7
882888b921fffff,H3,2025,13,0.8
882888b921fffff,H3,2025,14,0.9
882888b921fffff,H3,2025,15,1.0
882888b921fffff,H3,2025,16,1.4
882888b921fffff,H3,2025,17,1.7
882888b921fffff,H3,2025,18,2.0
882888b921fffff,H3,2025,19,2.2
882888b921fffff,H3,2025,20,2.3
882888b921fffff,H3,2025,21,2.3
882888b921fffff,H3,2025,22,2.0
882888b921fffff,H3,2025,23,1.8
882888b993fffff,H3,2025,0,1.8
882888b993fffff,H3,2025,1,1.6
882888b993fffff,H3,2025,2,1.4
882888b993fffff,H3,2025,3,1.2
882888b993fffff,H3,2025,4,1.1
882888b993fffff,H3,2025,5,1.0
882888b993fffff,H3,2025,6,0.9
882888b993fffff,H3,2025,7,0.8
882888b993fffff,H3,2025,8,0.7
882888b993fffff,H3,2025,9,0.7
882888b993fffff,H3,2025,10,0.7
882888b993fffff,H3,2025,11,0.8
882888b993fffff,H3,2025,12,0.9
882888b993fffff,H3,2025,13,1.0
882888b993fffff,H3,2025,14,1.1
882888b993fffff,H3,2025,15,1.4
882888b993fffff,H3,2025,16,1.6
882888b993fffff,H3,2025,17,2.2
882888b993fffff,H3,2025,18,2.5
882888b993fffff,H3,2025,19,2.7
882888b993fffff,H3,2025,20,2.7
882888b993fffff,H3,2025,21,2.7
882888b993fffff,H3,2025,22,2.5
882888b993fffff,H3,2025,23,2.2
882888c001fffff,H3,2025,0,3.8
882888c001fffff,H3,2025,1,3.3
882888c001fffff,H3,2025,2,2.8
882888c001fffff,H3,2025,3,2.5
882888c001fffff,H3,2025,4,2.3
882888c001fffff,H3,2025,5,2.2
882888c001fffff,H3,2025,6,1.8
882888c001fffff,H3,2025,7,1.5
882888c001fffff,H3,2025,8,1.2
882888c001fffff,H3,2025,9,1.2
882888c001fffff,H3,2025,10,1.4
882888c001fffff,H3,2025,11,1.5
882888c001fffff,H3,2025,12,1.8
882888c001fffff,H3,2025,13,1.9
882888c001fffff,H3,2025,14,2.2
882888c001fffff,H3,2025,15,2.6
882888c001fffff,H3,2025,16,3.2
882888c001fffff,H3,2025,17,4.2
882888c001fffff,H3,2025,18,4.9
882888c001fffff,H3,2025,19,5.2
882888c001fffff,H3,2025,20,5.5
882888c001fffff,H3,2025,21,5.3
882888c001fffff,H3,2025,22,5.0
882888c001fffff,H3,2025,23,4.4
882889842dfffff,H3,2025,0,1.9
882889842dfffff,H3,2025,1,1.7
882889842dfffff,H3,2025,2,1.5
882889842dfffff,H3,2025,3,1.4
882889842dfffff,H3,2025,4,1.2
882889842dfffff,H3,2025,5,1.1
882889842dfffff,H3,2025,6,1.0
882889842dfffff,H3,2025,7,0.8
882889842dfffff,H3,2025,8,0.7
882889842dfffff,H3,2025,9,0.7
882889842dfffff,H3,2025,10,0.7
882889842dfffff,H3,2025,11,0.8
882889842dfffff,H3,2025,12,0.9
882889842dfffff,H3,2025,13,1.0
882889842dfffff,H3,2025,14,1.1
882889842dfffff,H3,2025,15,1.4
882889842dfffff,H3,2025,16,1.7
882889842dfffff,H3,2025,17,2.3
882889842dfffff,H3,2025,18,2.6
882889842dfffff,H3,2025,19,2.8
882889842dfffff,H3,2025,20,3.0
882889842dfffff,H3,2025,21,2.8
882889842dfffff,H3,2025,22,2.6
882889842dfffff,H3,2025,23,2.3
882889b8e9fffff,H3,2025,0,5.0
882889b8e9fffff,H3,2025,1,4.3
882889b8e9fffff,H3,2025,2,3.8
882889b8e9fffff,H3,2025,3,3.4
882889b8e9fffff,H3,2025,4,3.1
882889b8e9fffff,H3,2025,5,2.8
882889b8e9fffff,H3,2025,6,2.5
882889b8e9fffff,H3,2025,7,2.0
882889b8e9fffff,H3,2025,8,1.7
882889b8e9fffff,H3,2025,9,1.7
882889b8e9fffff,H3,2025,10,1.8
882889b8e9fffff,H3,2025,11,2.0
882889b8e9fffff,H3,2025,12,2.4
882889b8e9fffff,H3,2025,13,2.7
882889b8e9fffff,H3,2025,14,3.0
882889b8e9fffff,H3,2025,15,3.5
882889b8e9fffff,H3,2025,16,4.4
882889b8e9fffff,H3,2025,17,5.7
882889b8e9fffff,H3,2025,18,6.7
882889b8e9fffff,H3,2025,19,7.2
882889b8e9fffff,H3,2025,20,7.4
882889b8e9fffff,H3,2025,21,7.2
882889b8e9fffff,H3,2025,22,6.7
882889b8e9fffff,H3,2025,23,5.9
88288ace2dfffff,H3,2025,0,1.7
88288ace2dfffff,H3,2025,1,1.5
88288ace2dfffff,H3,2025,2,1.2
88288ace2dfffff,H3,2025,3,1.1
88288ace2dfffff,H3,2025,4,1.0
88288ace2dfffff,H3,2025,5,0.9
88288ace2dfffff,H3,2025,6,0.8
88288ace2dfffff,H3,2025,7,0.7
88288ace2dfffff,H3,2025,8,0.6
88288ace2dfffff,H3,2025,9,0.6
88288ace2dfffff,H3,2025,10,0.6
88288ace2dfffff,H3,2025,11,0.7
88288ace2dfffff,H3,2025,12,0.8
88288ace2dfffff,H3,2025,13,0.9
88288ace2dfffff,H3,2025,14,0.9
88288ace2dfffff,H3,2025,15,1.1
88288ace2dfffff,H3,2025,16,1.4
88288ace2dfffff,H3,2025,17,1.8
88288ace2dfffff,H3,2025,18,2.2
88288ace2dfffff,H3,2025,19,2.3
88288ace2dfffff,H3,2025,20,2.4
88288ace2dfffff,H3,2025,21,2.4
88288ace2dfffff,H3,2025,22,2.2
88288ace2dfffff,H3,2025,23,1.9
88288bb1edfffff,H3,2025,0,2.2
88288bb1edfffff,H3,2025,1,1.9
88288bb1edfffff,H3,2025,2,1.7
88288bb1edfffff,H3,2025,3,1.5
88288bb1edfffff,H3,2025,4,1.4
88288bb1edfffff,H3,2025,5,1.2
88288bb1edfffff,H3,2025,6,1.1
88288bb1edfffff,H3,2025,7,0.9
88288bb1edfffff,H3,2025,8,0.8
88288bb1edfffff,H3,2025,9,0.7
88288bb1edfffff,H3,2025,10,0.8
88288bb1edfffff,H3,2025,11,0.9
88288bb1edfffff,H3,2025,12,1.0
88288bb1edfffff,H3,2025,13,1.1
88288bb1edfffff,H3,2025,14,1.2
88288bb1edfffff,H3,2025,15,1.5
88288bb1edfffff,H3,2025,16,1.8
88288bb1edfffff,H3,2025,17,2.5
88288bb1edfffff,H3,2025,18,2.8
88288bb1edfffff,H3,2025,19,3.2
88288bb1edfffff,H3,2025,20,3.3
88288bb1edfffff,H3,2025,21,3.2
88288bb1edfffff,H3,2025,22,3.0
88288bb1edfffff,H3,2025,23,2.6
88288c296dfffff,H3,2025,0,2.2
88288c296dfffff,H3,2025,1,1.9
88288c296dfffff,H3,2025,2,1.7
88288c296dfffff,H3,2025,3,1.5
88288c296dfffff,H3,2025,4,1.4
88288c296dfffff,H3,2025,5,1.2
88288c296dfffff,H3,2025,6,1.1
88288c296dfffff,H3,2025,7,0.9
88288c296dfffff,H3,2025,8,0.8
88288c296dfffff,H3,2025,9,0.7
88288c296dfffff,H3,2025,10,0.8
88288c296dfffff,H3,2025,11,0.9
88288c296dfffff,H3,2025,12,1.0
88288c296dfffff,H3,2025,13,1.1
88288c296dfffff,H3,2025,14,1.2
88288c296dfffff,H3,2025,15,1.6
88288c296dfffff,H3,2025,16,1.9
88288c296dfffff,H3,2025,17,2.5
88288c296dfffff,H3,2025,18,3.0
88288c296dfffff,H3,2025,19,3.2
88288c296dfffff,H3,2025,20,3.3
88288c296dfffff,H3,2025,21,3.2
88288c296dfffff,H3,2025,22,3.0
88288c296dfffff,H3,2025,23,2.6
88288c518dfffff,H3,2025,0,3.0
88288c518dfffff,H3,2025,1,2.6
88288c518dfffff,H3,2025,2,2.3
88288c518dfffff,H3,2025,3,2.0
88288c518dfffff,H3,2025,4,1.8
88288c518dfffff,H3,2025,5,1.7
88288c518dfffff,H3,2025,6,1.5
88288c518dfffff,H3,2025,7,1.2
88288c518dfffff,H3,2025,8,1.0
88288c518dfffff,H3,2025,9,1.0
88288c518dfffff,H3,2025,10,1.0
88288c518dfffff,H3,2025,11,1.2
88288c518dfffff,H3,2025,12,1.4
88288c518dfffff,H3,2025,13,1.6
88288c518dfffff,H3,2025,14,1.7
88288c518dfffff,H3,2025,15,2.0
88288c518dfffff,H3,2025,16,2.6
88288c518dfffff,H3,2025,17,3.4
88288c518dfffff,H3,2025,18,4.0
88288c518dfffff,H3,2025,19,4.2
88288c518dfffff,H3,2025,20,4.4
88288c518dfffff,H3,2025,21,4.3
88288c518dfffff,H3,2025,22,4.0
88288c518dfffff,H3,2025,23,3.5
88289034c3fffff,H3,2025,0,3.8
88289034c3fffff,H3,2025,1,3.3
88289034c3fffff,H3,2025,2,2.8
88289034c3fffff,H3,2025,3,2.6
88289034c3fffff,H3,2025,4,2.4
88289034c3fffff,H3,2025,5,2.2
88289034c3fffff,H3,2025,6,1.9
88289034c3fffff,H3,2025,7,1.6
88289034c3fffff,H3,2025,8,1.2
88289034c3fffff,H3,2025,9,1.2
88289034c3fffff,H3,2025,10,1.4
88289034c3fffff,H3,2025,11,1.6
88289034c3fffff,H3,2025,12,1.8
88289034c3fffff,H3,2025,13,2.0
88289034c3fffff,H3,2025,14,2.2
88289034c3fffff,H3,2025,15,2.6
88289034c3fffff,H3,2025,16,3.3
88289034c3fffff,H3,2025,17,4.3
88289034c3fffff,H3,2025,18,5.0
88289034c3fffff,H3,2025,19,5.3
88289034c3fffff,H3,2025,20,5.6
88289034c3fffff,H3,2025,21,5.5
88289034c3fffff,H3,2025,22,5.0
88289034c3fffff,H3,2025,23,4.4
8828923093fffff,H3,2025,0,2.7
8828923093fffff,H3,2025,1,2.4
8828923093fffff,H3,2025,2,2.0
8828923093fffff,H3,2025,3,1.8
8828923093fffff,H3,2025,4,1.7
8828923093fffff,H3,2025,5,1.6
8828923093fffff,H3,2025,6,1.4
8828923093fffff,H3,2025,7,1.1
8828923093fffff,H3,2025,8,0.9
8828923093fffff,H3,2025,9,0.9
8828923093fffff,H3,2025,10,0.9
8828923093fffff,H3,2025,11,1.0
8828923093fffff,H3,2025,12,1.2
8828923093fffff,H3,2025,13,1.4
8828923093fffff,H3,2025,14,1.6
8828923093fffff,H3,2025,15,1.8
8828923093fffff,H3,2025,16,2.3
8828923093fffff,H3,2025,17,3.0
8828923093fffff,H3,2025,18,3.5
8828923093fffff,H3,2025,19,3.8
8828923093fffff,H3,2025,20,4.0
8828923093fffff,H3,2025,21,3.9
8828923093fffff,H3,2025,22,3.6
8828923093fffff,H3,2025,23,3.2
88289230a3fffff,H3,2025,0,5.5
88289230a3fffff,H3,2025,1,4.8
88289230a3fffff,H3,2025,2,4.1
88289230a3fffff,H3,2025,3,3.8
88289230a3fffff,H3,2025,4,3.4
88289230a3fffff,H3,2025,5,3.1
88289230a3fffff,H3,2025,6,2.7
88289230a3fffff,H3,2025,7,2.2
88289230a3fffff,H3,2025,8,1.8
88289230a3fffff,H3,2025,9,1.7
88289230a3fffff,H3,2025,10,1.9
88289230a3fffff,H3,2025,11,2.2
88289230a3fffff,H3,2025,12,2.5
88289230a3fffff,H3,2025,13,2.8
88289230a3fffff,H3,2025,14,3.2
88289230a3fffff,H3,2025,15,3.6
88289230a3fffff,H3,2025,16,4.5
88289230a3fffff,H3,2025,17,6.0
88289230a3fffff,H3,2025,18,7.0
88289230a3fffff,H3,2025,19,7.6
88289230a3fffff,H3,2025,20,7.8
88289230a3fffff,H3,2025,21,7.7
88289230a3fffff,H3,2025,22,7.2
88289230a3fffff,H3,2025,23,6.4
882893ae61fffff,H3,2025,0,6.0
882893ae61fffff,H3,2025,1,5.3
882893ae61fffff,H3,2025,2,4.7
882893ae61fffff,H3,2025,3,4.2
882893ae61fffff,H3,2025,4,3.8
882893ae61fffff,H3,2025,5,3.4
882893ae61fffff,H3,2025,6,3.1
882893ae61fffff,H3,2025,7,2.4
882893ae61fffff,H3,2025,8,2.0
882893ae61fffff,H3,2025,9,1.9
882893ae61fffff,H3,2025,10,2.2
882893ae61fffff,H3,2025,11,2.5
882893ae61fffff,H3,2025,12,2.8
882893ae61fffff,H3,2025,13,3.2
882893ae61fffff,H3,2025,14,3.5
882893ae61fffff,H3,2025,15,4.2
882893ae61fffff,H3,2025,16,5.2
882893ae61fffff,H3,2025,17,6.8
882893ae61fffff,H3,2025,18,8.0
882893ae61fffff,H3,2025,19,8.5
882893ae61fffff,H3,2025,20,8.9
882893ae61fffff,H3,2025,21,8.6
882893ae61fffff,H3,2025,22,8.1
882893ae61fffff,H3,2025,23,7.2
88289441b1fffff,H3,2025,0,1.2
88289441b1fffff,H3,2025,1,1.1
88289441b1fffff,H3,2025,2,0.9
88289441b1fffff,H3,2025,3,0.9
88289441b1fffff,H3,2025,4,0.8
88289441b1fffff,H3,2025,5,0.7
88289441b1fffff,H3,2025,6,0.7
88289441b1fffff,H3,2025,7,0.6
88289441b1fffff,H3,2025,8,0.5
88289441b1fffff,H3,2025,9,0.5
88289441b1fffff,H3,2025,10,0.5
88289441b1fffff,H3,2025,11,0.6
88289441b1fffff,H3,2025,12,0.6
88289441b1fffff,H3,2025,13,0.7
88289441b1fffff,H3,2025,14,0.8
88289441b1fffff,H3,2025,15,0.9
88289441b1fffff,H3,2025,16,1.1
88289441b1fffff,H3,2025,17,1.5
88289441b1fffff,H3,2025,18,1.7
88289441b1fffff,H3,2025,19,1.8
88289441b1fffff,H3,2025,20,1.9
88289441b1fffff,H3,2025,21,1.8
88289441b1fffff,H3,2025,22,1.7
88289441b1fffff,H3,2025,23,1.5
8828949827fffff,H3,2025,0,9.2
8828949827fffff,H3,2025,1,8.1
8828949827fffff,H3,2025,2,7.0
8828949827fffff,H3,2025,3,6.2
8828949827fffff,H3,2025,4,5.7
8828949827fffff,H3,2025,5,5.2
8828949827fffff,H3,2025,6,4.7
8828949827fffff,H3,2025,7,3.8
8828949827fffff,H3,2025,8,3.2
8828949827fffff,H3,2025,9,3.0
8828949827fffff,H3,2025,10,3.3
8828949827fffff,H3,2025,11,3.8
8828949827fffff,H3,2025,12,4.3
8828949827fffff,H3,2025,13,4.8
8828949827fffff,H3,2025,14,5.3
8828949827fffff,H3,2025,15,6.2
8828949827fffff,H3,2025,16,7.8
8828949827fffff,H3,2025,17,10.2
8828949827fffff,H3,2025,18,12.0
8828949827fffff,H3,2025,19,12.8
8828949827fffff,H3,2025,20,13.4
8828949827fffff,H3,2025,21,13.2
8828949827fffff,H3,2025,22,12.2
8828949827fffff,H3,2025,23,10.8
8828949939fffff,H3,2025,0,53.8
8828949939fffff,H3,2025,1,45.5
8828949939fffff,H3,2025,2,39.1
8828949939fffff,H3,2025,3,35.2
8828949939fffff,H3,2025,4,31.6
8828949939fffff,H3,2025,5,29.0
8828949939fffff,H3,2025,6,27.6
8828949939fffff,H3,2025,7,25.0
8828949939fffff,H3,2025,8,25.3
8828949939fffff,H3,2025,9,27.2
8828949939fffff,H3,2025,10,29.2
8828949939fffff,H3,2025,11,32.8
8828949939fffff,H3,2025,12,37.5
8828949939fffff,H3,2025,13,41.7
8828949939fffff,H3,2025,14,43.6
8828949939fffff,H3,2025,15,48.8
8828949939fffff,H3,2025,16,57.0
8828949939fffff,H3,2025,17,71.9
8828949939fffff,H3,2025,18,83.0
8828949939fffff,H3,2025,19,85.1
8828949939fffff,H3,2025,20,86.9
8828949939fffff,H3,2025,21,82.4
8828949939fffff,H3,2025,22,75.6
8828949939fffff,H3,2025,23,66.0
88289646d1fffff,H3,2025,0,11.8
88289646d1fffff,H3,2025,1,10.3
88289646d1fffff,H3,2025,2,9.1
88289646d1fffff,H3,2025,3,8.2
88289646d1fffff,H3,2025,4,7.4
88289646d1fffff,H3,2025,5,6.7
88289646d1fffff,H3,2025,6,5.9
88289646d1fffff,H3,2025,7,4.8
88289646d1fffff,H3,2025,8,4.0
88289646d1fffff,H3,2025,9,3.9
88289646d1fffff,H3,2025,10,4.2
88289646d1fffff,H3,2025,11,4.8
88289646d1fffff,H3,2025,12,5.5
88289646d1fffff,H3,2025,13,6.1
88289646d1fffff,H3,2025,14,6.8
88289646d1fffff,H3,2025,15,8.1
88289646d1fffff,H3,2025,16,10.0
88289646d1fffff,H3,2025,17,13.2
88289646d1fffff,H3,2025,18,15.5
88289646d1fffff,H3,2025,19,16.6
88289646d1fffff,H3,2025,20,17.3
88289646d1fffff,H3,2025,21,16.8
88289646d1fffff,H3,2025,22,15.7
88289646d1fffff,H3,2025,23,14.0
8828983853fffff,H3,2025,0,1.2
8828983853fffff,H3,2025,1,1.1
8828983853fffff,H3,2025,2,1.0
8828983853fffff,H3,2025,3,0.9
8828983853fffff,H3,2025,4,0.8
8828983853fffff,H3,2025,5,0.7
8828983853fffff,H3,2025,6,0.7
8828983853fffff,H3,2025,7,0.6
8828983853fffff,H3,2025,8,0.5
8828983853fffff,H3,2025,9,0.5
8828983853fffff,H3,2025,10,0.5
8828983853fffff,H3,2025,11,0.6
8828983853fffff,H3,2025,12,0.6
8828983853fffff,H3,2025,13,0.7
8828983853fffff,H3,2025,14,0.8
8828983853fffff,H3,2025,15,0.9
8828983853fffff,H3,2025,16,1.0
8828983853fffff,H3,2025,17,1.4
8828983853fffff,H3,2025,18,1.7
8828983853fffff,H3,2025,19,1.8
8828983853fffff,H3,2025,20,1.8
8828983853fffff,H3,2025,21,1.8
8828983853fffff,H3,2025,22,1.7
8828983853fffff,H3,2025,23,1.5
882898531dfffff,H3,2025,0,2.0
882898531dfffff,H3,2025,1,1.8
882898531dfffff,H3,2025,2,1.6
882898531dfffff,H3,2025,3,1.4
882898531dfffff,H3,2025,4,1.2
882898531dfffff,H3,2025,5,1.1
882898531dfffff,H3,2025,6,1.0
882898531dfffff,H3,2025,7,0.8
882898531dfffff,H3,2025,8,0.7
882898531dfffff,H3,2025,9,0.7
882898531dfffff,H3,2025,10,0.7
882898531dfffff,H3,2025,11,0.8
882898531dfffff,H3,2025,12,0.9
882898531dfffff,H3,2025,13,1.0
882898531dfffff,H3,2025,14,1.1
882898531dfffff,H3,2025,15,1.4
882898531dfffff,H3,2025,16,1.7
882898531dfffff,H3,2025,17,2.3
882898531dfffff,H3,2025,18,2.7
882898531dfffff,H3,2025,19,2.8
882898531dfffff,H3,2025,20,3.0
882898531dfffff,H3,2025,21,3.0
882898531dfffff,H3,2025,22,2.7
882898531dfffff,H3,2025,23,2.4
8828985341fffff,H3,2025,0,3.1
8828985341fffff,H3,2025,1,2.7
8828985341fffff,H3,2025,2,2.4
8828985341fffff,H3,2025,3,2.2
8828985341fffff,H3,2025,4,1.9
8828985341fffff,H3,2025,5,1.7
8828985341fffff,H3,2025,6,1.6
8828985341fffff,H3,2025,7,1.2
8828985341fffff,H3,2025,8,1.0
8828985341fffff,H3,2025,9,1.0
8828985341fffff,H3,2025,10,1.1
8828985341fffff,H3,2025,11,1.2
8828985341fffff,H3,2025,12,1.5
8828985341fffff,H3,2025,13,1.6
8828985341fffff,H3,2025,14,1.8
8828985341fffff,H3,2025,15,2.2
8828985341fffff,H3,2025,16,2.7
8828985341fffff,H3,2025,17,3.5
8828985341fffff,H3,2025,18,4.1
8828985341fffff,H3,2025,19,4.4
8828985341fffff,H3,2025,20,4.5
8828985341fffff,H3,2025,21,4.4
8828985341fffff,H3,2025,22,4.1
8828985341fffff,H3,2025,23,3.6
882898c9bdfffff,H3,2025,0,5.1
882898c9bdfffff,H3,2025,1,4.5
882898c9bdfffff,H3,2025,2,3.9
882898c9bdfffff,H3,2025,3,3.5
882898c9bdfffff,H3,2025,4,3.2
882898c9bdfffff,H3,2025,5,2.8
882898c9bdfffff,H3,2025,6,2.6
882898c9bdfffff,H3,2025,7,2.0
882898c9bdfffff,H3,2025,8,1.7
882898c9bdfffff,H3,2025,9,1.7
882898c9bdfffff,H3,2025,10,1.8
882898c9bdfffff,H3,2025,11,2.0
882898c9bdfffff,H3,2025,12,2.4
882898c9bdfffff,H3,2025,13,2.7
882898c9bdfffff,H3,2025,14,3.0
882898c9bdfffff,H3,2025,15,3.5
882898c9bdfffff,H3,2025,16,4.4
882898c9bdfffff,H3,2025,17,5.7
882898c9bdfffff,H3,2025,18,6.7
882898c9bdfffff,H3,2025,19,7.2
882898c9bdfffff,H3,2025,20,7.5
882898c9bdfffff,H3,2025,21,7.4
882898c9bdfffff,H3,2025,22,6.8
882898c9bdfffff,H3,2025,23,6.0
8828996b5dfffff,H3,2025,0,1.4
8828996b5dfffff,H3,2025,1,1.1
8828996b5dfffff,H3,2025,2,1.0
8828996b5dfffff,H3,2025,3,0.9
8828996b5dfffff,H3,2025,4,0.8
8828996b5dfffff,H3,2025,5,0.8
8828996b5dfffff,H3,2025,6,0.7
8828996b5dfffff,H3,2025,7,0.6
8828996b5dfffff,H3,2025,8,0.5
8828996b5dfffff,H3,2025,9,0.5
8828996b5dfffff,H3,2025,10,0.5
8828996b5dfffff,H3,2025,11,0.6
8828996b5dfffff,H3,2025,12,0.7
8828996b5dfffff,H3,2025,13,0.7
8828996b5dfffff,H3,2025,14,0.8
8828996b5dfffff,H3,2025,15,0.9
8828996b5dfffff,H3,2025,16,1.1
8828996b5dfffff,H3,2025,17,1.5
8828996b5dfffff,H3,2025,18,1.7
8828996b5dfffff,H3,2025,19,1.8
8828996b5dfffff,H3,2025,20,1.9
8828996b5dfffff,H3,2025,21,1.9
8828996b5dfffff,H3,2025,22,1.8
8828996b5dfffff,H3,2025,23,1.6
88289ab639fffff,H3,2025,0,1.9
88289ab639fffff,H3,2025,1,1.7
88289ab639fffff,H3,2025,2,1.5
88289ab639fffff,H3,2025,3,1.4
88289ab639fffff,H3,2025,4,1.2
88289ab639fffff,H3,2025,5,1.1
88289ab639fffff,H3,2025,6,1.0
88289ab639fffff,H3,2025,7,0.8
88289ab639fffff,H3,2025,8,0.7
88289ab639fffff,H3,2025,9,0.7
88289ab639fffff,H3,2025,10,0.7
88289ab639fffff,H3,2025,11,0.8
88289ab639fffff,H3,2025,12,0.9
88289ab639fffff,H3,2025,13,1.0
88289ab639fffff,H3,2025,14,1.1
88289ab639fffff,H3,2025,15,1.4
88289ab639fffff,H3,2025,16,1.7
88289ab639fffff,H3,2025,17,2.2
88289ab639fffff,H3,2025,18,2.5
88289ab639fffff,H3,2025,19,2.7
88289ab639fffff,H3,2025,20,2.8
88289ab639fffff,H3,2025,21,2.8
88289ab639fffff,H3,2025,22,2.6
88289ab639fffff,H3,2025,23,2.3
88289b4053fffff,H3,2025,0,1.2
88289b4053fffff,H3,2025,1,1.1
88289b4053fffff,H3,2025,2,1.0
88289b4053fffff,H3,2025,3,0.9
88289b4053fffff,H3,2025,4,0.8
88289b4053fffff,H3,2025,5,0.7
88289b4053fffff,H3,2025,6,0.7
88289b4053fffff,H3,2025,7,0.6
88289b4053fffff,H3,2025,8,0.5
88289b4053fffff,H3,2025,9,0.5
88289b4053fffff,H3,2025,10,0.5
88289b4053fffff,H3,2025,11,0.6
88289b4053fffff,H3,2025,12,0.6
88289b4053fffff,H3,2025,13,0.7
88289b4053fffff,H3,2025,14,0.8
88289b4053fffff,H3,2025,15,0.9
88289b4053fffff,H3,2025,16,1.1
88289b4053fffff,H3,2025,17,1.5
88289b4053fffff,H3,2025,18,1.7
88289b4053fffff,H3,2025,19,1.8
88289b4053fffff,H3,2025,20,1.9
88289b4053fffff,H3,2025,21,1.8
88289b4053fffff,H3,2025,22,1.7
88289b4053fffff,H3,2025,23,1.5
88289b44bbfffff,H3,2025,0,5.5
88289b44bbfffff,H3,2025,1,4.8
88289b44bbfffff,H3,2025,2,4.1
88289b44bbfffff,H3,2025,3,3.8
88289b44bbfffff,H3,2025,4,3.4
88289b44bbfffff,H3,2025,5,3.1
88289b44bbfffff,H3,2025,6,2.7
88289b44bbfffff,H3,2025,7,2.2
88289b44bbfffff,H3,2025,8,1.8
88289b44bbfffff,H3,2025,9,1.8
88289b44bbfffff,H3,2025,10,1.9
88289b44bbfffff,H3,2025,11,2.2
88289b44bbfffff,H3,2025,12,2.5
88289b44bbfffff,H3,2025,13,2.8
88289b44bbfffff,H3,2025,14,3.2
88289b44bbfffff,H3,2025,15,3.8
88289b44bbfffff,H3,2025,16,4.7
88289b44bbfffff,H3,2025,17,6.1
88289b44bbfffff,H3,2025,18,7.2
88289b44bbfffff,H3,2025,19,7.6
88289b44bbfffff,H3,2025,20,8.0
88289b44bbfffff,H3,2025,21,7.7
88289b44bbfffff,H3,2025,22,7.2
88289b44bbfffff,H3,2025,23,6.4
88289b6a81fffff,H3,2025,0,1.8
88289b6a81fffff,H3,2025,1,1.6
88289b6a81fffff,H3,2025,2,1.5
88289b6a81fffff,H3,2025,3,1.2
88289b6a81fffff,H3,2025,4,1.1
88289b6a81fffff,H3,2025,5,1.0
88289b6a81fffff,H3,2025,6,0.9
88289b6a81fffff,H3,2025,7,0.8
88289b6a81fffff,H3,2025,8,0.7
88289b6a81fffff,H3,2025,9,0.6
88289b6a81fffff,H3,2025,10,0.7
88289b6a81fffff,H3,2025,11,0.8
88289b6a81fffff,H3,2025,12,0.9
88289b6a81fffff,H3,2025,13,0.9
88289b6a81fffff,H3,2025,14,1.0
88289b6a81fffff,H3,2025,15,1.2
88289b6a81fffff,H3,2025,16,1.6
88289b6a81fffff,H3,2025,17,2.0
88289b6a81fffff,H3,2025,18,2.4
88289b6a81fffff,H3,2025,19,2.6
88289b6a81fffff,H3,2025,20,2.7
88289b6a81fffff,H3,2025,21,2.7
88289b6a81fffff,H3,2025,22,2.5
88289b6a81fffff,H3,2025,23,2.2
88289c42c1fffff,H3,2025,0,1.1
88289c42c1fffff,H3,2025,1,1.0
88289c42c1fffff,H3,2025,2,0.9
88289c42c1fffff,H3,2025,3,0.8
88289c42c1fffff,H3,2025,4,0.7
88289c42c1fffff,H3,2025,5,0.7
88289c42c1fffff,H3,2025,6,0.6
88289c42c1fffff,H3,2025,7,0.6
88289c42c1fffff,H3,2025,8,0.5
88289c42c1fffff,H3,2025,9,0.5
88289c42c1fffff,H3,2025,10,0.5
88289c42c1fffff,H3,2025,11,0.6
88289c42c1fffff,H3,2025,12,0.6
88289c42c1fffff,H3,2025,13,0.7
88289c42c1fffff,H3,2025,14,0.8
88289c42c1fffff,H3,2025,15,0.9
88289c42c1fffff,H3,2025,16,1.1
88289c42c1fffff,H3,2025,17,1.5
88289c42c1fffff,H3,2025,18,1.7
88289c42c1fffff,H3,2025,19,1.8
88289c42c1fffff,H3,2025,20,1.8
88289c42c1fffff,H3,2025,21,1.8
88289c42c1fffff,H3,2025,22,1.6
88289c42c1fffff,H3,2025,23,1.4
88289d8991fffff,H3,2025,0,3.0
88289d8991fffff,H3,2025,1,2.6
88289d8991fffff,H3,2025,2,2.3
88289d8991fffff,H3,2025,3,2.0
88289d8991fffff,H3,2025,4,1.8
88289d8991fffff,H3,2025,5,1.6
88289d8991fffff,H3,2025,6,1.5
88289d8991fffff,H3,2025,7,1.2
88289d8991fffff,H3,2025,8,1.0
88289d8991fffff,H3,2025,9,1.0
88289d8991fffff,H3,2025,10,1.0
88289d8991fffff,H3,2025,11,1.2
88289d8991fffff,H3,2025,12,1.4
88289d8991fffff,H3,2025,13,1.6
88289d8991fffff,H3,2025,14,1.7
88289d8991fffff,H3,2025,15,2.0
88289d8991fffff,H3,2025,16,2.6
88289d8991fffff,H3,2025,17,3.4
88289d8991fffff,H3,2025,18,4.0
88289d8991fffff,H3,2025,19,4.2
88289d8991fffff,H3,2025,20,4.3
88289d8991fffff,H3,2025,21,4.2
88289d8991fffff,H3,2025,22,4.0
88289d8991fffff,H3,2025,23,3.4
8828a2815bfffff,H3,2025,0,1.9
8828a2815bfffff,H3,2025,1,1.7
8828a2815bfffff,H3,2025,2,1.5
8828a2815bfffff,H3,2025,3,1.2
8828a2815bfffff,H3,2025,4,1.1
8828a2815bfffff,H3,2025,5,1.0
8828a2815bfffff,H3,2025,6,0.9
8828a2815bfffff,H3,2025,7,0.8
8828a2815bfffff,H3,2025,8,0.7
8828a2815bfffff,H3,2025,9,0.6
8828a2815bfffff,H3,2025,10,0.7
8828a2815bfffff,H3,2025,11,0.8
8828a2815bfffff,H3,2025,12,0.9
8828a2815bfffff,H3,2025,13,0.9
8828a2815bfffff,H3,2025,14,1.1
8828a2815bfffff,H3,2025,15,1.2
8828a2815bfffff,H3,2025,16,1.6
8828a2815bfffff,H3,2025,17,2.0
8828a2815bfffff,H3,2025,18,2.5
8828a2815bfffff,H3,2025,19,2.6
8828a2815bfffff,H3,2025,20,2.7
8828a2815bfffff,H3,2025,21,2.7
8828a2815bfffff,H3,2025,22,2.5
8828a2815bfffff,H3,2025,23,2.3
8828a420c7fffff,H3,2025,0,3.0
8828a420c7fffff,H3,2025,1,2.6
8828a420c7fffff,H3,2025,2,2.3
8828a420c7fffff,H3,2025,3,2.0
8828a420c7fffff,H3,2025,4,1.8
8828a420c7fffff,H3,2025,5,1.7
8828a420c7fffff,H3,2025,6,1.5
8828a420c7fffff,H3,2025,7,1.2
8828a420c7fffff,H3,2025,8,1.0
8828a420c7fffff,H3,2025,9,1.0
8828a420c7fffff,H3,2025,10,1.0
8828a420c7fffff,H3,2025,11,1.2
8828a420c7fffff,H3,2025,12,1.4
8828a420c7fffff,H3,2025,13,1.6
8828a420c7fffff,H3,2025,14,1.7
8828a420c7fffff,H3,2025,15,2.0
8828a420c7fffff,H3,2025,16,2.5
8828a420c7fffff,H3,2025,17,3.3
8828a420c7fffff,H3,2025,18,4.0
8828a420c7fffff,H3,2025,19,4.2
8828a420c7fffff,H3,2025,20,4.4
8828a420c7fffff,H3,2025,21,4.3
8828a420c7fffff,H3,2025,22,4.0
8828a420c7fffff,H3,2025,23,3.5
8828a45469fffff,H3,2025,0,2.2
8828a45469fffff,H3,2025,1,1.8
8828a45469fffff,H3,2025,2,1.6
8828a45469fffff,H3,2025,3,1.5
8828a45469fffff,H3,2025,4,1.4
8828a45469fffff,H3,2025,5,1.2
8828a45469fffff,H3,2025,6,1.0
8828a45469fffff,H3,2025,7,0.9
8828a45469fffff,H3,2025,8,0.8
8828a45469fffff,H3,2025,9,0.7
8828a45469fffff,H3,2025,10,0.8
8828a45469fffff,H3,2025,11,0.9
8828a45469fffff,H3,2025,12,1.0
8828a45469fffff,H3,2025,13,1.1
8828a45469fffff,H3,2025,14,1.2
8828a45469fffff,H3,2025,15,1.5
8828a45469fffff,H3,2025,16,1.8
8828a45469fffff,H3,2025,17,2.4
8828a45469fffff,H3,2025,18,2.8
8828a45469fffff,H3,2025,19,3.1
8828a45469fffff,H3,2025,20,3.2
8828a45469fffff,H3,2025,21,3.1
8828a45469fffff,H3,2025,22,2.8
8828a45469fffff,H3,2025,23,2.5
8828a6d545fffff,H3,2025,0,4.2
8828a6d545fffff,H3,2025,1,3.6
8828a6d545fffff,H3,2025,2,3.2
8828a6d545fffff,H3,2025,3,2.8
8828a6d545fffff,H3,2025,4,2.6
8828a6d545fffff,H3,2025,5,2.4
8828a6d545fffff,H3,2025,6,2.2
8828a6d545fffff,H3,2025,7,1.7
8828a6d545fffff,H3,2025,8,1.4
8828a6d545fffff,H3,2025,9,1.4
8828a6d545fffff,H3,2025,10,1.5
8828a6d545fffff,H3,2025,11,1.7
8828a6d545fffff,H3,2025,12,1.9
8828a6d545fffff,H3,2025,13,2.2
8828a6d545fffff,H3,2025,14,2.4
8828a6d545fffff,H3,2025,15,2.8
8828a6d545fffff,H3,2025,16,3.5
8828a6d545fffff,H3,2025,17,4.7
8828a6d545fffff,H3,2025,18,5.5
8828a6d545fffff,H3,2025,19,5.9
8828a6d545fffff,H3,2025,20,6.1
8828a6d545fffff,H3,2025,21,5.9
8828a6d545fffff,H3,2025,22,5.6
8828a6d545fffff,H3,2025,23,4.9
8828a9020dfffff,H3,2025,0,6.8
8828a9020dfffff,H3,2025,1,5.9
8828a9020dfffff,H3,2025,2,5.1
8828a9020dfffff,H3,2025,3,4.7
8828a9020dfffff,H3,2025,4,4.2
8828a9020dfffff,H3,2025,5,3.9
8828a9020dfffff,H3,2025,6,3.4
8828a9020dfffff,H3,2025,7,2.7
8828a9020dfffff,H3,2025,8,2.4
8828a9020dfffff,H3,2025,9,2.3
8828a9020dfffff,H3,2025,10,2.4
8828a9020dfffff,H3,2025,11,2.8
8828a9020dfffff,H3,2025,12,3.3
8828a9020dfffff,H3,2025,13,3.6
8828a9020dfffff,H3,2025,14,4.0
8828a9020dfffff,H3,2025,15,4.8
8828a9020dfffff,H3,2025,16,5.9
8828a9020dfffff,H3,2025,17,7.7
8828a9020dfffff,H3,2025,18,9.0
8828a9020dfffff,H3,2025,19,9.7
8828a9020dfffff,H3,2025,20,10.0
8828a9020dfffff,H3,2025,21,9.8
8828a9020dfffff,H3,2025,22,9.1
8828a9020dfffff,H3,2025,23,8.1
8828a90d6dfffff,H3,2025,0,3.0
8828a90d6dfffff,H3,2025,1,2.6
8828a90d6dfffff,H3,2025,2,2.3
8828a90d6dfffff,H3,2025,3,2.0
8828a90d6dfffff,H3,2025,4,1.8
8828a90d6dfffff,H3,2025,5,1.7
8828a90d6dfffff,H3,2025,6,1.5
8828a90d6dfffff,H3,2025,7,1.1
8828a90d6dfffff,H3,2025,8,1.0
8828a90d6dfffff,H3,2025,9,0.9
8828a90d6dfffff,H3,2025,10,1.0
8828a90d6dfffff,H3,2025,11,1.1
8828a90d6dfffff,H3,2025,12,1.4
8828a90d6dfffff,H3,2025,13,1.6
8828a90d6dfffff,H3,2025,14,1.7
8828a90d6dfffff,H3,2025,15,2.0
8828a90d6dfffff,H3,2025,16,2.5
8828a90d6dfffff,H3,2025,17,3.3
8828a90d6dfffff,H3,2025,18,3.9
8828a90d6dfffff,H3,2025,19,4.1
8828a90d6dfffff,H3,2025,20,4.3
8828a90d6dfffff,H3,2025,21,4.2
8828a90d6dfffff,H3,2025,22,3.9
8828a90d6dfffff,H3,2025,23,3.4
8828a93acdfffff,H3,2025,0,1.2
8828a93acdfffff,H3,2025,1,1.0
8828a93acdfffff,H3,2025,2,0.9
8828a93acdfffff,H3,2025,3,0.8
8828a93acdfffff,H3,2025,4,0.8
8828a93acdfffff,H3,2025,5,0.7
8828a93acdfffff,H3,2025,6,0.6
8828a93acdfffff,H3,2025,7,0.5
8828a93acdfffff,H3,2025,8,0.5
8828a93acdfffff,H3,2025,9,0.5
8828a93acdfffff,H3,2025,10,0.5
8828a93acdfffff,H3,2025,11,0.6
8828a93acdfffff,H3,2025,12,0.6
8828a93acdfffff,H3,2025,13,0.7
8828a93acdfffff,H3,2025,14,0.7
8828a93acdfffff,H3,2025,15,0.9
8828a93acdfffff,H3,2025,16,1.0
8828a93acdfffff,H3,2025,17,1.4
8828a93acdfffff,H3,2025,18,1.6
8828a93acdfffff,H3,2025,19,1.7
8828a93acdfffff,H3,2025,20,1.8
8828a93acdfffff,H3,2025,21,1.8
8828a93acdfffff,H3,2025,22,1.6
8828a93acdfffff,H3,2025,23,1.5
8828a94543fffff,H3,2025,0,5.3
8828a94543fffff,H3,2025,1,4.7
8828a94543fffff,H3,2025,2,4.0
8828a94543fffff,H3,2025,3,3.6
8828a94543fffff,H3,2025,4,3.3
8828a94543fffff,H3,2025,5,3.0
8828a94543fffff,H3,2025,6,2.7
8828a94543fffff,H3,2025,7,2.2
8828a94543fffff,H3,2025,8,1.8
8828a94543fffff,H3,2025,9,1.8
8828a94543fffff,H3,2025,10,1.9
8828a94543fffff,H3,2025,11,2.3
8828a94543fffff,H3,2025,12,2.6
8828a94543fffff,H3,2025,13,3.0
8828a94543fffff,H3,2025,14,3.2
8828a94543fffff,H3,2025,15,3.9
8828a94543fffff,H3,2025,16,4.8
8828a94543fffff,H3,2025,17,6.1
8828a94543fffff,H3,2025,18,7.2
8828a94543fffff,H3,2025,19,7.7
8828a94543fffff,H3,2025,20,8.0
8828a94543fffff,H3,2025,21,7.7
8828a94543fffff,H3,2025,22,7.2
8828a94543fffff,H3,2025,23,6.2
8828aa3169fffff,H3,2025,0,3.2
8828aa3169fffff,H3,2025,1,2.7
8828aa3169fffff,H3,2025,2,2.4
8828aa3169fffff,H3,2025,3,2.2
8828aa3169fffff,H3,2025,4,1.9
8828aa3169fffff,H3,2025,5,1.8
8828aa3169fffff,H3,2025,6,1.6
8828aa3169fffff,H3,2025,7,1.2
8828aa3169fffff,H3,2025,8,1.0
8828aa3169fffff,H3,2025,9,1.0
8828aa3169fffff,H3,2025,10,1.1
8828aa3169fffff,H3,2025,11,1.2
8828aa3169fffff,H3,2025,12,1.5
8828aa3169fffff,H3,2025,13,1.7
8828aa3169fffff,H3,2025,14,1.8
8828aa3169fffff,H3,2025,15,2.2
8828aa3169fffff,H3,2025,16,2.7
8828aa3169fffff,H3,2025,17,3.5
8828aa3169fffff,H3,2025,18,4.1
8828aa3169fffff,H3,2025,19,4.4
8828aa3169fffff,H3,2025,20,4.5
8828aa3169fffff,H3,2025,21,4.5
8828aa3169fffff,H3,2025,22,4.2
8828aa3169fffff,H3,2025,23,3.6
8828ac96b3fffff,H3,2025,0,4.0
8828ac96b3fffff,H3,2025,1,3.4
8828ac96b3fffff,H3,2025,2,3.0
8828ac96b3fffff,H3,2025,3,2.7
8828ac96b3fffff,H3,2025,4,2.4
8828ac96b3fffff,H3,2025,5,2.2
8828ac96b3fffff,H3,2025,6,2.0
8828ac96b3fffff,H3,2025,7,1.6
8828ac96b3fffff,H3,2025,8,1.4
8828ac96b3fffff,H3,2025,9,1.4
8828ac96b3fffff,H3,2025,10,1.5
8828ac96b3fffff,H3,2025,11,1.6
8828ac96b3fffff,H3,2025,12,1.9
8828ac96b3fffff,H3,2025,13,2.2
8828ac96b3fffff,H3,2025,14,2.4
8828ac96b3fffff,H3,2025,15,2.8
8828ac96b3fffff,H3,2025,16,3.5
8828ac96b3fffff,H3,2025,17,4.5
8828ac96b3fffff,H3,2025,18,5.3
8828ac96b3fffff,H3,2025,19,5.7
8828ac96b3fffff,H3,2025,20,5.9
8828ac96b3fffff,H3,2025,21,5.7
8828ac96b3fffff,H3,2025,22,5.2
8828ac96b3fffff,H3,2025,23,4.7
8828ae2081fffff,H3,2025,0,1.9
8828ae2081fffff,H3,2025,1,1.7
8828ae2081fffff,H3,2025,2,1.5
8828ae2081fffff,H3,2025,3,1.4
8828ae2081fffff,H3,2025,4,1.2
8828ae2081fffff,H3,2025,5,1.1
8828ae2081fffff,H3,2025,6,1.0
8828ae2081fffff,H3,2025,7,0.9
8828ae2081fffff,H3,2025,8,0.8
8828ae2081fffff,H3,2025,9,0.7
8828ae2081fffff,H3,2025,10,0.8
8828ae2081fffff,H3,2025,11,0.9
8828ae2081fffff,H3,2025,12,1.0
8828ae2081fffff,H3,2025,13,1.1
8828ae2081fffff,H3,2025,14,1.2
8828ae2081fffff,H3,2025,15,1.6
8828ae2081fffff,H3,2025,16,1.9
8828ae2081fffff,H3,2025,17,2.5
8828ae2081fffff,H3,2025,18,2.8
8828ae2081fffff,H3,2025,19,3.0
8828ae2081fffff,H3,2025,20,3.1
8828ae2081fffff,H3,2025,21,3.0
8828ae2081fffff,H3,2025,22,2.7
8828ae2081fffff,H3,2025,23,2.4
8828b031d5fffff,H3,2025,0,2.3
8828b031d5fffff,H3,2025,1,2.0
8828b031d5fffff,H3,2025,2,1.7
8828b031d5fffff,H3,2025,3,1.6
8828b031d5fffff,H3,2025,4,1.4
8828b031d5fffff,H3,2025,5,1.2
8828b031d5fffff,H3,2025,6,1.1
8828b031d5fffff,H3,2025,7,0.9
8828b031d5fffff,H3,2025,8,0.8
8828b031d5fffff,H3,2025,9,0.8
8828b031d5fffff,H3,2025,10,0.8
8828b031d5fffff,H3,2025,11,0.9
8828b031d5fffff,H3,2025,12,1.0
8828b031d5fffff,H3,2025,13,1.2
8828b031d5fffff,H3,2025,14,1.4
8828b031d5fffff,H3,2025,15,1.6
8828b031d5fffff,H3,2025,16,1.9
8828b031d5fffff,H3,2025,17,2.5
8828b031d5fffff,H3,2025,18,3.0
8828b031d5fffff,H3,2025,19,3.2
8828b031d5fffff,H3,2025,20,3.3
8828b031d5fffff,H3,2025,21,3.3
8828b031d5fffff,H3,2025,22,3.1
8828b031d5fffff,H3,2025,23,2.7
8828b11b5dfffff,H3,2025,0,1.2
8828b11b5dfffff,H3,2025,1,1.0
8828b11b5dfffff,H3,2025,2,0.9
8828b11b5dfffff,H3,2025,3,0.8
8828b11b5dfffff,H3,2025,4,0.8
8828b11b5dfffff,H3,2025,5,0.7
8828b11b5dfffff,H3,2025,6,0.6
8828b11b5dfffff,H3,2025,7,0.5
8828b11b5dfffff,H3,2025,8,0.5
8828b11b5dfffff,H3,2025,9,0.3
8828b11b5dfffff,H3,2025,10,0.5
8828b11b5dfffff,H3,2025,11,0.5
8828b11b5dfffff,H3,2025,12,0.6
8828b11b5dfffff,H3,2025,13,0.7
8828b11b5dfffff,H3,2025,14,0.7
8828b11b5dfffff,H3,2025,15,0.8
8828b11b5dfffff,H3,2025,16,1.0
8828b11b5dfffff,H3,2025,17,1.4
8828b11b5dfffff,H3,2025,18,1.6
8828b11b5dfffff,H3,2025,19,1.7
8828b11b5dfffff,H3,2025,20,1.8
8828b11b5dfffff,H3,2025,21,1.7
8828b11b5dfffff,H3,2025,22,1.6
8828b11b5dfffff,H3,2025,23,1.5
8828b14659fffff,H3,2025,0,2.0
8828b14659fffff,H3,2025,1,1.8
8828b14659fffff,H3,2025,2,1.6
8828b14659fffff,H3,2025,3,1.4
8828b14659fffff,H3,2025,4,1.2
8828b14659fffff,H3,2025,5,1.1
8828b14659fffff,H3,2025,6,1.0
8828b14659fffff,H3,2025,7,0.8
8828b14659fffff,H3,2025,8,0.7
8828b14659fffff,H3,2025,9,0.7
8828b14659fffff,H3,2025,10,0.7
8828b14659fffff,H3,2025,11,0.8
8828b14659fffff,H3,2025,12,0.9
8828b14659fffff,H3,2025,13,1.0
8828b14659fffff,H3,2025,14,1.1
8828b14659fffff,H3,2025,15,1.4
8828b14659fffff,H3,2025,16,1.7
8828b14659fffff,H3,2025,17,2.3
8828b14659fffff,H3,2025,18,2.6
8828b14659fffff,H3,2025,19,2.8
8828b14659fffff,H3,2025,20,3.0
8828b14659fffff,H3,2025,21,3.0
8828b14659fffff,H3,2025,22,2.7
8828b14659fffff,H3,2025,23,2.4
8828b1c76bfffff,H3,2025,0,3.3
8828b1c76bfffff,H3,2025,1,3.0
8828b1c76bfffff,H3,2025,2,2.5
8828b1c76bfffff,H3,2025,3,2.3
8828b1c76bfffff,H3,2025,4,2.0
8828b1c76bfffff,H3,2025,5,1.8
8828b1c76bfffff,H3,2025,6,1.7
8828b1c76bfffff,H3,2025,7,1.4
8828b1c76bfffff,H3,2025,8,1.1
8828b1c76bfffff,H3,2025,9,1.1
8828b1c76bfffff,H3,2025,10,1.1
8828b1c76bfffff,H3,2025,11,1.4
8828b1c76bfffff,H3,2025,12,1.6
8828b1c76bfffff,H3,2025,13,1.7
8828b1c76bfffff,H3,2025,14,1.9
8828b1c76bfffff,H3,2025,15,2.3
8828b1c76bfffff,H3,2025,16,2.8
8828b1c76bfffff,H3,2025,17,3.8
8828b1c76bfffff,H3,2025,18,4.4
8828b1c76bfffff,H3,2025,19,4.7
8828b1c76bfffff,H3,2025,20,4.9
8828b1c76bfffff,H3,2025,21,4.8
8828b1c76bfffff,H3,2025,22,4.4
8828b1c76bfffff,H3,2025,23,4.0
8828b2a867fffff,H3,2025,0,1.2
8828b2a867fffff,H3,2025,1,1.1
8828b2a867fffff,H3,2025,2,0.9
8828b2a867fffff,H3,2025,3,0.9
8828b2a867fffff,H3,2025,4,0.8
8828b2a867fffff,H3,2025,5,0.7
8828b2a867fffff,H3,2025,6,0.7
8828b2a867fffff,H3,2025,7,0.5
8828b2a867fffff,H3,2025,8,0.5
8828b2a867fffff,H3,2025,9,0.5
8828b2a867fffff,H3,2025,10,0.5
8828b2a867fffff,H3,2025,11,0.5
8828b2a867fffff,H3,2025,12,0.6
8828b2a867fffff,H3,2025,13,0.7
8828b2a867fffff,H3,2025,14,0.7
8828b2a867fffff,H3,2025,15,0.9
8828b2a867fffff,H3,2025,16,1.0
8828b2a867fffff,H3,2025,17,1.4
8828b2a867fffff,H3,2025,18,1.6
8828b2a867fffff,H3,2025,19,1.8
8828b2a867fffff,H3,2025,20,1.8
8828b2a867fffff,H3,2025,21,1.8
8828b2a867fffff,H3,2025,22,1.7
8828b2a867fffff,H3,2025,23,1.5
8828c2480dfffff,H3,2025,0,6.2
8828c2480dfffff,H3,2025,1,5.5
8828c2480dfffff,H3,2025,2,4.8
8828c2480dfffff,H3,2025,3,4.2
8828c2480dfffff,H3,2025,4,3.9
8828c2480dfffff,H3,2025,5,3.5
8828c2480dfffff,H3,2025,6,3.2
8828c2480dfffff,H3,2025,7,2.5
8828c2480dfffff,H3,2025,8,2.2
8828c2480dfffff,H3,2025,9,2.0
8828c2480dfffff,H3,2025,10,2.3
8828c2480dfffff,H3,2025,11,2.6
8828c2480dfffff,H3,2025,12,3.0
8828c2480dfffff,H3,2025,13,3.3
8828c2480dfffff,H3,2025,14,3.8
8828c2480dfffff,H3,2025,15,4.4
8828c2480dfffff,H3,2025,16,5.5
8828c2480dfffff,H3,2025,17,7.2
8828c2480dfffff,H3,2025,18,8.3
8828c2480dfffff,H3,2025,19,8.9
8828c2480dfffff,H3,2025,20,9.2
8828c2480dfffff,H3,2025,21,9.0
8828c2480dfffff,H3,2025,22,8.3
8828c2480dfffff,H3,2025,23,7.4
8828c2483dfffff,H3,2025,0,2.5
8828c2483dfffff,H3,2025,1,2.3
8828c2483dfffff,H3,2025,2,1.9
8828c2483dfffff,H3,2025,3,1.7
8828c2483dfffff,H3,2025,4,1.6
8828c2483dfffff,H3,2025,5,1.5
8828c2483dfffff,H3,2025,6,1.2
8828c2483dfffff,H3,2025,7,1.0
8828c2483dfffff,H3,2025,8,0.9
8828c2483dfffff,H3,2025,9,0.8
8828c2483dfffff,H3,2025,10,0.9
8828c2483dfffff,H3,2025,11,1.0
8828c2483dfffff,H3,2025,12,1.1
8828c2483dfffff,H3,2025,13,1.2
8828c2483dfffff,H3,2025,14,1.5
8828c2483dfffff,H3,2025,15,1.7
8828c2483dfffff,H3,2025,16,2.2
8828c2483dfffff,H3,2025,17,2.8
8828c2483dfffff,H3,2025,18,3.3
8828c2483dfffff,H3,2025,19,3.5
8828c2483dfffff,H3,2025,20,3.6
8828c2483dfffff,H3,2025,21,3.6
8828c2483dfffff,H3,2025,22,3.4
8828c2483dfffff,H3,2025,23,3.0
8828d06727fffff,H3,2025,0,1.5
8828d06727fffff,H3,2025,1,1.4
8828d06727fffff,H3,2025,2,1.1
8828d06727fffff,H3,2025,3,1.0
8828d06727fffff,H3,2025,4,0.9
8828d06727fffff,H3,2025,5,0.9
8828d06727fffff,H3,2025,6,0.8
8828d06727fffff,H3,2025,7,0.6
8828d06727fffff,H3,2025,8,0.6
8828d06727fffff,H3,2025,9,0.5
8828d06727fffff,H3,2025,10,0.6
8828d06727fffff,H3,2025,11,0.7
8828d06727fffff,H3,2025,12,0.7
8828d06727fffff,H3,2025,13,0.8
8828d06727fffff,H3,2025,14,0.9
8828d06727fffff,H3,2025,15,1.0
8828d06727fffff,H3,2025,16,1.2
8828d06727fffff,H3,2025,17,1.7
8828d06727fffff,H3,2025,18,2.0
8828d06727fffff,H3,2025,19,2.2
8828d06727fffff,H3,2025,20,2.3
8828d06727fffff,H3,2025,21,2.2
8828d06727fffff,H3,2025,22,2.0
8828d06727fffff,H3,2025,23,1.8
8828d0b5adfffff,H3,2025,0,7.2
8828d0b5adfffff,H3,2025,1,6.2
8828d0b5adfffff,H3,2025,2,5.5
8828d0b5adfffff,H3,2025,3,4.9
8828d0b5adfffff,H3,2025,4,4.4
8828d0b5adfffff,H3,2025,5,4.1
8828d0b5adfffff,H3,2025,6,3.6
8828d0b5adfffff,H3,2025,7,3.0
8828d0b5adfffff,H3,2025,8,2.5
8828d0b5adfffff,H3,2025,9,2.4
8828d0b5adfffff,H3,2025,10,2.6
8828d0b5adfffff,H3,2025,11,3.0
8828d0b5adfffff,H3,2025,12,3.5
8828d0b5adfffff,H3,2025,13,3.9
8828d0b5adfffff,H3,2025,14,4.3
8828d0b5adfffff,H3,2025,15,5.1
8828d0b5adfffff,H3,2025,16,6.4
8828d0b5adfffff,H3,2025,17,8.3
8828d0b5adfffff,H3,2025,18,9.7
8828d0b5adfffff,H3,2025,19,10.3
8828d0b5adfffff,H3,2025,20,10.7
8828d0b5adfffff,H3,2025,21,10.3
8828d0b5adfffff,H3,2025,22,9.5
8828d0b5adfffff,H3,2025,23,8.5
8828d16c09fffff,H3,2025,0,14.4
8828d16c09fffff,H3,2025,1,12.6
8828d16c09fffff,H3,2025,2,11.0
8828d16c09fffff,H3,2025,3,9.9
8828d16c09fffff,H3,2025,4,9.0
8828d16c09fffff,H3,2025,5,8.2
8828d16c09fffff,H3,2025,6,7.2
8828d16c09fffff,H3,2025,7,5.8
8828d16c09fffff,H3,2025,8,4.8
8828d16c09fffff,H3,2025,9,4.7
8828d16c09fffff,H3,2025,10,5.0
8828d16c09fffff,H3,2025,11,5.8
8828d16c09fffff,H3,2025,12,6.6
8828d16c09fffff,H3,2025,13,7.4
8828d16c09fffff,H3,2025,14,8.3
8828d16c09fffff,H3,2025,15,9.8
8828d16c09fffff,H3,2025,16,12.2
8828d16c09fffff,H3,2025,17,15.9
8828d16c09fffff,H3,2025,18,18.6
8828d16c09fffff,H3,2025,19,20.1
8828d16c09fffff,H3,2025,20,20.9
8828d16c09fffff,H3,2025,21,20.5
8828d16c09fffff,H3,2025,22,19.1
8828d16c09fffff,H3,2025,23,16.9
8828d17883fffff,H3,2025,0,4.4
8828d17883fffff,H3,2025,1,3.9
8828d17883fffff,H3,2025,2,3.4
8828d17883fffff,H3,2025,3,3.1
8828d17883fffff,H3,2025,4,2.7
8828d17883fffff,H3,2025,5,2.5
8828d17883fffff,H3,2025,6,2.2
8828d17883fffff,H3,2025,7,1.8
8828d17883fffff,H3,2025,8,1.5
8828d17883fffff,H3,2025,9,1.5
8828d17883fffff,H3,2025,10,1.6
8828d17883fffff,H3,2025,11,1.8
8828d17883fffff,H3,2025,12,2.0
8828d17883fffff,H3,2025,13,2.3
8828d17883fffff,H3,2025,14,2.6
8828d17883fffff,H3,2025,15,3.1
8828d17883fffff,H3,2025,16,3.8
8828d17883fffff,H3,2025,17,4.9
8828d17883fffff,H3,2025,18,5.8
8828d17883fffff,H3,2025,19,6.2
8828d17883fffff,H3,2025,20,6.5
8828d17883fffff,H3,2025,21,6.2
8828d17883fffff,H3,2025,22,5.9
8828d17883fffff,H3,2025,23,5.2
8828d17b39fffff,H3,2025,0,2.4
8828d17b39fffff,H3,2025,1,2.2
8828d17b39fffff,H3,2025,2,1.8
8828d17b39fffff,H3,2025,3,1.7
8828d17b39fffff,H3,2025,4,1.5
8828d17b39fffff,H3,2025,5,1.4
8828d17b39fffff,H3,2025,6,1.2
8828d17b39fffff,H3,2025,7,0.9
8828d17b39fffff,H3,2025,8,0.8
8828d17b39fffff,H3,2025,9,0.8
8828d17b39fffff,H3,2025,10,0.8
8828d17b39fffff,H3,2025,11,0.9
8828d17b39fffff,H3,2025,12,1.1
8828d17b39fffff,H3,2025,13,1.2
8828d17b39fffff,H3,2025,14,1.4
8828d17b39fffff,H3,2025,15,1.6
8828d17b39fffff,H3,2025,16,2.0
8828d17b39fffff,H3,2025,17,2.6
8828d17b39fffff,H3,2025,18,3.2
8828d17b39fffff,H3,2025,19,3.4
8828d17b39fffff,H3,2025,20,3.5
8828d17b39fffff,H3,2025,21,3.4
8828d17b39fffff,H3,2025,22,3.2
8828d17b39fffff,H3,2025,23,2.8
8828d1c5cbfffff,H3,2025,0,8.1
8828d1c5cbfffff,H3,2025,1,7.0
8828d1c5cbfffff,H3,2025,2,6.1
8828d1c5cbfffff,H3,2025,3,5.5
8828d1c5cbfffff,H3,2025,4,4.9
8828d1c5cbfffff,H3,2025,5,4.5
8828d1c5cbfffff,H3,2025,6,4.1
8828d1c5cbfffff,H3,2025,7,3.3
8828d1c5cbfffff,H3,2025,8,2.8
8828d1c5cbfffff,H3,2025,9,2.7
8828d1c5cbfffff,H3,2025,10,3.0
8828d1c5cbfffff,H3,2025,11,3.4
8828d1c5cbfffff,H3,2025,12,4.0
8828d1c5cbfffff,H3,2025,13,4.4
8828d1c5cbfffff,H3,2025,14,4.9
8828d1c5cbfffff,H3,2025,15,5.8
8828d1c5cbfffff,H3,2025,16,7.2
8828d1c5cbfffff,H3,2025,17,9.3
8828d1c5cbfffff,H3,2025,18,10.9
8828d1c5cbfffff,H3,2025,19,11.6
8828d1c5cbfffff,H3,2025,20,12.0
8828d1c5cbfffff,H3,2025,21,11.7
8828d1c5cbfffff,H3,2025,22,10.8
8828d1c5cbfffff,H3,2025,23,9.5
8828d1c717fffff,H3,2025,0,1.2
8828d1c717fffff,H3,2025,1,1.1
8828d1c717fffff,H3,2025,2,0.9
8828d1c717fffff,H3,2025,3,0.8
8828d1c717fffff,H3,2025,4,0.8
8828d1c717fffff,H3,2025,5,0.7
8828d1c717fffff,H3,2025,6,0.7
8828d1c717fffff,H3,2025,7,0.6
8828d1c717fffff,H3,2025,8,0.5
8828d1c717fffff,H3,2025,9,0.5
8828d1c717fffff,H3,2025,10,0.5
8828d1c717fffff,H3,2025,11,0.6
8828d1c717fffff,H3,2025,12,0.7
8828d1c717fffff,H3,2025,13,0.8
8828d1c717fffff,H3,2025,14,0.8
8828d1c717fffff,H3,2025,15,1.0
8828d1c717fffff,H3,2025,16,1.2
8828d1c717fffff,H3,2025,17,1.6
8828d1c717fffff,H3,2025,18,1.8
8828d1c717fffff,H3,2025,19,1.9
8828d1c717fffff,H3,2025,20,1.9
8828d1c717fffff,H3,2025,21,1.9
8828d1c717fffff,H3,2025,22,1.7
8828d1c717fffff,H3,2025,23,1.5
8828d248e9fffff,H3,2025,0,2.8
8828d248e9fffff,H3,2025,1,2.5
8828d248e9fffff,H3,2025,2,2.2
8828d248e9fffff,H3,2025,3,1.9
8828d248e9fffff,H3,2025,4,1.8
8828d248e9fffff,H3,2025,5,1.6
8828d248e9fffff,H3,2025,6,1.5
8828d248e9fffff,H3,2025,7,1.1
8828d248e9fffff,H3,2025,8,0.9
8828d248e9fffff,H3,2025,9,0.9
8828d248e9fffff,H3,2025,10,1.0
8828d248e9fffff,H3,2025,11,1.1
8828d248e9fffff,H3,2025,12,1.4
8828d248e9fffff,H3,2025,13,1.5
8828d248e9fffff,H3,2025,14,1.6
8828d248e9fffff,H3,2025,15,1.9
8828d248e9fffff,H3,2025,16,2.4
8828d248e9fffff,H3,2025,17,3.2
8828d248e9fffff,H3,2025,18,3.8
8828d248e9fffff,H3,2025,19,4.0
8828d248e9fffff,H3,2025,20,4.2
8828d248e9fffff,H3,2025,21,4.1
8828d248e9fffff,H3,2025,22,3.9
8828d248e9fffff,H3,2025,23,3.4
8828d3a765fffff,H3,2025,0,5.3
8828d3a765fffff,H3,2025,1,4.7
8828d3a765fffff,H3,2025,2,4.1
8828d3a765fffff,H3,2025,3,3.6
8828d3a765fffff,H3,2025,4,3.3
8828d3a765fffff,H3,2025,5,3.1
8828d3a765fffff,H3,2025,6,2.7
8828d3a765fffff,H3,2025,7,2.2
8828d3a765fffff,H3,2025,8,1.8
8828d3a765fffff,H3,2025,9,1.7
8828d3a765fffff,H3,2025,10,1.8
8828d3a765fffff,H3,2025,11,2.2
8828d3a765fffff,H3,2025,12,2.5
8828d3a765fffff,H3,2025,13,2.7
8828d3a765fffff,H3,2025,14,3.1
8828d3a765fffff,H3,2025,15,3.6
8828d3a765fffff,H3,2025,16,4.5
8828d3a765fffff,H3,2025,17,5.9
8828d3a765fffff,H3,2025,18,6.9
8828d3a765fffff,H3,2025,19,7.5
8828d3a765fffff,H3,2025,20,7.7
8828d3a765fffff,H3,2025,21,7.6
8828d3a765fffff,H3,2025,22,7.0
8828d3a765fffff,H3,2025,23,6.2
8828d42f69fffff,H3,2025,0,1.2
8828d42f69fffff,H3,2025,1,1.0
8828d42f69fffff,H3,2025,2,0.9
8828d42f69fffff,H3,2025,3,0.8
8828d42f69fffff,H3,2025,4,0.8
8828d42f69fffff,H3,2025,5,0.7
8828d42f69fffff,H3,2025,6,0.6
8828d42f69fffff,H3,2025,7,0.5
8828d42f69fffff,H3,2025,8,0.5
8828d42f69fffff,H3,2025,9,0.3
8828d42f69fffff,H3,2025,10,0.5
8828d42f69fffff,H3,2025,11,0.5
8828d42f69fffff,H3,2025,12,0.6
8828d42f69fffff,H3,2025,13,0.7
8828d42f69fffff,H3,2025,14,0.7
8828d42f69fffff,H3,2025,15,0.8
8828d42f69fffff,H3,2025,16,1.0
8828d42f69fffff,H3,2025,17,1.4
8828d42f69fffff,H3,2025,18,1.6
8828d42f69fffff,H3,2025,19,1.7
8828d42f69fffff,H3,2025,20,1.8
8828d42f69fffff,H3,2025,21,1.7
8828d42f69fffff,H3,2025,22,1.6
8828d42f69fffff,H3,2025,23,1.5
8828d49599fffff,H3,2025,0,5.1
8828d49599fffff,H3,2025,1,4.4
8828d49599fffff,H3,2025,2,3.9
8828d49599fffff,H3,2025,3,3.5
8828d49599fffff,H3,2025,4,3.2
8828d49599fffff,H3,2025,5,2.8
8828d49599fffff,H3,2025,6,2.6
8828d49599fffff,H3,2025,7,2.0
8828d49599fffff,H3,2025,8,1.7
8828d49599fffff,H3,2025,9,1.7
8828d49599fffff,H3,2025,10,1.8
8828d49599fffff,H3,2025,11,2.0
8828d49599fffff,H3,2025,12,2.4
8828d49599fffff,H3,2025,13,2.7
8828d49599fffff,H3,2025,14,3.0
8828d49599fffff,H3,2025,15,3.5
8828d49599fffff,H3,2025,16,4.4
8828d49599fffff,H3,2025,17,5.8
8828d49599fffff,H3,2025,18,6.7
8828d49599fffff,H3,2025,19,7.2
8828d49599fffff,H3,2025,20,7.5
8828d49599fffff,H3,2025,21,7.4
8828d49599fffff,H3,2025,22,6.8
8828d49599fffff,H3,2025,23,6.0
8828d508a3fffff,H3,2025,0,1.9
8828d508a3fffff,H3,2025,1,1.7
8828d508a3fffff,H3,2025,2,1.5
8828d508a3fffff,H3,2025,3,1.2
8828d508a3fffff,H3,2025,4,1.1
8828d508a3fffff,H3,2025,5,1.0
8828d508a3fffff,H3,2025,6,0.9
8828d508a3fffff,H3,2025,7,0.8
8828d508a3fffff,H3,2025,8,0.7
8828d508a3fffff,H3,2025,9,0.7
8828d508a3fffff,H3,2025,10,0.7
8828d508a3fffff,H3,2025,11,0.8
8828d508a3fffff,H3,2025,12,0.9
8828d508a3fffff,H3,2025,13,1.0
8828d508a3fffff,H3,2025,14,1.1
8828d508a3fffff,H3,2025,15,1.4
8828d508a3fffff,H3,2025,16,1.6
8828d508a3fffff,H3,2025,17,2.2
8828d508a3fffff,H3,2025,18,2.5
8828d508a3fffff,H3,2025,19,2.7
8828d508a3fffff,H3,2025,20,2.8
8828d508a3fffff,H3,2025,21,2.7
8828d508a3fffff,H3,2025,22,2.5
8828d508a3fffff,H3,2025,23,2.3
8828d50a0dfffff,H3,2025,0,10.1
8828d50a0dfffff,H3,2025,1,8.8
8828d50a0dfffff,H3,2025,2,7.5
8828d50a0dfffff,H3,2025,3,6.7
8828d50a0dfffff,H3,2025,4,6.0
8828d50a0dfffff,H3,2025,5,5.6
8828d50a0dfffff,H3,2025,6,5.1
8828d50a0dfffff,H3,2025,7,4.3
8828d50a0dfffff,H3,2025,8,4.0
8828d50a0dfffff,H3,2025,9,3.9
8828d50a0dfffff,H3,2025,10,4.2
8828d50a0dfffff,H3,2025,11,4.8
8828d50a0dfffff,H3,2025,12,5.6
8828d50a0dfffff,H3,2025,13,6.2
8828d50a0dfffff,H3,2025,14,6.7
8828d50a0dfffff,H3,2025,15,7.8
8828d50a0dfffff,H3,2025,16,9.7
8828d50a0dfffff,H3,2025,17,12.4
8828d50a0dfffff,H3,2025,18,14.3
8828d50a0dfffff,H3,2025,19,15.2
8828d50a0dfffff,H3,2025,20,15.7
8828d50a0dfffff,H3,2025,21,15.0
8828d50a0dfffff,H3,2025,22,13.9
8828d50a0dfffff,H3,2025,23,12.0
8828d540cdfffff,H3,2025,0,5.8
8828d540cdfffff,H3,2025,1,5.1
8828d540cdfffff,H3,2025,2,4.4
8828d540cdfffff,H3,2025,3,4.0
8828d540cdfffff,H3,2025,4,3.6
8828d540cdfffff,H3,2025,5,3.3
8828d540cdfffff,H3,2025,6,3.0
8828d540cdfffff,H3,2025,7,2.3
8828d540cdfffff,H3,2025,8,1.9
8828d540cdfffff,H3,2025,9,1.9
8828d540cdfffff,H3,2025,10,2.0
8828d540cdfffff,H3,2025,11,2.3
8828d540cdfffff,H3,2025,12,2.7
8828d540cdfffff,H3,2025,13,3.0
8828d540cdfffff,H3,2025,14,3.4
8828d540cdfffff,H3,2025,15,4.0
8828d540cdfffff,H3,2025,16,4.9
8828d540cdfffff,H3,2025,17,6.5
8828d540cdfffff,H3,2025,18,7.6
8828d540cdfffff,H3,2025,19,8.2
8828d540cdfffff,H3,2025,20,8.5
8828d540cdfffff,H3,2025,21,8.3
8828d540cdfffff,H3,2025,22,7.7
8828d540cdfffff,H3,2025,23,6.9
8828d542c1fffff,H3,2025,0,3.2
8828d542c1fffff,H3,2025,1,2.7
8828d542c1fffff,H3,2025,2,2.4
8828d542c1fffff,H3,2025,3,2.2
8828d542c1fffff,H3,2025,4,1.9
8828d542c1fffff,H3,2025,5,1.8
8828d542c1fffff,H3,2025,6,1.6
8828d542c1fffff,H3,2025,7,1.2
8828d542c1fffff,H3,2025,8,1.0
8828d542c1fffff,H3,2025,9,1.0
8828d542c1fffff,H3,2025,10,1.1
8828d542c1fffff,H3,2025,11,1.2
8828d542c1fffff,H3,2025,12,1.5
8828d542c1fffff,H3,2025,13,1.6
8828d542c1fffff,H3,2025,14,1.8
8828d542c1fffff,H3,2025,15,2.2
8828d542c1fffff,H3,2025,16,2.7
8828d542c1fffff,H3,2025,17,3.5
8828d542c1fffff,H3,2025,18,4.1
8828d542c1fffff,H3,2025,19,4.4
8828d542c1fffff,H3,2025,20,4.5
8828d542c1fffff,H3,2025,21,4.4
8828d542c1fffff,H3,2025,22,4.1
8828d542c1fffff,H3,2025,23,3.6
8828d542c9fffff,H3,2025,0,2.7
8828d542c9fffff,H3,2025,1,2.4
8828d542c9fffff,H3,2025,2,2.0
8828d542c9fffff,H3,2025,3,1.8
8828d542c9fffff,H3,2025,4,1.7
8828d542c9fffff,H3,2025,5,1.5
8828d542c9fffff,H3,2025,6,1.4
8828d542c9fffff,H3,2025,7,1.0
8828d542c9fffff,H3,2025,8,0.9
8828d542c9fffff,H3,2025,9,0.9
8828d542c9fffff,H3,2025,10,0.9
8828d542c9fffff,H3,2025,11,1.0
8828d542c9fffff,H3,2025,12,1.2
8828d542c9fffff,H3,2025,13,1.4
8828d542c9fffff,H3,2025,14,1.6
8828d542c9fffff,H3,2025,15,1.8
8828d542c9fffff,H3,2025,16,2.3
8828d542c9fffff,H3,2025,17,3.0
8828d542c9fffff,H3,2025,18,3.5
8828d542c9fffff,H3,2025,19,3.8
8828d542c9fffff,H3,2025,20,3.9
8828d542c9fffff,H3,2025,21,3.9
8828d542c9fffff,H3,2025,22,3.5
8828d542c9fffff,H3,2025,23,3.2
8828d542ddfffff,H3,2025,0,2.4
8828d542ddfffff,H3,2025,1,2.0
8828d542ddfffff,H3,2025,2,1.8
8828d542ddfffff,H3,2025,3,1.6
8828d542ddfffff,H3,2025,4,1.5
8828d542ddfffff,H3,2025,5,1.4
8828d542ddfffff,H3,2025,6,1.1
8828d542ddfffff,H3,2025,7,0.9
8828d542ddfffff,H3,2025,8,0.8
8828d542ddfffff,H3,2025,9,0.8
8828d542ddfffff,H3,2025,10,0.8
8828d542ddfffff,H3,2025,11,0.9
8828d542ddfffff,H3,2025,12,1.1
8828d542ddfffff,H3,2025,13,1.2
8828d542ddfffff,H3,2025,14,1.4
8828d542ddfffff,H3,2025,15,1.6
8828d542ddfffff,H3,2025,16,2.0
8828d542ddfffff,H3,2025,17,2.6
8828d542ddfffff,H3,2025,18,3.1
8828d542ddfffff,H3,2025,19,3.3
8828d542ddfffff,H3,2025,20,3.4
8828d542ddfffff,H3,2025,21,3.4
8828d542ddfffff,H3,2025,22,3.2
8828d542ddfffff,H3,2025,23,2.8
8828d55099fffff,H3,2025,0,4.0
8828d55099fffff,H3,2025,1,3.5
8828d55099fffff,H3,2025,2,3.1
8828d55099fffff,H3,2025,3,2.7
8828d55099fffff,H3,2025,4,2.5
8828d55099fffff,H3,2025,5,2.3
8828d55099fffff,H3,2025,6,2.0
8828d55099fffff,H3,2025,7,1.6
8828d55099fffff,H3,2025,8,1.4
8828d55099fffff,H3,2025,9,1.4
8828d55099fffff,H3,2025,10,1.5
8828d55099fffff,H3,2025,11,1.7
8828d55099fffff,H3,2025,12,1.9
8828d55099fffff,H3,2025,13,2.2
8828d55099fffff,H3,2025,14,2.4
8828d55099fffff,H3,2025,15,2.8
8828d55099fffff,H3,2025,16,3.5
8828d55099fffff,H3,2025,17,4.7
8828d55099fffff,H3,2025,18,5.3
8828d55099fffff,H3,2025,19,5.7
8828d55099fffff,H3,2025,20,5.9
8828d55099fffff,H3,2025,21,5.8
8828d55099fffff,H3,2025,22,5.3
8828d55099fffff,H3,2025,23,4.8
8828d5509dfffff,H3,2025,0,1.4
8828d5509dfffff,H3,2025,1,1.1
8828d5509dfffff,H3,2025,2,1.0
8828d5509dfffff,H3,2025,3,0.9
8828d5509dfffff,H3,2025,4,0.8
8828d5509dfffff,H3,2025,5,0.8
8828d5509dfffff,H3,2025,6,0.7
8828d5509dfffff,H3,2025,7,0.6
8828d5509dfffff,H3,2025,8,0.5
8828d5509dfffff,H3,2025,9,0.5
8828d5509dfffff,H3,2025,10,0.5
8828d5509dfffff,H3,2025,11,0.6
8828d5509dfffff,H3,2025,12,0.6
8828d5509dfffff,H3,2025,13,0.7
8828d5509dfffff,H3,2025,14,0.8
8828d5509dfffff,H3,2025,15,0.9
8828d5509dfffff,H3,2025,16,1.1
8828d5509dfffff,H3,2025,17,1.5
8828d5509dfffff,H3,2025,18,1.7
8828d5509dfffff,H3,2025,19,1.8
8828d5509dfffff,H3,2025,20,1.9
8828d5509dfffff,H3,2025,21,1.9
8828d5509dfffff,H3,2025,22,1.7
8828d5509dfffff,H3,2025,23,1.6
8828d55219fffff,H3,2025,0,2.6
8828d55219fffff,H3,2025,1,2.3
8828d55219fffff,H3,2025,2,2.0
8828d55219fffff,H3,2025,3,1.8
8828d55219fffff,H3,2025,4,1.6
8828d55219fffff,H3,2025,5,1.5
8828d55219fffff,H3,2025,6,1.4
8828d55219fffff,H3,2025,7,1.0
8828d55219fffff,H3,2025,8,0.9
8828d55219fffff,H3,2025,9,0.9
8828d55219fffff,H3,2025,10,0.9
8828d55219fffff,H3,2025,11,1.0
8828d55219fffff,H3,2025,12,1.2
8828d55219fffff,H3,2025,13,1.4
8828d55219fffff,H3,2025,14,1.5
8828d55219fffff,H3,2025,15,1.8
8828d55219fffff,H3,2025,16,2.2
8828d55219fffff,H3,2025,17,2.8
8828d55219fffff,H3,2025,18,3.4
8828d55219fffff,H3,2025,19,3.6
8828d55219fffff,H3,2025,20,3.9
8828d55219fffff,H3,2025,21,3.8
8828d55219fffff,H3,2025,22,3.5
8828d55219fffff,H3,2025,23,3.1
8828d5525dfffff,H3,2025,0,1.2
8828d5525dfffff,H3,2025,1,1.0
8828d5525dfffff,H3,2025,2,0.9
8828d5525dfffff,H3,2025,3,0.8
8828d5525dfffff,H3,2025,4,0.8
8828d5525dfffff,H3,2025,5,0.7
8828d5525dfffff,H3,2025,6,0.6
8828d5525dfffff,H3,2025,7,0.5
8828d5525dfffff,H3,2025,8,0.5
8828d5525dfffff,H3,2025,9,0.3
8828d5525dfffff,H3,2025,10,0.5
8828d5525dfffff,H3,2025,11,0.5
8828d5525dfffff,H3,2025,12,0.6
8828d5525dfffff,H3,2025,13,0.7
8828d5525dfffff,H3,2025,14,0.7
8828d5525dfffff,H3,2025,15,0.8
8828d5525dfffff,H3,2025,16,1.0
8828d5525dfffff,H3,2025,17,1.4
8828d5525dfffff,H3,2025,18,1.6
8828d5525dfffff,H3,2025,19,1.7
8828d5525dfffff,H3,2025,20,1.8
8828d5525dfffff,H3,2025,21,1.7
8828d5525dfffff,H3,2025,22,1.6
8828d5525dfffff,H3,2025,23,1.5
8828d55561fffff,H3,2025,0,1.8
8828d55561fffff,H3,2025,1,1.6
8828d55561fffff,H3,2025,2,1.4
8828d55561fffff,H3,2025,3,1.2
8828d55561fffff,H3,2025,4,1.1
8828d55561fffff,H3,2025,5,1.0
8828d55561fffff,H3,2025,6,0.9
8828d55561fffff,H3,2025,7,0.8
8828d55561fffff,H3,2025,8,0.7
8828d55561fffff,H3,2025,9,0.6
8828d55561fffff,H3,2025,10,0.7
8828d55561fffff,H3,2025,11,0.8
8828d55561fffff,H3,2025,12,0.9
8828d55561fffff,H3,2025,13,0.9
8828d55561fffff,H3,2025,14,1.0
8828d55561fffff,H3,2025,15,1.2
8828d55561fffff,H3,2025,16,1.6
8828d55561fffff,H3,2025,17,2.0
8828d55561fffff,H3,2025,18,2.4
8828d55561fffff,H3,2025,19,2.6
8828d55561fffff,H3,2025,20,2.7
8828d55561fffff,H3,2025,21,2.6
8828d55561fffff,H3,2025,22,2.5
8828d55561fffff,H3,2025,23,2.2
8828d55567fffff,H3,2025,0,4.5
8828d55567fffff,H3,2025,1,4.0
8828d55567fffff,H3,2025,2,3.5
8828d55567fffff,H3,2025,3,3.2
8828d55567fffff,H3,2025,4,2.8
8828d55567fffff,H3,2025,5,2.6
8828d55567fffff,H3,2025,6,2.3
8828d55567fffff,H3,2025,7,1.8
8828d55567fffff,H3,2025,8,1.6
8828d55567fffff,H3,2025,9,1.5
8828d55567fffff,H3,2025,10,1.6
8828d55567fffff,H3,2025,11,1.8
8828d55567fffff,H3,2025,12,2.2
8828d55567fffff,H3,2025,13,2.4
8828d55567fffff,H3,2025,14,2.6
8828d55567fffff,H3,2025,15,3.1
8828d55567fffff,H3,2025,16,3.9
8828d55567fffff,H3,2025,17,5.1
8828d55567fffff,H3,2025,18,5.9
8828d55567fffff,H3,2025,19,6.5
8828d55567fffff,H3,2025,20,6.7
8828d55567fffff,H3,2025,21,6.6
8828d55567fffff,H3,2025,22,6.0
8828d55567fffff,H3,2025,23,5.5
8828d57047fffff,H3,2025,0,2.5
8828d57047fffff,H3,2025,1,2.3
8828d57047fffff,H3,2025,2,1.9
8828d57047fffff,H3,2025,3,1.8
8828d57047fffff,H3,2025,4,1.6
8828d57047fffff,H3,2025,5,1.5
8828d57047fffff,H3,2025,6,1.2
8828d57047fffff,H3,2025,7,1.0
8828d57047fffff,H3,2025,8,0.9
8828d57047fffff,H3,2025,9,0.8
8828d57047fffff,H3,2025,10,0.9
8828d57047fffff,H3,2025,11,1.0
8828d57047fffff,H3,2025,12,1.1
8828d57047fffff,H3,2025,13,1.2
8828d57047fffff,H3,2025,14,1.5
8828d57047fffff,H3,2025,15,1.7
8828d57047fffff,H3,2025,16,2.2
8828d57047fffff,H3,2025,17,2.8
8828d57047fffff,H3,2025,18,3.3
8828d57047fffff,H3,2025,19,3.5
8828d57047fffff,H3,2025,20,3.8
8828d57047fffff,H3,2025,21,3.6
8828d57047fffff,H3,2025,22,3.4
8828d57047fffff,H3,2025,23,3.1
8828d5725bfffff,H3,2025,0,19.4
8828d5725bfffff,H3,2025,1,16.8
8828d5725bfffff,H3,2025,2,14.7
8828d5725bfffff,H3,2025,3,13.1
8828d5725bfffff,H3,2025,4,11.8
8828d5725bfffff,H3,2025,5,10.8
8828d5725bfffff,H3,2025,6,9.9
8828d5725bfffff,H3,2025,7,8.2
8828d5725bfffff,H3,2025,8,7.0
8828d5725bfffff,H3,2025,9,6.8
8828d5725bfffff,H3,2025,10,7.4
8828d5725bfffff,H3,2025,11,8.4
8828d5725bfffff,H3,2025,12,9.9
8828d5725bfffff,H3,2025,13,11.0
8828d5725bfffff,H3,2025,14,12.2
8828d5725bfffff,H3,2025,15,14.3
8828d5725bfffff,H3,2025,16,18.0
8828d5725bfffff,H3,2025,17,23.1
8828d5725bfffff,H3,2025,18,26.7
8828d5725bfffff,H3,2025,19,28.4
8828d5725bfffff,H3,2025,20,29.3
8828d5725bfffff,H3,2025,21,28.4
8828d5725bfffff,H3,2025,22,26.1
8828d5725bfffff,H3,2025,23,23.0
8828d59101fffff,H3,2025,0,7.2
8828d59101fffff,H3,2025,0,4.1
8828d59101fffff,H3,2025,1,6.2
8828d59101fffff,H3,2025,1,3.5
8828d59101fffff,H3,2025,2,5.5
8828d59101fffff,H3,2025,2,3.1
8828d59101fffff,H3,2025,3,4.9
8828d59101fffff,H3,2025,3,2.8
8828d59101fffff,H3,2025,4,4.4
8828d59101fffff,H3,2025,4,2.5
8828d59101fffff,H3,2025,5,4.0
8828d59101fffff,H3,2025,5,2.3
8828d59101fffff,H3,2025,6,3.6
8828d59101fffff,H3,2025,6,2.0
8828d59101fffff,H3,2025,7,3.0
8828d59101fffff,H3,2025,7,1.6
8828d59101fffff,H3,2025,8,2.5
8828d59101fffff,H3,2025,8,1.4
8828d59101fffff,H3,2025,9,2.4
8828d59101fffff,H3,2025,9,1.2
8828d59101fffff,H3,2025,10,2.6
8828d59101fffff,H3,2025,10,1.4
8828d59101fffff,H3,2025,11,3.0
8828d59101fffff,H3,2025,11,1.6
8828d59101fffff,H3,2025,12,3.4
8828d59101fffff,H3,2025,12,1.8
8828d59101fffff,H3,2025,13,3.9
8828d59101fffff,H3,2025,13,2.0
8828d59101fffff,H3,2025,14,4.3
8828d59101fffff,H3,2025,14,2.4
8828d59101fffff,H3,2025,15,5.1
8828d59101fffff,H3,2025,15,2.7
8828d59101fffff,H3,2025,16,6.4
8828d59101fffff,H3,2025,16,3.4
8828d59101fffff,H3,2025,17,8.2
8828d59101fffff,H3,2025,17,4.5
8828d59101fffff,H3,2025,18,9.5
8828d59101fffff,H3,2025,18,5.2
8828d59101fffff,H3,2025,19,10.2
8828d59101fffff,H3,2025,19,5.7
8828d59101fffff,H3,2025,20,10.6
8828d59101fffff,H3,2025,20,5.9
8828d59101fffff,H3,2025,21,10.3
8828d59101fffff,H3,2025,21,5.8
8828d59101fffff,H3,2025,22,9.5
8828d59101fffff,H3,2025,22,5.3
8828d59101fffff,H3,2025,23,8.5
8828d59101fffff,H3,2025,23,4.8
8828d59115fffff,H3,2025,0,1.7
8828d59115fffff,H3,2025,1,1.5
8828d59115fffff,H3,2025,2,1.4
8828d59115fffff,H3,2025,3,1.2
8828d59115fffff,H3,2025,4,1.0
8828d59115fffff,H3,2025,5,1.0
8828d59115fffff,H3,2025,6,0.9
8828d59115fffff,H3,2025,7,0.7
8828d59115fffff,H3,2025,8,0.6
8828d59115fffff,H3,2025,9,0.6
8828d59115fffff,H3,2025,10,0.6
8828d59115fffff,H3,2025,11,0.7
8828d59115fffff,H3,2025,12,0.8
8828d59115fffff,H3,2025,13,0.9
8828d59115fffff,H3,2025,14,1.0
8828d59115fffff,H3,2025,15,1.1
8828d59115fffff,H3,2025,16,1.5
8828d59115fffff,H3,2025,17,1.9
8828d59115fffff,H3,2025,18,2.3
8828d59115fffff,H3,2025,19,2.4
8828d59115fffff,H3,2025,20,2.5
8828d59115fffff,H3,2025,21,2.5
8828d59115fffff,H3,2025,22,2.3
8828d59115fffff,H3,2025,23,2.0
8828d59165fffff,H3,2025,0,72.5
8828d59165fffff,H3,2025,1,63.5
8828d59165fffff,H3,2025,2,55.5
8828d59165fffff,H3,2025,3,49.9
8828d59165fffff,H3,2025,4,45.2
8828d59165fffff,H3,2025,5,41.0
8828d59165fffff,H3,2025,6,36.4
8828d59165fffff,H3,2025,7,29.0
8828d59165fffff,H3,2025,8,24.3
8828d59165fffff,H3,2025,9,23.4
8828d59165fffff,H3,2025,10,25.2
8828d59165fffff,H3,2025,11,28.9
8828d59165fffff,H3,2025,12,33.4
8828d59165fffff,H3,2025,13,37.2
8828d59165fffff,H3,2025,14,41.6
8828d59165fffff,H3,2025,15,48.9
8828d59165fffff,H3,2025,16,60.9
8828d59165fffff,H3,2025,17,79.9
8828d59165fffff,H3,2025,18,93.9
8828d59165fffff,H3,2025,19,100.9
8828d59165fffff,H3,2025,20,105.3
8828d59165fffff,H3,2025,21,103.2
8828d59165fffff,H3,2025,22,95.8
8828d59165fffff,H3,2025,23,85.5
8828d5930bfffff,H3,2025,0,7.4
8828d5930bfffff,H3,2025,0,11.5
8828d5930bfffff,H3,2025,1,6.5
8828d5930bfffff,H3,2025,1,10.0
8828d5930bfffff,H3,2025,2,5.6
8828d5930bfffff,H3,2025,2,8.8
8828d5930bfffff,H3,2025,3,5.1
8828d5930bfffff,H3,2025,3,8.0
8828d5930bfffff,H3,2025,4,4.5
8828d5930bfffff,H3,2025,4,7.2
8828d5930bfffff,H3,2025,5,4.2
8828d5930bfffff,H3,2025,5,6.5
8828d5930bfffff,H3,2025,6,3.6
8828d5930bfffff,H3,2025,6,5.8
8828d5930bfffff,H3,2025,7,3.0
8828d5930bfffff,H3,2025,7,4.5
8828d5930bfffff,H3,2025,8,2.5
8828d5930bfffff,H3,2025,8,3.9
8828d5930bfffff,H3,2025,9,2.4
8828d5930bfffff,H3,2025,9,3.6
8828d5930bfffff,H3,2025,10,2.5
8828d5930bfffff,H3,2025,10,4.0
8828d5930bfffff,H3,2025,11,3.0
8828d5930bfffff,H3,2025,11,4.5
8828d5930bfffff,H3,2025,12,3.4
8828d5930bfffff,H3,2025,12,5.3
8828d5930bfffff,H3,2025,13,3.8
8828d5930bfffff,H3,2025,13,5.9
8828d5930bfffff,H3,2025,14,4.2
8828d5930bfffff,H3,2025,14,6.6
8828d5930bfffff,H3,2025,15,5.0
8828d5930bfffff,H3,2025,15,7.7
8828d5930bfffff,H3,2025,16,6.1
8828d5930bfffff,H3,2025,16,9.7
8828d5930bfffff,H3,2025,17,8.1
8828d5930bfffff,H3,2025,17,12.6
8828d5930bfffff,H3,2025,18,9.5
8828d5930bfffff,H3,2025,18,14.9
8828d5930bfffff,H3,2025,19,10.2
8828d5930bfffff,H3,2025,19,16.0
8828d5930bfffff,H3,2025,20,10.7
8828d5930bfffff,H3,2025,20,16.7
8828d5930bfffff,H3,2025,21,10.5
8828d5930bfffff,H3,2025,21,16.4
8828d5930bfffff,H3,2025,22,9.8
8828d5930bfffff,H3,2025,22,15.1
8828d5930bfffff,H3,2025,23,8.6
8828d5930bfffff,H3,2025,23,13.5
8828d5933bfffff,H3,2025,0,2.3
8828d5933bfffff,H3,2025,1,1.9
8828d5933bfffff,H3,2025,2,1.7
8828d5933bfffff,H3,2025,3,1.6
8828d5933bfffff,H3,2025,4,1.4
8828d5933bfffff,H3,2025,5,1.2
8828d5933bfffff,H3,2025,6,1.1
8828d5933bfffff,H3,2025,7,0.9
8828d5933bfffff,H3,2025,8,0.8
8828d5933bfffff,H3,2025,9,0.8
8828d5933bfffff,H3,2025,10,0.8
8828d5933bfffff,H3,2025,11,0.9
8828d5933bfffff,H3,2025,12,1.0
8828d5933bfffff,H3,2025,13,1.1
8828d5933bfffff,H3,2025,14,1.4
8828d5933bfffff,H3,2025,15,1.6
8828d5933bfffff,H3,2025,16,1.9
8828d5933bfffff,H3,2025,17,2.5
8828d5933bfffff,H3,2025,18,3.0
8828d5933bfffff,H3,2025,19,3.2
8828d5933bfffff,H3,2025,20,3.3
8828d5933bfffff,H3,2025,21,3.2
8828d5933bfffff,H3,2025,22,3.0
8828d5933bfffff,H3,2025,23,2.7
8828d59349fffff,H3,2025,0,2.0
8828d59349fffff,H3,2025,1,1.7
8828d59349fffff,H3,2025,2,1.5
8828d59349fffff,H3,2025,3,1.4
8828d59349fffff,H3,2025,4,1.2
8828d59349fffff,H3,2025,5,1.1
8828d59349fffff,H3,2025,6,1.0
8828d59349fffff,H3,2025,7,0.8
8828d59349fffff,H3,2025,8,0.7
8828d59349fffff,H3,2025,9,0.7
8828d59349fffff,H3,2025,10,0.7
8828d59349fffff,H3,2025,11,0.8
8828d59349fffff,H3,2025,12,0.9
8828d59349fffff,H3,2025,13,1.0
8828d59349fffff,H3,2025,14,1.1
8828d59349fffff,H3,2025,15,1.4
8828d59349fffff,H3,2025,16,1.7
8828d59349fffff,H3,2025,17,2.2
8828d59349fffff,H3,2025,18,2.6
8828d59349fffff,H3,2025,19,2.7
8828d59349fffff,H3,2025,20,2.8
8828d59349fffff,H3,2025,21,2.8
8828d59349fffff,H3,2025,22,2.6
8828d59349fffff,H3,2025,23,2.4
8828d5c231fffff,H3,2025,0,1.8
8828d5c231fffff,H3,2025,1,1.6
8828d5c231fffff,H3,2025,2,1.4
8828d5c231fffff,H3,2025,3,1.2
8828d5c231fffff,H3,2025,4,1.1
8828d5c231fffff,H3,2025,5,1.0
8828d5c231fffff,H3,2025,6,0.9
8828d5c231fffff,H3,2025,7,0.7
8828d5c231fffff,H3,2025,8,0.6
8828d5c231fffff,H3,2025,9,0.6
8828d5c231fffff,H3,2025,10,0.7
8828d5c231fffff,H3,2025,11,0.7
8828d5c231fffff,H3,2025,12,0.8
8828d5c231fffff,H3,2025,13,0.9
8828d5c231fffff,H3,2025,14,1.0
8828d5c231fffff,H3,2025,15,1.2
8828d5c231fffff,H3,2025,16,1.6
8828d5c231fffff,H3,2025,17,2.0
8828d5c231fffff,H3,2025,18,2.4
8828d5c231fffff,H3,2025,19,2.5
8828d5c231fffff,H3,2025,20,2.6
8828d5c231fffff,H3,2025,21,2.5
8828d5c231fffff,H3,2025,22,2.4
8828d5c231fffff,H3,2025,23,2.0
8828d5cae9fffff,H3,2025,0,3.8
8828d5cae9fffff,H3,2025,1,3.3
8828d5cae9fffff,H3,2025,2,2.8
8828d5cae9fffff,H3,2025,3,2.6
8828d5cae9fffff,H3,2025,4,2.4
8828d5cae9fffff,H3,2025,5,2.2
8828d5cae9fffff,H3,2025,6,1.9
8828d5cae9fffff,H3,2025,7,1.5
8828d5cae9fffff,H3,2025,8,1.2
8828d5cae9fffff,H3,2025,9,1.2
8828d5cae9fffff,H3,2025,10,1.2
8828d5cae9fffff,H3,2025,11,1.5
8828d5cae9fffff,H3,2025,12,1.7
8828d5cae9fffff,H3,2025,13,1.9
8828d5cae9fffff,H3,2025,14,2.2
8828d5cae9fffff,H3,2025,15,2.5
8828d5cae9fffff,H3,2025,16,3.2
8828d5cae9fffff,H3,2025,17,4.1
8828d5cae9fffff,H3,2025,18,4.9
8828d5cae9fffff,H3,2025,19,5.2
8828d5cae9fffff,H3,2025,20,5.5
8828d5cae9fffff,H3,2025,21,5.3
8828d5cae9fffff,H3,2025,22,5.0
8828d5cae9fffff,H3,2025,23,4.4
8828d5d281fffff,H3,2025,0,1.1
8828d5d281fffff,H3,2025,1,0.9
8828d5d281fffff,H3,2025,2,0.8
8828d5d281fffff,H3,2025,3,0.7
8828d5d281fffff,H3,2025,4,0.7
8828d5d281fffff,H3,2025,5,0.6
8828d5d281fffff,H3,2025,6,0.6
8828d5d281fffff,H3,2025,7,0.6
8828d5d281fffff,H3,2025,8,0.5
8828d5d281fffff,H3,2025,9,0.5
8828d5d281fffff,H3,2025,10,0.6
8828d5d281fffff,H3,2025,11,0.6
8828d5d281fffff,H3,2025,12,0.7
8828d5d281fffff,H3,2025,13,0.8
8828d5d281fffff,H3,2025,14,0.9
8828d5d281fffff,H3,2025,15,1.0
8828d5d281fffff,H3,2025,16,1.2
8828d5d281fffff,H3,2025,17,1.6
8828d5d281fffff,H3,2025,18,1.8
8828d5d281fffff,H3,2025,19,1.8
8828d5d281fffff,H3,2025,20,1.8
8828d5d281fffff,H3,2025,21,1.7
8828d5d281fffff,H3,2025,22,1.6
8828d5d281fffff,H3,2025,23,1.4
8828d681d1fffff,H3,2025,0,3.5
8828d681d1fffff,H3,2025,1,3.2
8828d681d1fffff,H3,2025,2,2.7
8828d681d1fffff,H3,2025,3,2.4
8828d681d1fffff,H3,2025,4,2.2
8828d681d1fffff,H3,2025,5,2.0
8828d681d1fffff,H3,2025,6,1.8
8828d681d1fffff,H3,2025,7,1.5
8828d681d1fffff,H3,2025,8,1.2
8828d681d1fffff,H3,2025,9,1.1
8828d681d1fffff,H3,2025,10,1.2
8828d681d1fffff,H3,2025,11,1.5
8828d681d1fffff,H3,2025,12,1.7
8828d681d1fffff,H3,2025,13,1.9
8828d681d1fffff,H3,2025,14,2.2
8828d681d1fffff,H3,2025,15,2.5
8828d681d1fffff,H3,2025,16,3.1
8828d681d1fffff,H3,2025,17,4.1
8828d681d1fffff,H3,2025,18,4.8
8828d681d1fffff,H3,2025,19,5.1
8828d681d1fffff,H3,2025,20,5.2
8828d681d1fffff,H3,2025,21,5.1
8828d681d1fffff,H3,2025,22,4.8
8828d681d1fffff,H3,2025,23,4.2
8828d6a30bfffff,H3,2025,0,2.2
8828d6a30bfffff,H3,2025,1,1.9
8828d6a30bfffff,H3,2025,2,1.7
8828d6a30bfffff,H3,2025,3,1.5
8828d6a30bfffff,H3,2025,4,1.4
8828d6a30bfffff,H3,2025,5,1.2
8828d6a30bfffff,H3,2025,6,1.1
8828d6a30bfffff,H3,2025,7,0.9
8828d6a30bfffff,H3,2025,8,0.8
8828d6a30bfffff,H3,2025,9,0.8
8828d6a30bfffff,H3,2025,10,0.8
8828d6a30bfffff,H3,2025,11,0.9
8828d6a30bfffff,H3,2025,12,1.1
8828d6a30bfffff,H3,2025,13,1.2
8828d6a30bfffff,H3,2025,14,1.4
8828d6a30bfffff,H3,2025,15,1.6
8828d6a30bfffff,H3,2025,16,2.0
8828d6a30bfffff,H3,2025,17,2.6
8828d6a30bfffff,H3,2025,18,3.1
8828d6a30bfffff,H3,2025,19,3.3
8828d6a30bfffff,H3,2025,20,3.3
8828d6a30bfffff,H3,2025,21,3.3
8828d6a30bfffff,H3,2025,22,3.0
8828d6a30bfffff,H3,2025,23,2.6
8828f00049fffff,H3,2025,0,5.3
8828f00049fffff,H3,2025,1,4.8
8828f00049fffff,H3,2025,2,4.1
8828f00049fffff,H3,2025,3,3.8
8828f00049fffff,H3,2025,4,3.4
8828f00049fffff,H3,2025,5,3.1
8828f00049fffff,H3,2025,6,2.7
8828f00049fffff,H3,2025,7,2.2
8828f00049fffff,H3,2025,8,1.8
8828f00049fffff,H3,2025,9,1.7
8828f00049fffff,H3,2025,10,1.9
8828f00049fffff,H3,2025,11,2.2
8828f00049fffff,H3,2025,12,2.5
8828f00049fffff,H3,2025,13,2.8
8828f00049fffff,H3,2025,14,3.2
8828f00049fffff,H3,2025,15,3.6
8828f00049fffff,H3,2025,16,4.5
8828f00049fffff,H3,2025,17,6.0
8828f00049fffff,H3,2025,18,7.0
8828f00049fffff,H3,2025,19,7.6
8828f00049fffff,H3,2025,20,7.8
8828f00049fffff,H3,2025,21,7.7
8828f00049fffff,H3,2025,22,7.2
8828f00049fffff,H3,2025,23,6.4
8828f00059fffff,H3,2025,0,3.6
8828f00059fffff,H3,2025,1,3.2
8828f00059fffff,H3,2025,2,2.8
8828f00059fffff,H3,2025,3,2.5
8828f00059fffff,H3,2025,4,2.3
8828f00059fffff,H3,2025,5,2.0
8828f00059fffff,H3,2025,6,1.8
8828f00059fffff,H3,2025,7,1.5
8828f00059fffff,H3,2025,8,1.2
8828f00059fffff,H3,2025,9,1.1
8828f00059fffff,H3,2025,10,1.2
8828f00059fffff,H3,2025,11,1.5
8828f00059fffff,H3,2025,12,1.7
8828f00059fffff,H3,2025,13,1.8
8828f00059fffff,H3,2025,14,2.0
8828f00059fffff,H3,2025,15,2.4
8828f00059fffff,H3,2025,16,3.1
8828f00059fffff,H3,2025,17,4.0
8828f00059fffff,H3,2025,18,4.7
8828f00059fffff,H3,2025,19,5.1
8828f00059fffff,H3,2025,20,5.2
8828f00059fffff,H3,2025,21,5.1
8828f00059fffff,H3,2025,22,4.8
8828f00059fffff,H3,2025,23,4.3
8828f00069fffff,H3,2025,0,4.3
8828f00069fffff,H3,2025,1,3.9
8828f00069fffff,H3,2025,2,3.3
8828f00069fffff,H3,2025,3,3.0
8828f00069fffff,H3,2025,4,2.7
8828f00069fffff,H3,2025,5,2.5
8828f00069fffff,H3,2025,6,2.2
8828f00069fffff,H3,2025,7,1.7
8828f00069fffff,H3,2025,8,1.5
8828f00069fffff,H3,2025,9,1.4
8828f00069fffff,H3,2025,10,1.5
8828f00069fffff,H3,2025,11,1.7
8828f00069fffff,H3,2025,12,2.0
8828f00069fffff,H3,2025,13,2.3
8828f00069fffff,H3,2025,14,2.5
8828f00069fffff,H3,2025,15,3.0
8828f00069fffff,H3,2025,16,3.6
8828f00069fffff,H3,2025,17,4.8
8828f00069fffff,H3,2025,18,5.7
8828f00069fffff,H3,2025,19,6.1
8828f00069fffff,H3,2025,20,6.4
8828f00069fffff,H3,2025,21,6.2
8828f00069fffff,H3,2025,22,5.8
8828f00069fffff,H3,2025,23,5.1
8828f00157fffff,H3,2025,0,2.0
8828f00157fffff,H3,2025,1,1.8
8828f00157fffff,H3,2025,2,1.6
8828f00157fffff,H3,2025,3,1.5
8828f00157fffff,H3,2025,4,1.2
8828f00157fffff,H3,2025,5,1.1
8828f00157fffff,H3,2025,6,1.0
8828f00157fffff,H3,2025,7,0.8
8828f00157fffff,H3,2025,8,0.7
8828f00157fffff,H3,2025,9,0.7
8828f00157fffff,H3,2025,10,0.7
8828f00157fffff,H3,2025,11,0.8
8828f00157fffff,H3,2025,12,0.9
8828f00157fffff,H3,2025,13,1.0
8828f00157fffff,H3,2025,14,1.2
8828f00157fffff,H3,2025,15,1.4
8828f00157fffff,H3,2025,16,1.7
8828f00157fffff,H3,2025,17,2.3
8828f00157fffff,H3,2025,18,2.7
8828f00157fffff,H3,2025,19,2.8
8828f00157fffff,H3,2025,20,3.1
8828f00157fffff,H3,2025,21,3.0
8828f00157fffff,H3,2025,22,2.7
8828f00157fffff,H3,2025,23,2.5
8828f00231fffff,H3,2025,0,2.3
8828f00231fffff,H3,2025,1,2.0
8828f00231fffff,H3,2025,2,1.8
8828f00231fffff,H3,2025,3,1.6
8828f00231fffff,H3,2025,4,1.5
8828f00231fffff,H3,2025,5,1.2
8828f00231fffff,H3,2025,6,1.1
8828f00231fffff,H3,2025,7,0.9
8828f00231fffff,H3,2025,8,0.8
8828f00231fffff,H3,2025,9,0.8
8828f00231fffff,H3,2025,10,0.9
8828f00231fffff,H3,2025,11,0.9
8828f00231fffff,H3,2025,12,1.1
8828f00231fffff,H3,2025,13,1.2
8828f00231fffff,H3,2025,14,1.4
8828f00231fffff,H3,2025,15,1.7
8828f00231fffff,H3,2025,16,2.0
8828f00231fffff,H3,2025,17,2.7
8828f00231fffff,H3,2025,18,3.1
8828f00231fffff,H3,2025,19,3.3
8828f00231fffff,H3,2025,20,3.4
8828f00231fffff,H3,2025,21,3.4
8828f00231fffff,H3,2025,22,3.1
8828f00231fffff,H3,2025,23,2.7
8828f00257fffff,H3,2025,0,2.6
8828f00257fffff,H3,2025,1,2.3
8828f00257fffff,H3,2025,2,1.9
8828f00257fffff,H3,2025,3,1.7
8828f00257fffff,H3,2025,4,1.6
8828f00257fffff,H3,2025,5,1.5
8828f00257fffff,H3,2025,6,1.4
8828f00257fffff,H3,2025,7,1.1
8828f00257fffff,H3,2025,8,1.0
8828f00257fffff,H3,2025,9,1.0
8828f00257fffff,H3,2025,10,1.0
8828f00257fffff,H3,2025,11,1.2
8828f00257fffff,H3,2025,12,1.5
8828f00257fffff,H3,2025,13,1.6
8828f00257fffff,H3,2025,14,1.7
8828f00257fffff,H3,2025,15,2.2
8828f00257fffff,H3,2025,16,2.6
8828f00257fffff,H3,2025,17,3.4
8828f00257fffff,H3,2025,18,3.9
8828f00257fffff,H3,2025,19,4.1
8828f00257fffff,H3,2025,20,4.2
8828f00257fffff,H3,2025,21,4.0
8828f00257fffff,H3,2025,22,3.6
8828f00257fffff,H3,2025,23,3.2
8828f00ae3fffff,H3,2025,0,1.8
8828f00ae3fffff,H3,2025,1,1.6
8828f00ae3fffff,H3,2025,2,1.4
8828f00ae3fffff,H3,2025,3,1.2
8828f00ae3fffff,H3,2025,4,1.1
8828f00ae3fffff,H3,2025,5,1.0
8828f00ae3fffff,H3,2025,6,0.9
8828f00ae3fffff,H3,2025,7,0.7
8828f00ae3fffff,H3,2025,8,0.6
8828f00ae3fffff,H3,2025,9,0.6
8828f00ae3fffff,H3,2025,10,0.7
8828f00ae3fffff,H3,2025,11,0.7
8828f00ae3fffff,H3,2025,12,0.8
8828f00ae3fffff,H3,2025,13,0.9
8828f00ae3fffff,H3,2025,14,1.0
8828f00ae3fffff,H3,2025,15,1.2
8828f00ae3fffff,H3,2025,16,1.6
8828f00ae3fffff,H3,2025,17,2.0
8828f00ae3fffff,H3,2025,18,2.4
8828f00ae3fffff,H3,2025,19,2.5
8828f00ae3fffff,H3,2025,20,2.6
8828f00ae3fffff,H3,2025,21,2.6
8828f00ae3fffff,H3,2025,22,2.4
8828f00ae3fffff,H3,2025,23,2.2
8828f00e2dfffff,H3,2025,0,1.5
8828f00e2dfffff,H3,2025,1,1.2
8828f00e2dfffff,H3,2025,2,1.1
8828f00e2dfffff,H3,2025,3,1.0
8828f00e2dfffff,H3,2025,4,0.9
8828f00e2dfffff,H3,2025,5,0.8
8828f00e2dfffff,H3,2025,6,0.8
8828f00e2dfffff,H3,2025,7,0.6
8828f00e2dfffff,H3,2025,8,0.5
8828f00e2dfffff,H3,2025,9,0.5
8828f00e2dfffff,H3,2025,10,0.6
8828f00e2dfffff,H3,2025,11,0.6
8828f00e2dfffff,H3,2025,12,0.7
8828f00e2dfffff,H3,2025,13,0.8
8828f00e2dfffff,H3,2025,14,0.9
8828f00e2dfffff,H3,2025,15,1.0
8828f00e2dfffff,H3,2025,16,1.2
8828f00e2dfffff,H3,2025,17,1.6
8828f00e2dfffff,H3,2025,18,1.9
8828f00e2dfffff,H3,2025,19,2.0
8828f00e2dfffff,H3,2025,20,2.2
8828f00e2dfffff,H3,2025,21,2.2
8828f00e2dfffff,H3,2025,22,1.9
8828f00e2dfffff,H3,2025,23,1.7
8828f00e61fffff,H3,2025,0,2.8
8828f00e61fffff,H3,2025,1,2.5
8828f00e61fffff,H3,2025,2,2.2
8828f00e61fffff,H3,2025,3,2.0
8828f00e61fffff,H3,2025,4,1.8
8828f00e61fffff,H3,2025,5,1.6
8828f00e61fffff,H3,2025,6,1.5
8828f00e61fffff,H3,2025,7,1.1
8828f00e61fffff,H3,2025,8,1.0
8828f00e61fffff,H3,2025,9,0.9
8828f00e61fffff,H3,2025,10,1.0
8828f00e61fffff,H3,2025,11,1.1
8828f00e61fffff,H3,2025,12,1.4
8828f00e61fffff,H3,2025,13,1.5
8828f00e61fffff,H3,2025,14,1.7
8828f00e61fffff,H3,2025,15,2.0
8828f00e61fffff,H3,2025,16,2.5
8828f00e61fffff,H3,2025,17,3.3
8828f00e61fffff,H3,2025,18,3.8
8828f00e61fffff,H3,2025,19,4.1
8828f00e61fffff,H3,2025,20,4.2
8828f00e61fffff,H3,2025,21,4.1
8828f00e61fffff,H3,2025,22,3.9
8828f00e61fffff,H3,2025,23,3.4
8828f00f11fffff,H3,2025,0,5.9
8828f00f11fffff,H3,2025,1,5.1
8828f00f11fffff,H3,2025,2,4.5
8828f00f11fffff,H3,2025,3,4.0
8828f00f11fffff,H3,2025,4,3.6
8828f00f11fffff,H3,2025,5,3.3
8828f00f11fffff,H3,2025,6,3.0
8828f00f11fffff,H3,2025,7,2.4
8828f00f11fffff,H3,2025,8,2.0
8828f00f11fffff,H3,2025,9,1.9
8828f00f11fffff,H3,2025,10,2.2
8828f00f11fffff,H3,2025,11,2.4
8828f00f11fffff,H3,2025,12,2.8
8828f00f11fffff,H3,2025,13,3.2
8828f00f11fffff,H3,2025,14,3.5
8828f00f11fffff,H3,2025,15,4.2
8828f00f11fffff,H3,2025,16,5.2
8828f00f11fffff,H3,2025,17,6.8
8828f00f11fffff,H3,2025,18,7.8
8828f00f11fffff,H3,2025,19,8.4
8828f00f11fffff,H3,2025,20,8.8
8828f00f11fffff,H3,2025,21,8.5
8828f00f11fffff,H3,2025,22,8.0
8828f00f11fffff,H3,2025,23,7.0
8828f00f2dfffff,H3,2025,0,2.3
8828f00f2dfffff,H3,2025,1,1.9
8828f00f2dfffff,H3,2025,2,1.7
8828f00f2dfffff,H3,2025,3,1.6
8828f00f2dfffff,H3,2025,4,1.4
8828f00f2dfffff,H3,2025,5,1.2
8828f00f2dfffff,H3,2025,6,1.1
8828f00f2dfffff,H3,2025,7,0.9
8828f00f2dfffff,H3,2025,8,0.8
8828f00f2dfffff,H3,2025,9,0.7
8828f00f2dfffff,H3,2025,10,0.8
8828f00f2dfffff,H3,2025,11,0.9
8828f00f2dfffff,H3,2025,12,1.0
8828f00f2dfffff,H3,2025,13,1.1
8828f00f2dfffff,H3,2025,14,1.2
8828f00f2dfffff,H3,2025,15,1.5
8828f00f2dfffff,H3,2025,16,1.8
8828f00f2dfffff,H3,2025,17,2.4
8828f00f2dfffff,H3,2025,18,2.8
8828f00f2dfffff,H3,2025,19,3.1
8828f00f2dfffff,H3,2025,20,3.2
8828f00f2dfffff,H3,2025,21,3.2
8828f00f2dfffff,H3,2025,22,3.0
8828f00f2dfffff,H3,2025,23,2.6
8828f00f47fffff,H3,2025,0,2.4
8828f00f47fffff,H3,2025,1,2.0
8828f00f47fffff,H3,2025,2,1.8
8828f00f47fffff,H3,2025,3,1.6
8828f00f47fffff,H3,2025,4,1.5
8828f00f47fffff,H3,2025,5,1.4
8828f00f47fffff,H3,2025,6,1.2
8828f00f47fffff,H3,2025,7,1.0
8828f00f47fffff,H3,2025,8,0.9
8828f00f47fffff,H3,2025,9,0.9
8828f00f47fffff,H3,2025,10,0.9
8828f00f47fffff,H3,2025,11,1.1
8828f00f47fffff,H3,2025,12,1.2
8828f00f47fffff,H3,2025,13,1.4
8828f00f47fffff,H3,2025,14,1.5
8828f00f47fffff,H3,2025,15,1.8
8828f00f47fffff,H3,2025,16,2.2
8828f00f47fffff,H3,2025,17,2.7
8828f00f47fffff,H3,2025,18,3.2
8828f00f47fffff,H3,2025,19,3.4
8828f00f47fffff,H3,2025,20,3.5
8828f00f47fffff,H3,2025,21,3.4
8828f00f47fffff,H3,2025,22,3.2
8828f00f47fffff,H3,2025,23,2.8
8828f00f5dfffff,H3,2025,0,1.4
8828f00f5dfffff,H3,2025,1,1.2
8828f00f5dfffff,H3,2025,2,1.0
8828f00f5dfffff,H3,2025,3,0.9
8828f00f5dfffff,H3,2025,4,0.9
8828f00f5dfffff,H3,2025,5,0.8
8828f00f5dfffff,H3,2025,6,0.7
8828f00f5dfffff,H3,2025,7,0.6
8828f00f5dfffff,H3,2025,8,0.5
8828f00f5dfffff,H3,2025,9,0.5
8828f00f5dfffff,H3,2025,10,0.5
8828f00f5dfffff,H3,2025,11,0.6
8828f00f5dfffff,H3,2025,12,0.7
8828f00f5dfffff,H3,2025,13,0.7
8828f00f5dfffff,H3,2025,14,0.8
8828f00f5dfffff,H3,2025,15,0.9
8828f00f5dfffff,H3,2025,16,1.1
8828f00f5dfffff,H3,2025,17,1.6
8828f00f5dfffff,H3,2025,18,1.8
8828f00f5dfffff,H3,2025,19,1.9
8828f00f5dfffff,H3,2025,20,2.0
8828f00f5dfffff,H3,2025,21,1.9
8828f00f5dfffff,H3,2025,22,1.8
8828f00f5dfffff,H3,2025,23,1.6
8828f0610bfffff,H3,2025,0,1.7
8828f0610bfffff,H3,2025,1,1.5
8828f0610bfffff,H3,2025,2,1.2
8828f0610bfffff,H3,2025,3,1.1
8828f0610bfffff,H3,2025,4,1.0
8828f0610bfffff,H3,2025,5,0.9
8828f0610bfffff,H3,2025,6,0.8
8828f0610bfffff,H3,2025,7,0.7
8828f0610bfffff,H3,2025,8,0.6
8828f0610bfffff,H3,2025,9,0.6
8828f0610bfffff,H3,2025,10,0.6
8828f0610bfffff,H3,2025,11,0.7
8828f0610bfffff,H3,2025,12,0.8
8828f0610bfffff,H3,2025,13,0.9
8828f0610bfffff,H3,2025,14,1.0
8828f0610bfffff,H3,2025,15,1.1
8828f0610bfffff,H3,2025,16,1.5
8828f0610bfffff,H3,2025,17,1.8
8828f0610bfffff,H3,2025,18,2.2
8828f0610bfffff,H3,2025,19,2.4
8828f0610bfffff,H3,2025,20,2.4
8828f0610bfffff,H3,2025,21,2.4
8828f0610bfffff,H3,2025,22,2.2
8828f0610bfffff,H3,2025,23,1.9
8828f0c2a1fffff,H3,2025,0,1.4
8828f0c2a1fffff,H3,2025,1,1.1
8828f0c2a1fffff,H3,2025,2,1.0
8828f0c2a1fffff,H3,2025,3,0.9
8828f0c2a1fffff,H3,2025,4,0.8
8828f0c2a1fffff,H3,2025,5,0.8
8828f0c2a1fffff,H3,2025,6,0.7
8828f0c2a1fffff,H3,2025,7,0.6
8828f0c2a1fffff,H3,2025,8,0.6
8828f0c2a1fffff,H3,2025,9,0.5
8828f0c2a1fffff,H3,2025,10,0.6
8828f0c2a1fffff,H3,2025,11,0.6
8828f0c2a1fffff,H3,2025,12,0.7
8828f0c2a1fffff,H3,2025,13,0.8
8828f0c2a1fffff,H3,2025,14,0.9
8828f0c2a1fffff,H3,2025,15,1.0
8828f0c2a1fffff,H3,2025,16,1.2
8828f0c2a1fffff,H3,2025,17,1.7
8828f0c2a1fffff,H3,2025,18,1.9
8828f0c2a1fffff,H3,2025,19,2.0
8828f0c2a1fffff,H3,2025,20,2.0
8828f0c2a1fffff,H3,2025,21,2.0
8828f0c2a1fffff,H3,2025,22,1.8
8828f0c2a1fffff,H3,2025,23,1.6
8828f0cf57fffff,H3,2025,0,1.2
8828f0cf57fffff,H3,2025,1,1.1
8828f0cf57fffff,H3,2025,2,1.0
8828f0cf57fffff,H3,2025,3,0.9
8828f0cf57fffff,H3,2025,4,0.8
8828f0cf57fffff,H3,2025,5,0.7
8828f0cf57fffff,H3,2025,6,0.7
8828f0cf57fffff,H3,2025,7,0.6
8828f0cf57fffff,H3,2025,8,0.5
8828f0cf57fffff,H3,2025,9,0.5
8828f0cf57fffff,H3,2025,10,0.5
8828f0cf57fffff,H3,2025,11,0.6
8828f0cf57fffff,H3,2025,12,0.6
8828f0cf57fffff,H3,2025,13,0.7
8828f0cf57fffff,H3,2025,14,0.8
8828f0cf57fffff,H3,2025,15,0.9
8828f0cf57fffff,H3,2025,16,1.1
8828f0cf57fffff,H3,2025,17,1.5
8828f0cf57fffff,H3,2025,18,1.7
8828f0cf57fffff,H3,2025,19,1.8
8828f0cf57fffff,H3,2025,20,1.9
8828f0cf57fffff,H3,2025,21,1.8
8828f0cf57fffff,H3,2025,22,1.7
8828f0cf57fffff,H3,2025,23,1.5
8828f291bdfffff,H3,2025,0,1.2
8828f291bdfffff,H3,2025,1,1.0
8828f291bdfffff,H3,2025,2,0.9
8828f291bdfffff,H3,2025,3,0.8
8828f291bdfffff,H3,2025,4,0.8
8828f291bdfffff,H3,2025,5,0.7
8828f291bdfffff,H3,2025,6,0.7
8828f291bdfffff,H3,2025,7,0.6
8828f291bdfffff,H3,2025,8,0.5
8828f291bdfffff,H3,2025,9,0.5
8828f291bdfffff,H3,2025,10,0.5
8828f291bdfffff,H3,2025,11,0.6
8828f291bdfffff,H3,2025,12,0.6
8828f291bdfffff,H3,2025,13,0.7
8828f291bdfffff,H3,2025,14,0.8
8828f291bdfffff,H3,2025,15,0.9
8828f291bdfffff,H3,2025,16,1.1
8828f291bdfffff,H3,2025,17,1.4
8828f291bdfffff,H3,2025,18,1.7
8828f291bdfffff,H3,2025,19,1.8
8828f291bdfffff,H3,2025,20,1.8
8828f291bdfffff,H3,2025,21,1.8
8828f291bdfffff,H3,2025,22,1.7
8828f291bdfffff,H3,2025,23,1.5
8828f36c2dfffff,H3,2025,0,17.7
8828f36c2dfffff,H3,2025,1,15.5
8828f36c2dfffff,H3,2025,2,13.3
8828f36c2dfffff,H3,2025,3,11.8
8828f36c2dfffff,H3,2025,4,10.7
8828f36c2dfffff,H3,2025,5,9.9
8828f36c2dfffff,H3,2025,6,9.2
8828f36c2dfffff,H3,2025,7,7.8
8828f36c2dfffff,H3,2025,8,6.9
8828f36c2dfffff,H3,2025,9,6.7
8828f36c2dfffff,H3,2025,10,7.3
8828f36c2dfffff,H3,2025,11,8.3
8828f36c2dfffff,H3,2025,12,9.7
8828f36c2dfffff,H3,2025,13,10.9
8828f36c2dfffff,H3,2025,14,11.8
8828f36c2dfffff,H3,2025,15,14.0
8828f36c2dfffff,H3,2025,16,17.4
8828f36c2dfffff,H3,2025,17,22.3
8828f36c2dfffff,H3,2025,18,25.6
8828f36c2dfffff,H3,2025,19,26.9
8828f36c2dfffff,H3,2025,20,27.5
8828f36c2dfffff,H3,2025,21,26.5
8828f36c2dfffff,H3,2025,22,24.3
8828f36c2dfffff,H3,2025,23,21.2
8828f36d83fffff,H3,2025,0,4.5
8828f36d83fffff,H3,2025,1,4.0
8828f36d83fffff,H3,2025,2,3.4
8828f36d83fffff,H3,2025,3,3.1
8828f36d83fffff,H3,2025,4,2.8
8828f36d83fffff,H3,2025,5,2.5
8828f36d83fffff,H3,2025,6,2.3
8828f36d83fffff,H3,2025,7,1.8
8828f36d83fffff,H3,2025,8,1.6
8828f36d83fffff,H3,2025,9,1.5
8828f36d83fffff,H3,2025,10,1.6
8828f36d83fffff,H3,2025,11,1.8
8828f36d83fffff,H3,2025,12,2.2
8828f36d83fffff,H3,2025,13,2.4
8828f36d83fffff,H3,2025,14,2.7
8828f36d83fffff,H3,2025,15,3.2
8828f36d83fffff,H3,2025,16,3.9
8828f36d83fffff,H3,2025,17,5.1
8828f36d83fffff,H3,2025,18,5.9
8828f36d83fffff,H3,2025,19,6.4
8828f36d83fffff,H3,2025,20,6.6
8828f36d83fffff,H3,2025,21,6.5
8828f36d83fffff,H3,2025,22,6.0
8828f36d83fffff,H3,2025,23,5.3
8828f36d8bfffff,H3,2025,0,12.6
8828f36d8bfffff,H3,2025,1,10.8
8828f36d8bfffff,H3,2025,2,9.3
8828f36d8bfffff,H3,2025,3,8.3
8828f36d8bfffff,H3,2025,4,7.4
8828f36d8bfffff,H3,2025,5,6.9
8828f36d8bfffff,H3,2025,6,6.6
8828f36d8bfffff,H3,2025,7,5.7
8828f36d8bfffff,H3,2025,8,5.1
8828f36d8bfffff,H3,2025,9,5.1
8828f36d8bfffff,H3,2025,10,5.5
8828f36d8bfffff,H3,2025,11,6.2
8828f36d8bfffff,H3,2025,12,7.3
8828f36d8bfffff,H3,2025,13,8.2
8828f36d8bfffff,H3,2025,14,8.9
8828f36d8bfffff,H3,2025,15,10.5
8828f36d8bfffff,H3,2025,16,13.0
8828f36d8bfffff,H3,2025,17,16.4
8828f36d8bfffff,H3,2025,18,18.8
8828f36d8bfffff,H3,2025,19,19.7
8828f36d8bfffff,H3,2025,20,19.9
8828f36d8bfffff,H3,2025,21,19.1
8828f36d8bfffff,H3,2025,22,17.4
8828f36d8bfffff,H3,2025,23,15.1
8828f36db9fffff,H3,2025,0,2.3
8828f36db9fffff,H3,2025,1,1.9
8828f36db9fffff,H3,2025,2,1.7
8828f36db9fffff,H3,2025,3,1.5
8828f36db9fffff,H3,2025,4,1.4
8828f36db9fffff,H3,2025,5,1.2
8828f36db9fffff,H3,2025,6,1.1
8828f36db9fffff,H3,2025,7,0.9
8828f36db9fffff,H3,2025,8,0.8
8828f36db9fffff,H3,2025,9,0.8
8828f36db9fffff,H3,2025,10,0.8
8828f36db9fffff,H3,2025,11,0.9
8828f36db9fffff,H3,2025,12,1.1
8828f36db9fffff,H3,2025,13,1.2
8828f36db9fffff,H3,2025,14,1.4
8828f36db9fffff,H3,2025,15,1.6
8828f36db9fffff,H3,2025,16,2.0
8828f36db9fffff,H3,2025,17,2.6
8828f36db9fffff,H3,2025,18,3.1
8828f36db9fffff,H3,2025,19,3.3
8828f36db9fffff,H3,2025,20,3.4
8828f36db9fffff,H3,2025,21,3.3
8828f36db9fffff,H3,2025,22,3.0
8828f36db9fffff,H3,2025,23,2.6
8828f41755fffff,H3,2025,0,1.4
8828f41755fffff,H3,2025,1,1.2
8828f41755fffff,H3,2025,2,1.0
8828f41755fffff,H3,2025,3,1.0
8828f41755fffff,H3,2025,4,0.9
8828f41755fffff,H3,2025,5,0.8
8828f41755fffff,H3,2025,6,0.7
8828f41755fffff,H3,2025,7,0.6
8828f41755fffff,H3,2025,8,0.5
8828f41755fffff,H3,2025,9,0.5
8828f41755fffff,H3,2025,10,0.5
8828f41755fffff,H3,2025,11,0.6
8828f41755fffff,H3,2025,12,0.7
8828f41755fffff,H3,2025,13,0.7
8828f41755fffff,H3,2025,14,0.8
8828f41755fffff,H3,2025,15,0.9
8828f41755fffff,H3,2025,16,1.2
8828f41755fffff,H3,2025,17,1.6
8828f41755fffff,H3,2025,18,1.8
8828f41755fffff,H3,2025,19,1.9
8828f41755fffff,H3,2025,20,2.0
8828f41755fffff,H3,2025,21,2.0
8828f41755fffff,H3,2025,22,1.8
8828f41755fffff,H3,2025,23,1.7
8828f42c1bfffff,H3,2025,0,2.5
8828f42c1bfffff,H3,2025,1,2.3
8828f42c1bfffff,H3,2025,2,1.9
8828f42c1bfffff,H3,2025,3,1.7
8828f42c1bfffff,H3,2025,4,1.6
8828f42c1bfffff,H3,2025,5,1.5
8828f42c1bfffff,H3,2025,6,1.2
8828f42c1bfffff,H3,2025,7,1.0
8828f42c1bfffff,H3,2025,8,0.9
8828f42c1bfffff,H3,2025,9,0.9
8828f42c1bfffff,H3,2025,10,0.9
8828f42c1bfffff,H3,2025,11,1.0
8828f42c1bfffff,H3,2025,12,1.2
8828f42c1bfffff,H3,2025,13,1.4
8828f42c1bfffff,H3,2025,14,1.6
8828f42c1bfffff,H3,2025,15,1.8
8828f42c1bfffff,H3,2025,16,2.3
8828f42c1bfffff,H3,2025,17,3.0
8828f42c1bfffff,H3,2025,18,3.4
8828f42c1bfffff,H3,2025,19,3.6
8828f42c1bfffff,H3,2025,20,3.8
8828f42c1bfffff,H3,2025,21,3.6
8828f42c1bfffff,H3,2025,22,3.4
8828f42c1bfffff,H3,2025,23,3.1
8828f42c43fffff,H3,2025,0,59.9
8828f42c43fffff,H3,2025,1,52.5
8828f42c43fffff,H3,2025,2,45.8
8828f42c43fffff,H3,2025,3,41.2
8828f42c43fffff,H3,2025,4,37.4
8828f42c43fffff,H3,2025,5,33.9
8828f42c43fffff,H3,2025,6,30.0
8828f42c43fffff,H3,2025,7,24.0
8828f42c43fffff,H3,2025,8,20.1
8828f42c43fffff,H3,2025,9,19.3
8828f42c43fffff,H3,2025,10,20.9
8828f42c43fffff,H3,2025,11,23.9
8828f42c43fffff,H3,2025,12,27.6
8828f42c43fffff,H3,2025,13,30.7
8828f42c43fffff,H3,2025,14,34.4
8828f42c43fffff,H3,2025,15,40.5
8828f42c43fffff,H3,2025,16,50.3
8828f42c43fffff,H3,2025,17,66.0
8828f42c43fffff,H3,2025,18,77.5
8828f42c43fffff,H3,2025,19,83.4
8828f42c43fffff,H3,2025,20,86.9
8828f42c43fffff,H3,2025,21,85.2
8828f42c43fffff,H3,2025,22,79.2
8828f42c43fffff,H3,2025,23,70.6
8828f42e09fffff,H3,2025,0,3.1
8828f42e09fffff,H3,2025,1,2.7
8828f42e09fffff,H3,2025,2,2.3
8828f42e09fffff,H3,2025,3,2.0
8828f42e09fffff,H3,2025,4,1.9
8828f42e09fffff,H3,2025,5,1.7
8828f42e09fffff,H3,2025,6,1.6
8828f42e09fffff,H3,2025,7,1.2
8828f42e09fffff,H3,2025,8,1.0
8828f42e09fffff,H3,2025,9,1.0
8828f42e09fffff,H3,2025,10,1.0
8828f42e09fffff,H3,2025,11,1.2
8828f42e09fffff,H3,2025,12,1.5
8828f42e09fffff,H3,2025,13,1.6
8828f42e09fffff,H3,2025,14,1.8
8828f42e09fffff,H3,2025,15,2.2
8828f42e09fffff,H3,2025,16,2.6
8828f42e09fffff,H3,2025,17,3.4
8828f42e09fffff,H3,2025,18,4.0
8828f42e09fffff,H3,2025,19,4.3
8828f42e09fffff,H3,2025,20,4.4
8828f42e09fffff,H3,2025,21,4.3
8828f42e09fffff,H3,2025,22,4.1
8828f42e09fffff,H3,2025,23,3.6
8828f4ac9bfffff,H3,2025,0,1.6
8828f4ac9bfffff,H3,2025,1,1.4
8828f4ac9bfffff,H3,2025,2,1.2
8828f4ac9bfffff,H3,2025,3,1.1
8828f4ac9bfffff,H3,2025,4,1.0
8828f4ac9bfffff,H3,2025,5,0.9
8828f4ac9bfffff,H3,2025,6,0.8
8828f4ac9bfffff,H3,2025,7,0.7
8828f4ac9bfffff,H3,2025,8,0.6
8828f4ac9bfffff,H3,2025,9,0.6
8828f4ac9bfffff,H3,2025,10,0.6
8828f4ac9bfffff,H3,2025,11,0.7
8828f4ac9bfffff,H3,2025,12,0.8
8828f4ac9bfffff,H3,2025,13,0.8
8828f4ac9bfffff,H3,2025,14,0.9
8828f4ac9bfffff,H3,2025,15,1.0
8828f4ac9bfffff,H3,2025,16,1.4
8828f4ac9bfffff,H3,2025,17,1.8
8828f4ac9bfffff,H3,2025,18,2.0
8828f4ac9bfffff,H3,2025,19,2.3
8828f4ac9bfffff,H3,2025,20,2.3
8828f4ac9bfffff,H3,2025,21,2.3
8828f4ac9bfffff,H3,2025,22,2.2
8828f4ac9bfffff,H3,2025,23,1.9
8828f4ae9bfffff,H3,2025,0,1.2
8828f4ae9bfffff,H3,2025,1,1.1
8828f4ae9bfffff,H3,2025,2,1.0
8828f4ae9bfffff,H3,2025,3,0.9
8828f4ae9bfffff,H3,2025,4,0.8
8828f4ae9bfffff,H3,2025,5,0.8
8828f4ae9bfffff,H3,2025,6,0.7
8828f4ae9bfffff,H3,2025,7,0.6
8828f4ae9bfffff,H3,2025,8,0.5
8828f4ae9bfffff,H3,2025,9,0.5
8828f4ae9bfffff,H3,2025,10,0.5
8828f4ae9bfffff,H3,2025,11,0.6
8828f4ae9bfffff,H3,2025,12,0.6
8828f4ae9bfffff,H3,2025,13,0.7
8828f4ae9bfffff,H3,2025,14,0.8
8828f4ae9bfffff,H3,2025,15,0.9
8828f4ae9bfffff,H3,2025,16,1.1
8828f4ae9bfffff,H3,2025,17,1.5
8828f4ae9bfffff,H3,2025,18,1.7
8828f4ae9bfffff,H3,2025,19,1.8
8828f4ae9bfffff,H3,2025,20,1.9
8828f4ae9bfffff,H3,2025,21,1.8
8828f4ae9bfffff,H3,2025,22,1.7
8828f4ae9bfffff,H3,2025,23,1.5
8828f4d18bfffff,H3,2025,0,2.8
8828f4d18bfffff,H3,2025,1,2.5
8828f4d18bfffff,H3,2025,2,2.2
8828f4d18bfffff,H3,2025,3,1.9
8828f4d18bfffff,H3,2025,4,1.7
8828f4d18bfffff,H3,2025,5,1.6
8828f4d18bfffff,H3,2025,6,1.5
8828f4d18bfffff,H3,2025,7,1.1
8828f4d18bfffff,H3,2025,8,1.0
8828f4d18bfffff,H3,2025,9,0.9
8828f4d18bfffff,H3,2025,10,1.0
8828f4d18bfffff,H3,2025,11,1.2
8828f4d18bfffff,H3,2025,12,1.4
8828f4d18bfffff,H3,2025,13,1.6
8828f4d18bfffff,H3,2025,14,1.7
8828f4d18bfffff,H3,2025,15,2.0
8828f4d18bfffff,H3,2025,16,2.5
8828f4d18bfffff,H3,2025,17,3.3
8828f4d18bfffff,H3,2025,18,3.9
8828f4d18bfffff,H3,2025,19,4.1
8828f4d18bfffff,H3,2025,20,4.2
8828f4d18bfffff,H3,2025,21,4.1
8828f4d18bfffff,H3,2025,22,3.8
8828f4d18bfffff,H3,2025,23,3.3
8828f540a5fffff,H3,2025,0,1.5
8828f540a5fffff,H3,2025,1,1.4
8828f540a5fffff,H3,2025,2,1.1
8828f540a5fffff,H3,2025,3,1.0
8828f540a5fffff,H3,2025,4,0.9
8828f540a5fffff,H3,2025,5,0.8
8828f540a5fffff,H3,2025,6,0.8
8828f540a5fffff,H3,2025,7,0.7
8828f540a5fffff,H3,2025,8,0.6
8828f540a5fffff,H3,2025,9,0.6
8828f540a5fffff,H3,2025,10,0.6
8828f540a5fffff,H3,2025,11,0.7
8828f540a5fffff,H3,2025,12,0.8
8828f540a5fffff,H3,2025,13,0.8
8828f540a5fffff,H3,2025,14,0.9
8828f540a5fffff,H3,2025,15,1.1
8828f540a5fffff,H3,2025,16,1.4
8828f540a5fffff,H3,2025,17,1.8
8828f540a5fffff,H3,2025,18,2.0
8828f540a5fffff,H3,2025,19,2.2
8828f540a5fffff,H3,2025,20,2.3
8828f540a5fffff,H3,2025,21,2.2
8828f540a5fffff,H3,2025,22,2.0
8828f540a5fffff,H3,2025,23,1.8
8828f590adfffff,H3,2025,0,3.9
8828f590adfffff,H3,2025,1,3.4
8828f590adfffff,H3,2025,2,3.0
8828f590adfffff,H3,2025,3,2.6
8828f590adfffff,H3,2025,4,2.4
8828f590adfffff,H3,2025,5,2.2
8828f590adfffff,H3,2025,6,1.9
8828f590adfffff,H3,2025,7,1.6
8828f590adfffff,H3,2025,8,1.4
8828f590adfffff,H3,2025,9,1.2
8828f590adfffff,H3,2025,10,1.4
8828f590adfffff,H3,2025,11,1.6
8828f590adfffff,H3,2025,12,1.8
8828f590adfffff,H3,2025,13,2.0
8828f590adfffff,H3,2025,14,2.3
8828f590adfffff,H3,2025,15,2.7
8828f590adfffff,H3,2025,16,3.4
8828f590adfffff,H3,2025,17,4.4
8828f590adfffff,H3,2025,18,5.1
8828f590adfffff,H3,2025,19,5.5
8828f590adfffff,H3,2025,20,5.7
8828f590adfffff,H3,2025,21,5.6
8828f590adfffff,H3,2025,22,5.1
8828f590adfffff,H3,2025,23,4.5
8828f66e45fffff,H3,2025,0,2.6
8828f66e45fffff,H3,2025,1,2.3
8828f66e45fffff,H3,2025,2,1.9
8828f66e45fffff,H3,2025,3,1.8
8828f66e45fffff,H3,2025,4,1.6
8828f66e45fffff,H3,2025,5,1.5
8828f66e45fffff,H3,2025,6,1.2
8828f66e45fffff,H3,2025,7,1.0
8828f66e45fffff,H3,2025,8,0.9
8828f66e45fffff,H3,2025,9,0.8
8828f66e45fffff,H3,2025,10,0.9
8828f66e45fffff,H3,2025,11,1.0
8828f66e45fffff,H3,2025,12,1.2
8828f66e45fffff,H3,2025,13,1.4
8828f66e45fffff,H3,2025,14,1.5
8828f66e45fffff,H3,2025,15,1.8
8828f66e45fffff,H3,2025,16,2.2
8828f66e45fffff,H3,2025,17,2.8
8828f66e45fffff,H3,2025,18,3.4
8828f66e45fffff,H3,2025,19,3.6
8828f66e45fffff,H3,2025,20,3.8
8828f66e45fffff,H3,2025,21,3.6
8828f66e45fffff,H3,2025,22,3.4
8828f66e45fffff,H3,2025,23,3.1
8829124c6bfffff,H3,2025,0,4.2
8829124c6bfffff,H3,2025,1,3.6
8829124c6bfffff,H3,2025,2,3.2
8829124c6bfffff,H3,2025,3,2.8
8829124c6bfffff,H3,2025,4,2.5
8829124c6bfffff,H3,2025,5,2.3
8829124c6bfffff,H3,2025,6,2.2
8829124c6bfffff,H3,2025,7,1.8
8829124c6bfffff,H3,2025,8,1.6
8829124c6bfffff,H3,2025,9,1.5
8829124c6bfffff,H3,2025,10,1.6
8829124c6bfffff,H3,2025,11,1.8
8829124c6bfffff,H3,2025,12,2.2
8829124c6bfffff,H3,2025,13,2.4
8829124c6bfffff,H3,2025,14,2.6
8829124c6bfffff,H3,2025,15,3.2
8829124c6bfffff,H3,2025,16,3.9
8829124c6bfffff,H3,2025,17,5.0
8829124c6bfffff,H3,2025,18,5.8
8829124c6bfffff,H3,2025,19,6.1
8829124c6bfffff,H3,2025,20,6.4
8829124c6bfffff,H3,2025,21,6.1
8829124c6bfffff,H3,2025,22,5.7
8829124c6bfffff,H3,2025,23,4.9
8829124ebbfffff,H3,2025,0,2.4
8829124ebbfffff,H3,2025,1,2.0
8829124ebbfffff,H3,2025,2,1.8
8829124ebbfffff,H3,2025,3,1.6
8829124ebbfffff,H3,2025,4,1.5
8829124ebbfffff,H3,2025,5,1.4
8829124ebbfffff,H3,2025,6,1.2
8829124ebbfffff,H3,2025,7,0.9
8829124ebbfffff,H3,2025,8,0.8
8829124ebbfffff,H3,2025,9,0.8
8829124ebbfffff,H3,2025,10,0.9
8829124ebbfffff,H3,2025,11,1.0
8829124ebbfffff,H3,2025,12,1.1
8829124ebbfffff,H3,2025,13,1.2
8829124ebbfffff,H3,2025,14,1.4
8829124ebbfffff,H3,2025,15,1.7
8829124ebbfffff,H3,2025,16,2.0
8829124ebbfffff,H3,2025,17,2.7
8829124ebbfffff,H3,2025,18,3.2
8829124ebbfffff,H3,2025,19,3.4
8829124ebbfffff,H3,2025,20,3.5
8829124ebbfffff,H3,2025,21,3.4
8829124ebbfffff,H3,2025,22,3.2
8829124ebbfffff,H3,2025,23,2.8
8829124f1bfffff,H3,2025,0,4.4
8829124f1bfffff,H3,2025,1,3.9
8829124f1bfffff,H3,2025,2,3.3
8829124f1bfffff,H3,2025,3,3.0
8829124f1bfffff,H3,2025,4,2.7
8829124f1bfffff,H3,2025,5,2.5
8829124f1bfffff,H3,2025,6,2.3
8829124f1bfffff,H3,2025,7,1.8
8829124f1bfffff,H3,2025,8,1.6
8829124f1bfffff,H3,2025,9,1.5
8829124f1bfffff,H3,2025,10,1.6
8829124f1bfffff,H3,2025,11,1.8
8829124f1bfffff,H3,2025,12,2.2
8829124f1bfffff,H3,2025,13,2.4
8829124f1bfffff,H3,2025,14,2.7
8829124f1bfffff,H3,2025,15,3.2
8829124f1bfffff,H3,2025,16,4.0
8829124f1bfffff,H3,2025,17,5.1
8829124f1bfffff,H3,2025,18,6.0
8829124f1bfffff,H3,2025,19,6.4
8829124f1bfffff,H3,2025,20,6.6
8829124f1bfffff,H3,2025,21,6.4
8829124f1bfffff,H3,2025,22,5.9
8829124f1bfffff,H3,2025,23,5.2
8829127933fffff,H3,2025,0,1.4
8829127933fffff,H3,2025,1,1.1
8829127933fffff,H3,2025,2,1.0
8829127933fffff,H3,2025,3,0.9
8829127933fffff,H3,2025,4,0.8
8829127933fffff,H3,2025,5,0.8
8829127933fffff,H3,2025,6,0.7
8829127933fffff,H3,2025,7,0.6
8829127933fffff,H3,2025,8,0.5
8829127933fffff,H3,2025,9,0.5
8829127933fffff,H3,2025,10,0.5
8829127933fffff,H3,2025,11,0.6
8829127933fffff,H3,2025,12,0.6
8829127933fffff,H3,2025,13,0.7
8829127933fffff,H3,2025,14,0.8
8829127933fffff,H3,2025,15,0.9
8829127933fffff,H3,2025,16,1.1
8829127933fffff,H3,2025,17,1.5
8829127933fffff,H3,2025,18,1.7
8829127933fffff,H3,2025,19,1.8
8829127933fffff,H3,2025,20,1.9
8829127933fffff,H3,2025,21,1.9
8829127933fffff,H3,2025,22,1.8
8829127933fffff,H3,2025,23,1.6
8829127b2dfffff,H3,2025,0,1.7
8829127b2dfffff,H3,2025,1,1.5
8829127b2dfffff,H3,2025,2,1.2
8829127b2dfffff,H3,2025,3,1.1
8829127b2dfffff,H3,2025,4,1.0
8829127b2dfffff,H3,2025,5,0.9
8829127b2dfffff,H3,2025,6,0.9
8829127b2dfffff,H3,2025,7,0.7
8829127b2dfffff,H3,2025,8,0.7
8829127b2dfffff,H3,2025,9,0.6
8829127b2dfffff,H3,2025,10,0.7
8829127b2dfffff,H3,2025,11,0.8
8829127b2dfffff,H3,2025,12,0.9
8829127b2dfffff,H3,2025,13,1.0
8829127b2dfffff,H3,2025,14,1.1
8829127b2dfffff,H3,2025,15,1.2
8829127b2dfffff,H3,2025,16,1.6
8829127b2dfffff,H3,2025,17,2.0
8829127b2dfffff,H3,2025,18,2.4
8829127b2dfffff,H3,2025,19,2.5
8829127b2dfffff,H3,2025,20,2.6
8829127b2dfffff,H3,2025,21,2.5
8829127b2dfffff,H3,2025,22,2.3
8829127b2dfffff,H3,2025,23,2.0
8829127b65fffff,H3,2025,0,9.9
8829127b65fffff,H3,2025,1,8.6
8829127b65fffff,H3,2025,2,7.5
8829127b65fffff,H3,2025,3,6.7
8829127b65fffff,H3,2025,4,6.0
8829127b65fffff,H3,2025,5,5.6
8829127b65fffff,H3,2025,6,5.1
8829127b65fffff,H3,2025,7,4.2
8829127b65fffff,H3,2025,8,3.6
8829127b65fffff,H3,2025,9,3.5
8829127b65fffff,H3,2025,10,3.9
8829127b65fffff,H3,2025,11,4.4
8829127b65fffff,H3,2025,12,5.1
8829127b65fffff,H3,2025,13,5.7
8829127b65fffff,H3,2025,14,6.2
8829127b65fffff,H3,2025,15,7.4
8829127b65fffff,H3,2025,16,9.2
8829127b65fffff,H3,2025,17,11.9
8829127b65fffff,H3,2025,18,13.8
8829127b65fffff,H3,2025,19,14.7
8829127b65fffff,H3,2025,20,15.0
8829127b65fffff,H3,2025,21,14.5
8829127b65fffff,H3,2025,22,13.4
8829127b65fffff,H3,2025,23,11.8
88291345bdfffff,H3,2025,0,2.3
88291345bdfffff,H3,2025,1,2.0
88291345bdfffff,H3,2025,2,1.7
88291345bdfffff,H3,2025,3,1.6
88291345bdfffff,H3,2025,4,1.4
88291345bdfffff,H3,2025,5,1.2
88291345bdfffff,H3,2025,6,1.1
88291345bdfffff,H3,2025,7,0.9
88291345bdfffff,H3,2025,8,0.8
88291345bdfffff,H3,2025,9,0.8
88291345bdfffff,H3,2025,10,0.9
88291345bdfffff,H3,2025,11,1.0
88291345bdfffff,H3,2025,12,1.1
88291345bdfffff,H3,2025,13,1.4
88291345bdfffff,H3,2025,14,1.5
88291345bdfffff,H3,2025,15,1.7
88291345bdfffff,H3,2025,16,2.2
88291345bdfffff,H3,2025,17,2.7
88291345bdfffff,H3,2025,18,3.2
88291345bdfffff,H3,2025,19,3.4
88291345bdfffff,H3,2025,20,3.4
88291345bdfffff,H3,2025,21,3.4
88291345bdfffff,H3,2025,22,3.1
88291345bdfffff,H3,2025,23,2.7
88291378c5fffff,H3,2025,0,1.2
88291378c5fffff,H3,2025,1,1.1
88291378c5fffff,H3,2025,2,1.0
88291378c5fffff,H3,2025,3,0.9
88291378c5fffff,H3,2025,4,0.8
88291378c5fffff,H3,2025,5,0.7
88291378c5fffff,H3,2025,6,0.7
88291378c5fffff,H3,2025,7,0.6
88291378c5fffff,H3,2025,8,0.5
88291378c5fffff,H3,2025,9,0.5
88291378c5fffff,H3,2025,10,0.5
88291378c5fffff,H3,2025,11,0.6
88291378c5fffff,H3,2025,12,0.7
88291378c5fffff,H3,2025,13,0.7
88291378c5fffff,H3,2025,14,0.8
88291378c5fffff,H3,2025,15,0.9
88291378c5fffff,H3,2025,16,1.1
88291378c5fffff,H3,2025,17,1.5
88291378c5fffff,H3,2025,18,1.7
88291378c5fffff,H3,2025,19,1.8
88291378c5fffff,H3,2025,20,1.9
88291378c5fffff,H3,2025,21,1.8
88291378c5fffff,H3,2025,22,1.7
88291378c5fffff,H3,2025,23,1.6
88291a6d2dfffff,H3,2025,0,3.4
88291a6d2dfffff,H3,2025,1,3.0
88291a6d2dfffff,H3,2025,2,2.5
88291a6d2dfffff,H3,2025,3,2.3
88291a6d2dfffff,H3,2025,4,2.0
88291a6d2dfffff,H3,2025,5,1.8
88291a6d2dfffff,H3,2025,6,1.8
88291a6d2dfffff,H3,2025,7,1.6
88291a6d2dfffff,H3,2025,8,1.6
88291a6d2dfffff,H3,2025,9,1.7
88291a6d2dfffff,H3,2025,10,1.8
88291a6d2dfffff,H3,2025,11,2.0
88291a6d2dfffff,H3,2025,12,2.4
88291a6d2dfffff,H3,2025,13,2.6
88291a6d2dfffff,H3,2025,14,2.7
88291a6d2dfffff,H3,2025,15,3.2
88291a6d2dfffff,H3,2025,16,3.6
88291a6d2dfffff,H3,2025,17,4.7
88291a6d2dfffff,H3,2025,18,5.3
88291a6d2dfffff,H3,2025,19,5.5
88291a6d2dfffff,H3,2025,20,5.6
88291a6d2dfffff,H3,2025,21,5.3
88291a6d2dfffff,H3,2025,22,4.9
88291a6d2dfffff,H3,2025,23,4.2
88291a6d3bfffff,H3,2025,0,1.7
88291a6d3bfffff,H3,2025,1,1.5
88291a6d3bfffff,H3,2025,2,1.2
88291a6d3bfffff,H3,2025,3,1.1
88291a6d3bfffff,H3,2025,4,1.0
88291a6d3bfffff,H3,2025,5,0.9
88291a6d3bfffff,H3,2025,6,0.9
88291a6d3bfffff,H3,2025,7,0.7
88291a6d3bfffff,H3,2025,8,0.7
88291a6d3bfffff,H3,2025,9,0.6
88291a6d3bfffff,H3,2025,10,0.7
88291a6d3bfffff,H3,2025,11,0.8
88291a6d3bfffff,H3,2025,12,0.9
88291a6d3bfffff,H3,2025,13,0.9
88291a6d3bfffff,H3,2025,14,1.0
88291a6d3bfffff,H3,2025,15,1.2
88291a6d3bfffff,H3,2025,16,1.6
88291a6d3bfffff,H3,2025,17,2.0
88291a6d3bfffff,H3,2025,18,2.4
88291a6d3bfffff,H3,2025,19,2.5
88291a6d3bfffff,H3,2025,20,2.6
88291a6d3bfffff,H3,2025,21,2.5
88291a6d3bfffff,H3,2025,22,2.3
88291a6d3bfffff,H3,2025,23,2.0
88298545e7fffff,H3,2025,0,4.1
88298545e7fffff,H3,2025,1,3.5
88298545e7fffff,H3,2025,2,3.1
88298545e7fffff,H3,2025,3,2.7
88298545e7fffff,H3,2025,4,2.5
88298545e7fffff,H3,2025,5,2.3
88298545e7fffff,H3,2025,6,2.0
88298545e7fffff,H3,2025,7,1.7
88298545e7fffff,H3,2025,8,1.4
88298545e7fffff,H3,2025,9,1.4
88298545e7fffff,H3,2025,10,1.5
88298545e7fffff,H3,2025,11,1.7
88298545e7fffff,H3,2025,12,1.9
88298545e7fffff,H3,2025,13,2.2
88298545e7fffff,H3,2025,14,2.4
88298545e7fffff,H3,2025,15,2.8
88298545e7fffff,H3,2025,16,3.5
88298545e7fffff,H3,2025,17,4.7
88298545e7fffff,H3,2025,18,5.5
88298545e7fffff,H3,2025,19,5.8
88298545e7fffff,H3,2025,20,6.0
88298545e7fffff,H3,2025,21,5.9
88298545e7fffff,H3,2025,22,5.5
88298545e7fffff,H3,2025,23,4.8
8829868803fffff,H3,2025,0,3.6
8829868803fffff,H3,2025,1,3.2
8829868803fffff,H3,2025,2,2.7
8829868803fffff,H3,2025,3,2.5
8829868803fffff,H3,2025,4,2.3
8829868803fffff,H3,2025,5,2.0
8829868803fffff,H3,2025,6,1.8
8829868803fffff,H3,2025,7,1.5
8829868803fffff,H3,2025,8,1.2
8829868803fffff,H3,2025,9,1.1
8829868803fffff,H3,2025,10,1.2
8829868803fffff,H3,2025,11,1.5
8829868803fffff,H3,2025,12,1.7
8829868803fffff,H3,2025,13,1.9
8829868803fffff,H3,2025,14,2.2
8829868803fffff,H3,2025,15,2.5
8829868803fffff,H3,2025,16,3.1
8829868803fffff,H3,2025,17,4.1
8829868803fffff,H3,2025,18,4.8
8829868803fffff,H3,2025,19,5.1
8829868803fffff,H3,2025,20,5.3
8829868803fffff,H3,2025,21,5.1
8829868803fffff,H3,2025,22,4.8
8829868803fffff,H3,2025,23,4.3
8829868e9bfffff,H3,2025,0,2.2
8829868e9bfffff,H3,2025,1,1.9
8829868e9bfffff,H3,2025,2,1.7
8829868e9bfffff,H3,2025,3,1.5
8829868e9bfffff,H3,2025,4,1.4
8829868e9bfffff,H3,2025,5,1.2
8829868e9bfffff,H3,2025,6,1.1
8829868e9bfffff,H3,2025,7,0.9
8829868e9bfffff,H3,2025,8,0.7
8829868e9bfffff,H3,2025,9,0.7
8829868e9bfffff,H3,2025,10,0.8
8829868e9bfffff,H3,2025,11,0.9
8829868e9bfffff,H3,2025,12,1.0
8829868e9bfffff,H3,2025,13,1.1
8829868e9bfffff,H3,2025,14,1.2
8829868e9bfffff,H3,2025,15,1.5
8829868e9bfffff,H3,2025,16,1.8
8829868e9bfffff,H3,2025,17,2.4
8829868e9bfffff,H3,2025,18,2.8
8829868e9bfffff,H3,2025,19,3.1
8829868e9bfffff,H3,2025,20,3.2
8829868e9bfffff,H3,2025,21,3.1
8829868e9bfffff,H3,2025,22,2.8
8829868e9bfffff,H3,2025,23,2.6
882986a803fffff,H3,2025,0,4.5
882986a803fffff,H3,2025,1,4.0
882986a803fffff,H3,2025,2,3.4
882986a803fffff,H3,2025,3,3.1
882986a803fffff,H3,2025,4,2.8
882986a803fffff,H3,2025,5,2.6
882986a803fffff,H3,2025,6,2.3
882986a803fffff,H3,2025,7,1.8
882986a803fffff,H3,2025,8,1.6
882986a803fffff,H3,2025,9,1.5
882986a803fffff,H3,2025,10,1.7
882986a803fffff,H3,2025,11,1.9
882986a803fffff,H3,2025,12,2.2
882986a803fffff,H3,2025,13,2.5
882986a803fffff,H3,2025,14,2.7
882986a803fffff,H3,2025,15,3.2
882986a803fffff,H3,2025,16,4.0
882986a803fffff,H3,2025,17,5.2
882986a803fffff,H3,2025,18,6.1
882986a803fffff,H3,2025,19,6.5
882986a803fffff,H3,2025,20,6.7
882986a803fffff,H3,2025,21,6.6
882986a803fffff,H3,2025,22,6.1
882986a803fffff,H3,2025,23,5.3
882986a957fffff,H3,2025,0,4.5
882986a957fffff,H3,2025,1,4.0
882986a957fffff,H3,2025,2,3.4
882986a957fffff,H3,2025,3,3.1
882986a957fffff,H3,2025,4,2.8
882986a957fffff,H3,2025,5,2.5
882986a957fffff,H3,2025,6,2.3
882986a957fffff,H3,2025,7,1.8
882986a957fffff,H3,2025,8,1.6
882986a957fffff,H3,2025,9,1.5
882986a957fffff,H3,2025,10,1.6
882986a957fffff,H3,2025,11,1.8
882986a957fffff,H3,2025,12,2.2
882986a957fffff,H3,2025,13,2.4
882986a957fffff,H3,2025,14,2.6
882986a957fffff,H3,2025,15,3.2
882986a957fffff,H3,2025,16,3.9
882986a957fffff,H3,2025,17,5.1
882986a957fffff,H3,2025,18,5.9
882986a957fffff,H3,2025,19,6.4
882986a957fffff,H3,2025,20,6.6
882986a957fffff,H3,2025,21,6.5
882986a957fffff,H3,2025,22,6.0
882986a957fffff,H3,2025,23,5.3
882986aae3fffff,H3,2025,0,10.0
882986aae3fffff,H3,2025,1,8.8
882986aae3fffff,H3,2025,2,7.6
882986aae3fffff,H3,2025,3,6.8
882986aae3fffff,H3,2025,4,6.2
882986aae3fffff,H3,2025,5,5.7
882986aae3fffff,H3,2025,6,5.0
882986aae3fffff,H3,2025,7,4.0
882986aae3fffff,H3,2025,8,3.4
882986aae3fffff,H3,2025,9,3.3
882986aae3fffff,H3,2025,10,3.5
882986aae3fffff,H3,2025,11,4.0
882986aae3fffff,H3,2025,12,4.7
882986aae3fffff,H3,2025,13,5.2
882986aae3fffff,H3,2025,14,5.8
882986aae3fffff,H3,2025,15,6.8
882986aae3fffff,H3,2025,16,8.5
882986aae3fffff,H3,2025,17,11.1
882986aae3fffff,H3,2025,18,13.1
882986aae3fffff,H3,2025,19,14.1
882986aae3fffff,H3,2025,20,14.7
882986aae3fffff,H3,2025,21,14.3
882986aae3fffff,H3,2025,22,13.3
882986aae3fffff,H3,2025,23,11.8
882986ab47fffff,H3,2025,0,1.9
882986ab47fffff,H3,2025,1,1.7
882986ab47fffff,H3,2025,2,1.5
882986ab47fffff,H3,2025,3,1.2
882986ab47fffff,H3,2025,4,1.1
882986ab47fffff,H3,2025,5,1.0
882986ab47fffff,H3,2025,6,0.9
882986ab47fffff,H3,2025,7,0.8
882986ab47fffff,H3,2025,8,0.7
882986ab47fffff,H3,2025,9,0.6
882986ab47fffff,H3,2025,10,0.7
882986ab47fffff,H3,2025,11,0.8
882986ab47fffff,H3,2025,12,0.9
882986ab47fffff,H3,2025,13,0.9
882986ab47fffff,H3,2025,14,1.1
882986ab47fffff,H3,2025,15,1.2
882986ab47fffff,H3,2025,16,1.6
882986ab47fffff,H3,2025,17,2.0
882986ab47fffff,H3,2025,18,2.5
882986ab47fffff,H3,2025,19,2.6
882986ab47fffff,H3,2025,20,2.7
882986ab47fffff,H3,2025,21,2.7
882986ab47fffff,H3,2025,22,2.5
882986ab47fffff,H3,2025,23,2.3
882986b821fffff,H3,2025,0,1.7
882986b821fffff,H3,2025,1,1.5
882986b821fffff,H3,2025,2,1.2
882986b821fffff,H3,2025,3,1.1
882986b821fffff,H3,2025,4,1.0
882986b821fffff,H3,2025,5,0.9
882986b821fffff,H3,2025,6,0.8
882986b821fffff,H3,2025,7,0.7
882986b821fffff,H3,2025,8,0.6
882986b821fffff,H3,2025,9,0.6
882986b821fffff,H3,2025,10,0.6
882986b821fffff,H3,2025,11,0.7
882986b821fffff,H3,2025,12,0.8
882986b821fffff,H3,2025,13,0.9
882986b821fffff,H3,2025,14,0.9
882986b821fffff,H3,2025,15,1.1
882986b821fffff,H3,2025,16,1.4
882986b821fffff,H3,2025,17,1.8
882986b821fffff,H3,2025,18,2.3
882986b821fffff,H3,2025,19,2.6
882986b821fffff,H3,2025,20,2.7
882986b821fffff,H3,2025,21,2.6
882986b821fffff,H3,2025,22,2.4
882986b821fffff,H3,2025,23,2.0
882986b865fffff,H3,2025,0,1.8
882986b865fffff,H3,2025,1,1.6
882986b865fffff,H3,2025,2,1.4
882986b865fffff,H3,2025,3,1.2
882986b865fffff,H3,2025,4,1.1
882986b865fffff,H3,2025,5,1.0
882986b865fffff,H3,2025,6,0.9
882986b865fffff,H3,2025,7,0.7
882986b865fffff,H3,2025,8,0.6
882986b865fffff,H3,2025,9,0.6
882986b865fffff,H3,2025,10,0.6
882986b865fffff,H3,2025,11,0.7
882986b865fffff,H3,2025,12,0.8
882986b865fffff,H3,2025,13,0.9
882986b865fffff,H3,2025,14,1.0
882986b865fffff,H3,2025,15,1.2
882986b865fffff,H3,2025,16,1.5
882986b865fffff,H3,2025,17,1.9
882986b865fffff,H3,2025,18,2.3
882986b865fffff,H3,2025,19,2.5
882986b865fffff,H3,2025,20,2.6
882986b865fffff,H3,2025,21,2.5
882986b865fffff,H3,2025,22,2.3
882986b865fffff,H3,2025,23,2.0
882986b9d7fffff,H3,2025,0,1.7
882986b9d7fffff,H3,2025,1,1.5
882986b9d7fffff,H3,2025,2,1.2
882986b9d7fffff,H3,2025,3,1.1
882986b9d7fffff,H3,2025,4,1.0
882986b9d7fffff,H3,2025,5,0.9
882986b9d7fffff,H3,2025,6,0.8
882986b9d7fffff,H3,2025,7,0.7
882986b9d7fffff,H3,2025,8,0.6
882986b9d7fffff,H3,2025,9,0.6
882986b9d7fffff,H3,2025,10,0.6
882986b9d7fffff,H3,2025,11,0.7
882986b9d7fffff,H3,2025,12,0.8
882986b9d7fffff,H3,2025,13,0.9
882986b9d7fffff,H3,2025,14,0.9
882986b9d7fffff,H3,2025,15,1.1
882986b9d7fffff,H3,2025,16,1.4
882986b9d7fffff,H3,2025,17,1.8
882986b9d7fffff,H3,2025,18,2.2
882986b9d7fffff,H3,2025,19,2.3
882986b9d7fffff,H3,2025,20,2.4
882986b9d7fffff,H3,2025,21,2.4
882986b9d7fffff,H3,2025,22,2.2
882986b9d7fffff,H3,2025,23,1.9
882986b9e5fffff,H3,2025,0,3.9
882986b9e5fffff,H3,2025,1,3.4
882986b9e5fffff,H3,2025,2,3.0
882986b9e5fffff,H3,2025,3,2.6
882986b9e5fffff,H3,2025,4,2.4
882986b9e5fffff,H3,2025,5,2.2
882986b9e5fffff,H3,2025,6,1.9
882986b9e5fffff,H3,2025,7,1.6
882986b9e5fffff,H3,2025,8,1.2
882986b9e5fffff,H3,2025,9,1.2
882986b9e5fffff,H3,2025,10,1.4
882986b9e5fffff,H3,2025,11,1.5
882986b9e5fffff,H3,2025,12,1.8
882986b9e5fffff,H3,2025,13,1.9
882986b9e5fffff,H3,2025,14,2.2
882986b9e5fffff,H3,2025,15,2.6
882986b9e5fffff,H3,2025,16,3.2
882986b9e5fffff,H3,2025,17,4.2
882986b9e5fffff,H3,2025,18,5.0
882986b9e5fffff,H3,2025,19,5.3
882986b9e5fffff,H3,2025,20,5.6
882986b9e5fffff,H3,2025,21,5.5
882986b9e5fffff,H3,2025,22,5.1
882986b9e5fffff,H3,2025,23,4.5
882986c03bfffff,H3,2025,0,8.5
882986c03bfffff,H3,2025,1,7.5
882986c03bfffff,H3,2025,2,6.6
882986c03bfffff,H3,2025,3,5.9
882986c03bfffff,H3,2025,4,5.3
882986c03bfffff,H3,2025,5,4.9
882986c03bfffff,H3,2025,6,4.3
882986c03bfffff,H3,2025,7,3.5
882986c03bfffff,H3,2025,8,3.0
882986c03bfffff,H3,2025,9,2.8
882986c03bfffff,H3,2025,10,3.1
882986c03bfffff,H3,2025,11,3.5
882986c03bfffff,H3,2025,12,4.1
882986c03bfffff,H3,2025,13,4.5
882986c03bfffff,H3,2025,14,5.0
882986c03bfffff,H3,2025,15,5.9
882986c03bfffff,H3,2025,16,7.4
882986c03bfffff,H3,2025,17,9.7
882986c03bfffff,H3,2025,18,11.2
882986c03bfffff,H3,2025,19,12.2
882986c03bfffff,H3,2025,20,12.6
882986c03bfffff,H3,2025,21,12.3
882986c03bfffff,H3,2025,22,11.4
882986c03bfffff,H3,2025,23,10.1
882986c851fffff,H3,2025,0,1.7
882986c851fffff,H3,2025,1,1.5
882986c851fffff,H3,2025,2,1.4
882986c851fffff,H3,2025,3,1.2
882986c851fffff,H3,2025,4,1.0
882986c851fffff,H3,2025,5,1.0
882986c851fffff,H3,2025,6,0.9
882986c851fffff,H3,2025,7,0.7
882986c851fffff,H3,2025,8,0.6
882986c851fffff,H3,2025,9,0.6
882986c851fffff,H3,2025,10,0.6
882986c851fffff,H3,2025,11,0.7
882986c851fffff,H3,2025,12,0.8
882986c851fffff,H3,2025,13,0.9
882986c851fffff,H3,2025,14,1.0
882986c851fffff,H3,2025,15,1.1
882986c851fffff,H3,2025,16,1.5
882986c851fffff,H3,2025,17,1.9
882986c851fffff,H3,2025,18,2.3
882986c851fffff,H3,2025,19,2.4
882986c851fffff,H3,2025,20,2.5
882986c851fffff,H3,2025,21,2.5
882986c851fffff,H3,2025,22,2.3
882986c851fffff,H3,2025,23,2.0
8829882997fffff,H3,2025,0,3.1
8829882997fffff,H3,2025,1,2.7
8829882997fffff,H3,2025,2,2.3
8829882997fffff,H3,2025,3,2.0
8829882997fffff,H3,2025,4,1.9
8829882997fffff,H3,2025,5,1.7
8829882997fffff,H3,2025,6,1.6
8829882997fffff,H3,2025,7,1.2
8829882997fffff,H3,2025,8,1.0
8829882997fffff,H3,2025,9,1.0
8829882997fffff,H3,2025,10,1.0
8829882997fffff,H3,2025,11,1.2
8829882997fffff,H3,2025,12,1.5
8829882997fffff,H3,2025,13,1.6
8829882997fffff,H3,2025,14,1.8
8829882997fffff,H3,2025,15,2.0
8829882997fffff,H3,2025,16,2.6
8829882997fffff,H3,2025,17,3.4
8829882997fffff,H3,2025,18,4.0
8829882997fffff,H3,2025,19,4.3
8829882997fffff,H3,2025,20,4.5
8829882997fffff,H3,2025,21,4.4
8829882997fffff,H3,2025,22,4.1
8829882997fffff,H3,2025,23,3.6
882988299dfffff,H3,2025,0,1.4
882988299dfffff,H3,2025,1,1.1
882988299dfffff,H3,2025,2,1.0
882988299dfffff,H3,2025,3,0.9
882988299dfffff,H3,2025,4,0.8
882988299dfffff,H3,2025,5,0.8
882988299dfffff,H3,2025,6,0.7
882988299dfffff,H3,2025,7,0.6
882988299dfffff,H3,2025,8,0.5
882988299dfffff,H3,2025,9,0.5
882988299dfffff,H3,2025,10,0.6
882988299dfffff,H3,2025,11,0.6
882988299dfffff,H3,2025,12,0.7
882988299dfffff,H3,2025,13,0.8
882988299dfffff,H3,2025,14,0.8
882988299dfffff,H3,2025,15,1.0
882988299dfffff,H3,2025,16,1.2
882988299dfffff,H3,2025,17,1.6
882988299dfffff,H3,2025,18,1.8
882988299dfffff,H3,2025,19,1.9
882988299dfffff,H3,2025,20,2.0
882988299dfffff,H3,2025,21,1.9
882988299dfffff,H3,2025,22,1.8
882988299dfffff,H3,2025,23,1.6
8829890149fffff,H3,2025,0,1.2
8829890149fffff,H3,2025,1,1.1
8829890149fffff,H3,2025,2,1.0
8829890149fffff,H3,2025,3,0.9
8829890149fffff,H3,2025,4,0.8
8829890149fffff,H3,2025,5,0.8
8829890149fffff,H3,2025,6,0.7
8829890149fffff,H3,2025,7,0.6
8829890149fffff,H3,2025,8,0.5
8829890149fffff,H3,2025,9,0.5
8829890149fffff,H3,2025,10,0.5
8829890149fffff,H3,2025,11,0.6
8829890149fffff,H3,2025,12,0.6
8829890149fffff,H3,2025,13,0.7
8829890149fffff,H3,2025,14,0.8
8829890149fffff,H3,2025,15,0.9
8829890149fffff,H3,2025,16,1.1
8829890149fffff,H3,2025,17,1.5
8829890149fffff,H3,2025,18,1.7
8829890149fffff,H3,2025,19,1.8
8829890149fffff,H3,2025,20,1.9
8829890149fffff,H3,2025,21,1.8
8829890149fffff,H3,2025,22,1.7
8829890149fffff,H3,2025,23,1.6
8829890197fffff,H3,2025,0,1.6
8829890197fffff,H3,2025,1,1.4
8829890197fffff,H3,2025,2,1.2
8829890197fffff,H3,2025,3,1.1
8829890197fffff,H3,2025,4,1.0
8829890197fffff,H3,2025,5,0.9
8829890197fffff,H3,2025,6,0.8
8829890197fffff,H3,2025,7,0.7
8829890197fffff,H3,2025,8,0.6
8829890197fffff,H3,2025,9,0.6
8829890197fffff,H3,2025,10,0.6
8829890197fffff,H3,2025,11,0.7
8829890197fffff,H3,2025,12,0.8
8829890197fffff,H3,2025,13,0.8
8829890197fffff,H3,2025,14,0.9
8829890197fffff,H3,2025,15,1.1
8829890197fffff,H3,2025,16,1.4
8829890197fffff,H3,2025,17,1.8
8829890197fffff,H3,2025,18,2.2
8829890197fffff,H3,2025,19,2.3
8829890197fffff,H3,2025,20,2.4
8829890197fffff,H3,2025,21,2.3
8829890197fffff,H3,2025,22,2.2
8829890197fffff,H3,2025,23,1.9
8829890e6bfffff,H3,2025,0,1.4
8829890e6bfffff,H3,2025,1,1.1
8829890e6bfffff,H3,2025,2,1.0
8829890e6bfffff,H3,2025,3,0.9
8829890e6bfffff,H3,2025,4,0.8
8829890e6bfffff,H3,2025,5,0.8
8829890e6bfffff,H3,2025,6,0.7
8829890e6bfffff,H3,2025,7,0.6
8829890e6bfffff,H3,2025,8,0.5
8829890e6bfffff,H3,2025,9,0.5
8829890e6bfffff,H3,2025,10,0.5
8829890e6bfffff,H3,2025,11,0.6
8829890e6bfffff,H3,2025,12,0.7
8829890e6bfffff,H3,2025,13,0.7
8829890e6bfffff,H3,2025,14,0.8
8829890e6bfffff,H3,2025,15,0.9
8829890e6bfffff,H3,2025,16,1.1
8829890e6bfffff,H3,2025,17,1.5
8829890e6bfffff,H3,2025,18,1.7
8829890e6bfffff,H3,2025,19,1.8
8829890e6bfffff,H3,2025,20,1.9
8829890e6bfffff,H3,2025,21,1.9
8829890e6bfffff,H3,2025,22,1.8
8829890e6bfffff,H3,2025,23,1.6
8829890e6dfffff,H3,2025,0,7.4
8829890e6dfffff,H3,2025,1,6.5
8829890e6dfffff,H3,2025,2,5.6
8829890e6dfffff,H3,2025,3,5.0
8829890e6dfffff,H3,2025,4,4.5
8829890e6dfffff,H3,2025,5,4.1
8829890e6dfffff,H3,2025,6,3.6
8829890e6dfffff,H3,2025,7,3.0
8829890e6dfffff,H3,2025,8,2.5
8829890e6dfffff,H3,2025,9,2.4
8829890e6dfffff,H3,2025,10,2.6
8829890e6dfffff,H3,2025,11,3.0
8829890e6dfffff,H3,2025,12,3.4
8829890e6dfffff,H3,2025,13,3.8
8829890e6dfffff,H3,2025,14,4.2
8829890e6dfffff,H3,2025,15,5.0
8829890e6dfffff,H3,2025,16,6.2
8829890e6dfffff,H3,2025,17,8.2
8829890e6dfffff,H3,2025,18,9.5
8829890e6dfffff,H3,2025,19,10.3
8829890e6dfffff,H3,2025,20,10.7
8829890e6dfffff,H3,2025,21,10.5
8829890e6dfffff,H3,2025,22,9.8
8829890e6dfffff,H3,2025,23,8.6
8829890f5dfffff,H3,2025,0,3.3
8829890f5dfffff,H3,2025,1,2.8
8829890f5dfffff,H3,2025,2,2.5
8829890f5dfffff,H3,2025,3,2.3
8829890f5dfffff,H3,2025,4,2.0
8829890f5dfffff,H3,2025,5,1.8
8829890f5dfffff,H3,2025,6,1.6
8829890f5dfffff,H3,2025,7,1.4
8829890f5dfffff,H3,2025,8,1.1
8829890f5dfffff,H3,2025,9,1.0
8829890f5dfffff,H3,2025,10,1.1
8829890f5dfffff,H3,2025,11,1.4
8829890f5dfffff,H3,2025,12,1.5
8829890f5dfffff,H3,2025,13,1.7
8829890f5dfffff,H3,2025,14,1.9
8829890f5dfffff,H3,2025,15,2.3
8829890f5dfffff,H3,2025,16,2.8
8829890f5dfffff,H3,2025,17,3.6
8829890f5dfffff,H3,2025,18,4.3
8829890f5dfffff,H3,2025,19,4.5
8829890f5dfffff,H3,2025,20,4.8
8829890f5dfffff,H3,2025,21,4.7
8829890f5dfffff,H3,2025,22,4.3
8829890f5dfffff,H3,2025,23,3.9
88298989c1fffff,H3,2025,0,12.0
88298989c1fffff,H3,2025,1,10.6
88298989c1fffff,H3,2025,2,9.2
88298989c1fffff,H3,2025,3,8.3
88298989c1fffff,H3,2025,4,7.5
88298989c1fffff,H3,2025,5,6.8
88298989c1fffff,H3,2025,6,6.0
88298989c1fffff,H3,2025,7,4.9
88298989c1fffff,H3,2025,8,4.1
88298989c1fffff,H3,2025,9,4.0
88298989c1fffff,H3,2025,10,4.2
88298989c1fffff,H3,2025,11,4.9
88298989c1fffff,H3,2025,12,5.7
88298989c1fffff,H3,2025,13,6.2
88298989c1fffff,H3,2025,14,7.0
88298989c1fffff,H3,2025,15,8.3
88298989c1fffff,H3,2025,16,10.3
88298989c1fffff,H3,2025,17,13.4
88298989c1fffff,H3,2025,18,15.8
88298989c1fffff,H3,2025,19,16.9
88298989c1fffff,H3,2025,20,17.6
88298989c1fffff,H3,2025,21,17.3
88298989c1fffff,H3,2025,22,16.0
88298989c1fffff,H3,2025,23,14.3
88298989cdfffff,H3,2025,0,4.5
88298989cdfffff,H3,2025,1,4.0
88298989cdfffff,H3,2025,2,3.4
88298989cdfffff,H3,2025,3,3.1
88298989cdfffff,H3,2025,4,2.7
88298989cdfffff,H3,2025,5,2.5
88298989cdfffff,H3,2025,6,2.3
88298989cdfffff,H3,2025,7,1.8
88298989cdfffff,H3,2025,8,1.6
88298989cdfffff,H3,2025,9,1.5
88298989cdfffff,H3,2025,10,1.6
88298989cdfffff,H3,2025,11,1.8
88298989cdfffff,H3,2025,12,2.2
88298989cdfffff,H3,2025,13,2.4
88298989cdfffff,H3,2025,14,2.7
88298989cdfffff,H3,2025,15,3.2
88298989cdfffff,H3,2025,16,4.0
88298989cdfffff,H3,2025,17,5.2
88298989cdfffff,H3,2025,18,6.0
88298989cdfffff,H3,2025,19,6.5
88298989cdfffff,H3,2025,20,6.7
88298989cdfffff,H3,2025,21,6.5
88298989cdfffff,H3,2025,22,6.0
88298989cdfffff,H3,2025,23,5.3
882989a101fffff,H3,2025,0,1.4
882989a101fffff,H3,2025,1,1.1
882989a101fffff,H3,2025,2,1.0
882989a101fffff,H3,2025,3,0.9
882989a101fffff,H3,2025,4,0.8
882989a101fffff,H3,2025,5,0.8
882989a101fffff,H3,2025,6,0.7
882989a101fffff,H3,2025,7,0.6
882989a101fffff,H3,2025,8,0.5
882989a101fffff,H3,2025,9,0.5
882989a101fffff,H3,2025,10,0.5
882989a101fffff,H3,2025,11,0.6
882989a101fffff,H3,2025,12,0.7
882989a101fffff,H3,2025,13,0.7
882989a101fffff,H3,2025,14,0.8
882989a101fffff,H3,2025,15,0.9
882989a101fffff,H3,2025,16,1.1
882989a101fffff,H3,2025,17,1.5
882989a101fffff,H3,2025,18,1.8
882989a101fffff,H3,2025,19,1.9
882989a101fffff,H3,2025,20,1.9
882989a101fffff,H3,2025,21,1.9
882989a101fffff,H3,2025,22,1.8
882989a101fffff,H3,2025,23,1.6
88298b92edfffff,H3,2025,0,2.2
88298b92edfffff,H3,2025,1,1.9
88298b92edfffff,H3,2025,2,1.7
88298b92edfffff,H3,2025,3,1.5
88298b92edfffff,H3,2025,4,1.4
88298b92edfffff,H3,2025,5,1.2
88298b92edfffff,H3,2025,6,1.1
88298b92edfffff,H3,2025,7,0.9
88298b92edfffff,H3,2025,8,0.8
88298b92edfffff,H3,2025,9,0.7
88298b92edfffff,H3,2025,10,0.8
88298b92edfffff,H3,2025,11,0.9
88298b92edfffff,H3,2025,12,1.0
88298b92edfffff,H3,2025,13,1.1
88298b92edfffff,H3,2025,14,1.2
88298b92edfffff,H3,2025,15,1.5
88298b92edfffff,H3,2025,16,1.9
88298b92edfffff,H3,2025,17,2.5
88298b92edfffff,H3,2025,18,2.8
88298b92edfffff,H3,2025,19,3.2
88298b92edfffff,H3,2025,20,3.3
88298b92edfffff,H3,2025,21,3.2
88298b92edfffff,H3,2025,22,3.0
88298b92edfffff,H3,2025,23,2.6
88298d5221fffff,H3,2025,0,2.4
88298d5221fffff,H3,2025,1,2.0
88298d5221fffff,H3,2025,2,1.8
88298d5221fffff,H3,2025,3,1.6
88298d5221fffff,H3,2025,4,1.5
88298d5221fffff,H3,2025,5,1.4
88298d5221fffff,H3,2025,6,1.2
88298d5221fffff,H3,2025,7,1.0
88298d5221fffff,H3,2025,8,0.9
88298d5221fffff,H3,2025,9,0.8
88298d5221fffff,H3,2025,10,0.9
88298d5221fffff,H3,2025,11,1.0
88298d5221fffff,H3,2025,12,1.1
88298d5221fffff,H3,2025,13,1.2
88298d5221fffff,H3,2025,14,1.5
88298d5221fffff,H3,2025,15,1.7
88298d5221fffff,H3,2025,16,2.2
88298d5221fffff,H3,2025,17,2.7
88298d5221fffff,H3,2025,18,3.2
88298d5221fffff,H3,2025,19,3.4
88298d5221fffff,H3,2025,20,3.5
88298d5221fffff,H3,2025,21,3.4
88298d5221fffff,H3,2025,22,3.2
88298d5221fffff,H3,2025,23,2.8
88298db523fffff,H3,2025,0,1.2
88298db523fffff,H3,2025,1,1.0
88298db523fffff,H3,2025,2,0.9
88298db523fffff,H3,2025,3,0.8
88298db523fffff,H3,2025,4,0.8
88298db523fffff,H3,2025,5,0.7
88298db523fffff,H3,2025,6,0.6
88298db523fffff,H3,2025,7,0.5
88298db523fffff,H3,2025,8,0.5
88298db523fffff,H3,2025,9,0.5
88298db523fffff,H3,2025,10,0.5
88298db523fffff,H3,2025,11,0.5
88298db523fffff,H3,2025,12,0.6
88298db523fffff,H3,2025,13,0.7
88298db523fffff,H3,2025,14,0.7
88298db523fffff,H3,2025,15,0.9
88298db523fffff,H3,2025,16,1.0
88298db523fffff,H3,2025,17,1.4
88298db523fffff,H3,2025,18,1.6
88298db523fffff,H3,2025,19,1.7
88298db523fffff,H3,2025,20,1.8
88298db523fffff,H3,2025,21,1.7
88298db523fffff,H3,2025,22,1.6
88298db523fffff,H3,2025,23,1.4
88298ed69bfffff,H3,2025,0,3.3
88298ed69bfffff,H3,2025,1,2.8
88298ed69bfffff,H3,2025,2,2.5
88298ed69bfffff,H3,2025,3,2.3
88298ed69bfffff,H3,2025,4,2.0
88298ed69bfffff,H3,2025,5,1.8
88298ed69bfffff,H3,2025,6,1.7
88298ed69bfffff,H3,2025,7,1.4
88298ed69bfffff,H3,2025,8,1.1
88298ed69bfffff,H3,2025,9,1.0
88298ed69bfffff,H3,2025,10,1.1
88298ed69bfffff,H3,2025,11,1.4
88298ed69bfffff,H3,2025,12,1.6
88298ed69bfffff,H3,2025,13,1.7
88298ed69bfffff,H3,2025,14,1.9
88298ed69bfffff,H3,2025,15,2.3
88298ed69bfffff,H3,2025,16,2.8
88298ed69bfffff,H3,2025,17,3.6
88298ed69bfffff,H3,2025,18,4.3
88298ed69bfffff,H3,2025,19,4.7
88298ed69bfffff,H3,2025,20,4.8
88298ed69bfffff,H3,2025,21,4.7
88298ed69bfffff,H3,2025,22,4.3
88298ed69bfffff,H3,2025,23,3.9
88299080e7fffff,H3,2025,0,1.5
88299080e7fffff,H3,2025,1,1.2
88299080e7fffff,H3,2025,2,1.1
88299080e7fffff,H3,2025,3,1.0
88299080e7fffff,H3,2025,4,0.9
88299080e7fffff,H3,2025,5,0.8
88299080e7fffff,H3,2025,6,0.8
88299080e7fffff,H3,2025,7,0.6
88299080e7fffff,H3,2025,8,0.5
88299080e7fffff,H3,2025,9,0.5
88299080e7fffff,H3,2025,10,0.6
88299080e7fffff,H3,2025,11,0.6
88299080e7fffff,H3,2025,12,0.7
88299080e7fffff,H3,2025,13,0.8
88299080e7fffff,H3,2025,14,0.8
88299080e7fffff,H3,2025,15,1.0
88299080e7fffff,H3,2025,16,1.2
88299080e7fffff,H3,2025,17,1.6
88299080e7fffff,H3,2025,18,1.9
88299080e7fffff,H3,2025,19,2.0
88299080e7fffff,H3,2025,20,2.2
88299080e7fffff,H3,2025,21,2.0
88299080e7fffff,H3,2025,22,1.9
88299080e7fffff,H3,2025,23,1.7
8829908207fffff,H3,2025,0,1.7
8829908207fffff,H3,2025,1,1.5
8829908207fffff,H3,2025,2,1.2
8829908207fffff,H3,2025,3,1.1
8829908207fffff,H3,2025,4,1.0
8829908207fffff,H3,2025,5,0.9
8829908207fffff,H3,2025,6,0.9
8829908207fffff,H3,2025,7,0.7
8829908207fffff,H3,2025,8,0.6
8829908207fffff,H3,2025,9,0.6
8829908207fffff,H3,2025,10,0.7
8829908207fffff,H3,2025,11,0.7
8829908207fffff,H3,2025,12,0.8
8829908207fffff,H3,2025,13,0.9
8829908207fffff,H3,2025,14,1.0
8829908207fffff,H3,2025,15,1.2
8829908207fffff,H3,2025,16,1.6
8829908207fffff,H3,2025,17,2.0
8829908207fffff,H3,2025,18,2.3
8829908207fffff,H3,2025,19,2.5
8829908207fffff,H3,2025,20,2.5
8829908207fffff,H3,2025,21,2.5
8829908207fffff,H3,2025,22,2.3
8829908207fffff,H3,2025,23,2.0
882990b70bfffff,H3,2025,0,2.7
882990b70bfffff,H3,2025,1,2.0
882990b70bfffff,H3,2025,2,1.6
882990b70bfffff,H3,2025,3,1.5
882990b70bfffff,H3,2025,4,1.2
882990b70bfffff,H3,2025,5,1.2
882990b70bfffff,H3,2025,6,1.5
882990b70bfffff,H3,2025,7,1.9
882990b70bfffff,H3,2025,8,2.6
882990b70bfffff,H3,2025,9,3.2
882990b70bfffff,H3,2025,10,3.4
882990b70bfffff,H3,2025,11,3.6
882990b70bfffff,H3,2025,12,4.2
882990b70bfffff,H3,2025,13,4.7
882990b70bfffff,H3,2025,14,4.4
882990b70bfffff,H3,2025,15,4.7
882990b70bfffff,H3,2025,16,4.9
882990b70bfffff,H3,2025,17,5.8
882990b70bfffff,H3,2025,18,6.6
882990b70bfffff,H3,2025,19,6.1
882990b70bfffff,H3,2025,20,5.9
882990b70bfffff,H3,2025,21,5.2
882990b70bfffff,H3,2025,22,4.7
882990b70bfffff,H3,2025,23,3.9
882991ca57fffff,H3,2025,0,3.9
882991ca57fffff,H3,2025,1,3.4
882991ca57fffff,H3,2025,2,3.0
882991ca57fffff,H3,2025,3,2.6
882991ca57fffff,H3,2025,4,2.4
882991ca57fffff,H3,2025,5,2.2
882991ca57fffff,H3,2025,6,1.9
882991ca57fffff,H3,2025,7,1.6
882991ca57fffff,H3,2025,8,1.4
882991ca57fffff,H3,2025,9,1.2
882991ca57fffff,H3,2025,10,1.4
882991ca57fffff,H3,2025,11,1.6
882991ca57fffff,H3,2025,12,1.8
882991ca57fffff,H3,2025,13,2.0
882991ca57fffff,H3,2025,14,2.3
882991ca57fffff,H3,2025,15,2.6
882991ca57fffff,H3,2025,16,3.3
882991ca57fffff,H3,2025,17,4.3
882991ca57fffff,H3,2025,18,5.1
882991ca57fffff,H3,2025,19,5.5
882991ca57fffff,H3,2025,20,5.7
882991ca57fffff,H3,2025,21,5.6
882991ca57fffff,H3,2025,22,5.1
882991ca57fffff,H3,2025,23,4.5
882991cae1fffff,H3,2025,0,6.4
882991cae1fffff,H3,2025,1,5.6
882991cae1fffff,H3,2025,2,4.8
882991cae1fffff,H3,2025,3,4.3
882991cae1fffff,H3,2025,4,4.0
882991cae1fffff,H3,2025,5,3.5
882991cae1fffff,H3,2025,6,3.2
882991cae1fffff,H3,2025,7,2.5
882991cae1fffff,H3,2025,8,2.2
882991cae1fffff,H3,2025,9,2.0
882991cae1fffff,H3,2025,10,2.3
882991cae1fffff,H3,2025,11,2.5
882991cae1fffff,H3,2025,12,3.0
882991cae1fffff,H3,2025,13,3.3
882991cae1fffff,H3,2025,14,3.6
882991cae1fffff,H3,2025,15,4.3
882991cae1fffff,H3,2025,16,5.5
882991cae1fffff,H3,2025,17,7.0
882991cae1fffff,H3,2025,18,8.3
882991cae1fffff,H3,2025,19,8.9
882991cae1fffff,H3,2025,20,9.2
882991cae1fffff,H3,2025,21,9.1
882991cae1fffff,H3,2025,22,8.4
882991cae1fffff,H3,2025,23,7.5
88299366c7fffff,H3,2025,0,1.6
88299366c7fffff,H3,2025,1,1.5
88299366c7fffff,H3,2025,2,1.2
88299366c7fffff,H3,2025,3,1.1
88299366c7fffff,H3,2025,4,1.0
88299366c7fffff,H3,2025,5,0.9
88299366c7fffff,H3,2025,6,0.8
88299366c7fffff,H3,2025,7,0.7
88299366c7fffff,H3,2025,8,0.6
88299366c7fffff,H3,2025,9,0.6
88299366c7fffff,H3,2025,10,0.6
88299366c7fffff,H3,2025,11,0.7
88299366c7fffff,H3,2025,12,0.8
88299366c7fffff,H3,2025,13,0.9
88299366c7fffff,H3,2025,14,1.0
88299366c7fffff,H3,2025,15,1.1
88299366c7fffff,H3,2025,16,1.5
88299366c7fffff,H3,2025,17,1.9
88299366c7fffff,H3,2025,18,2.2
88299366c7fffff,H3,2025,19,2.4
88299366c7fffff,H3,2025,20,2.4
88299366c7fffff,H3,2025,21,2.4
88299366c7fffff,H3,2025,22,2.2
88299366c7fffff,H3,2025,23,1.9
8829937039fffff,H3,2025,0,2.5
8829937039fffff,H3,2025,1,2.2
8829937039fffff,H3,2025,2,1.8
8829937039fffff,H3,2025,3,1.7
8829937039fffff,H3,2025,4,1.5
8829937039fffff,H3,2025,5,1.4
8829937039fffff,H3,2025,6,1.2
8829937039fffff,H3,2025,7,1.0
8829937039fffff,H3,2025,8,0.9
8829937039fffff,H3,2025,9,0.9
8829937039fffff,H3,2025,10,0.9
8829937039fffff,H3,2025,11,1.0
8829937039fffff,H3,2025,12,1.2
8829937039fffff,H3,2025,13,1.4
8829937039fffff,H3,2025,14,1.5
8829937039fffff,H3,2025,15,1.8
8829937039fffff,H3,2025,16,2.3
8829937039fffff,H3,2025,17,3.0
8829937039fffff,H3,2025,18,3.4
8829937039fffff,H3,2025,19,3.6
8829937039fffff,H3,2025,20,3.8
8829937039fffff,H3,2025,21,3.6
8829937039fffff,H3,2025,22,3.3
8829937039fffff,H3,2025,23,3.0
882994c519fffff,H3,2025,0,1.7
882994c519fffff,H3,2025,1,1.5
882994c519fffff,H3,2025,2,1.2
882994c519fffff,H3,2025,3,1.1
882994c519fffff,H3,2025,4,1.0
882994c519fffff,H3,2025,5,0.9
882994c519fffff,H3,2025,6,0.8
882994c519fffff,H3,2025,7,0.7
882994c519fffff,H3,2025,8,0.6
882994c519fffff,H3,2025,9,0.6
882994c519fffff,H3,2025,10,0.6
882994c519fffff,H3,2025,11,0.7
882994c519fffff,H3,2025,12,0.8
882994c519fffff,H3,2025,13,0.9
882994c519fffff,H3,2025,14,1.0
882994c519fffff,H3,2025,15,1.1
882994c519fffff,H3,2025,16,1.5
882994c519fffff,H3,2025,17,1.8
882994c519fffff,H3,2025,18,2.2
882994c519fffff,H3,2025,19,2.4
882994c519fffff,H3,2025,20,2.5
882994c519fffff,H3,2025,21,2.4
882994c519fffff,H3,2025,22,2.3
882994c519fffff,H3,2025,23,2.0
8829957751fffff,H3,2025,0,2.2
8829957751fffff,H3,2025,1,1.9
8829957751fffff,H3,2025,2,1.7
8829957751fffff,H3,2025,3,1.5
8829957751fffff,H3,2025,4,1.4
8829957751fffff,H3,2025,5,1.2
8829957751fffff,H3,2025,6,1.1
8829957751fffff,H3,2025,7,0.9
8829957751fffff,H3,2025,8,0.8
8829957751fffff,H3,2025,9,0.7
8829957751fffff,H3,2025,10,0.8
8829957751fffff,H3,2025,11,0.9
8829957751fffff,H3,2025,12,1.0
8829957751fffff,H3,2025,13,1.1
8829957751fffff,H3,2025,14,1.2
8829957751fffff,H3,2025,15,1.5
8829957751fffff,H3,2025,16,1.8
8829957751fffff,H3,2025,17,2.4
8829957751fffff,H3,2025,18,2.8
8829957751fffff,H3,2025,19,3.1
8829957751fffff,H3,2025,20,3.2
8829957751fffff,H3,2025,21,3.1
8829957751fffff,H3,2025,22,2.8
8829957751fffff,H3,2025,23,2.6
8829963255fffff,H3,2025,0,1.5
8829963255fffff,H3,2025,1,1.2
8829963255fffff,H3,2025,2,1.1
8829963255fffff,H3,2025,3,1.0
8829963255fffff,H3,2025,4,0.9
8829963255fffff,H3,2025,5,0.8
8829963255fffff,H3,2025,6,0.8
8829963255fffff,H3,2025,7,0.6
8829963255fffff,H3,2025,8,0.6
8829963255fffff,H3,2025,9,0.5
8829963255fffff,H3,2025,10,0.6
8829963255fffff,H3,2025,11,0.7
8829963255fffff,H3,2025,12,0.7
8829963255fffff,H3,2025,13,0.8
8829963255fffff,H3,2025,14,0.9
8829963255fffff,H3,2025,15,1.0
8829963255fffff,H3,2025,16,1.4
8829963255fffff,H3,2025,17,1.7
8829963255fffff,H3,2025,18,2.0
8829963255fffff,H3,2025,19,2.2
8829963255fffff,H3,2025,20,2.2
8829963255fffff,H3,2025,21,2.2
8829963255fffff,H3,2025,22,1.9
8829963255fffff,H3,2025,23,1.7
882998813dfffff,H3,2025,0,3.1
882998813dfffff,H3,2025,1,2.7
882998813dfffff,H3,2025,2,2.3
882998813dfffff,H3,2025,3,2.0
882998813dfffff,H3,2025,4,1.9
882998813dfffff,H3,2025,5,1.7
882998813dfffff,H3,2025,6,1.6
882998813dfffff,H3,2025,7,1.2
882998813dfffff,H3,2025,8,1.0
882998813dfffff,H3,2025,9,1.0
882998813dfffff,H3,2025,10,1.1
882998813dfffff,H3,2025,11,1.2
882998813dfffff,H3,2025,12,1.5
882998813dfffff,H3,2025,13,1.7
882998813dfffff,H3,2025,14,1.8
882998813dfffff,H3,2025,15,2.2
882998813dfffff,H3,2025,16,2.7
882998813dfffff,H3,2025,17,3.5
882998813dfffff,H3,2025,18,4.1
882998813dfffff,H3,2025,19,4.4
882998813dfffff,H3,2025,20,4.5
882998813dfffff,H3,2025,21,4.4
882998813dfffff,H3,2025,22,4.1
882998813dfffff,H3,2025,23,3.6
88299a59d7fffff,H3,2025,0,6.8
88299a59d7fffff,H3,2025,1,5.9
88299a59d7fffff,H3,2025,2,5.2
88299a59d7fffff,H3,2025,3,4.7
88299a59d7fffff,H3,2025,4,4.2
88299a59d7fffff,H3,2025,5,3.9
88299a59d7fffff,H3,2025,6,3.4
88299a59d7fffff,H3,2025,7,2.7
88299a59d7fffff,H3,2025,8,2.4
88299a59d7fffff,H3,2025,9,2.3
88299a59d7fffff,H3,2025,10,2.4
88299a59d7fffff,H3,2025,11,2.8
88299a59d7fffff,H3,2025,12,3.2
88299a59d7fffff,H3,2025,13,3.6
88299a59d7fffff,H3,2025,14,4.0
88299a59d7fffff,H3,2025,15,4.8
88299a59d7fffff,H3,2025,16,5.9
88299a59d7fffff,H3,2025,17,7.7
88299a59d7fffff,H3,2025,18,9.0
88299a59d7fffff,H3,2025,19,9.7
88299a59d7fffff,H3,2025,20,10.0
88299a59d7fffff,H3,2025,21,9.8
88299a59d7fffff,H3,2025,22,9.1
88299a59d7fffff,H3,2025,23,8.1
88299eb5b7fffff,H3,2025,0,1.8
88299eb5b7fffff,H3,2025,1,1.6
88299eb5b7fffff,H3,2025,2,1.4
88299eb5b7fffff,H3,2025,3,1.2
88299eb5b7fffff,H3,2025,4,1.1
88299eb5b7fffff,H3,2025,5,1.0
88299eb5b7fffff,H3,2025,6,0.9
88299eb5b7fffff,H3,2025,7,0.7
88299eb5b7fffff,H3,2025,8,0.6
88299eb5b7fffff,H3,2025,9,0.6
88299eb5b7fffff,H3,2025,10,0.7
88299eb5b7fffff,H3,2025,11,0.7
88299eb5b7fffff,H3,2025,12,0.8
88299eb5b7fffff,H3,2025,13,0.9
88299eb5b7fffff,H3,2025,14,1.0
88299eb5b7fffff,H3,2025,15,1.2
88299eb5b7fffff,H3,2025,16,1.5
88299eb5b7fffff,H3,2025,17,2.0
88299eb5b7fffff,H3,2025,18,2.4
88299eb5b7fffff,H3,2025,19,2.5
88299eb5b7fffff,H3,2025,20,2.6
88299eb5b7fffff,H3,2025,21,2.5
88299eb5b7fffff,H3,2025,22,2.4
88299eb5b7fffff,H3,2025,23,2.2
8829a0020dfffff,H3,2025,0,9.7
8829a0020dfffff,H3,2025,1,8.4
8829a0020dfffff,H3,2025,2,7.3
8829a0020dfffff,H3,2025,3,6.5
8829a0020dfffff,H3,2025,4,5.9
8829a0020dfffff,H3,2025,5,5.5
8829a0020dfffff,H3,2025,6,4.9
8829a0020dfffff,H3,2025,7,4.0
8829a0020dfffff,H3,2025,8,3.4
8829a0020dfffff,H3,2025,9,3.3
8829a0020dfffff,H3,2025,10,3.6
8829a0020dfffff,H3,2025,11,4.1
8829a0020dfffff,H3,2025,12,4.8
8829a0020dfffff,H3,2025,13,5.3
8829a0020dfffff,H3,2025,14,5.9
8829a0020dfffff,H3,2025,15,7.0
8829a0020dfffff,H3,2025,16,8.8
8829a0020dfffff,H3,2025,17,11.4
8829a0020dfffff,H3,2025,18,13.2
8829a0020dfffff,H3,2025,19,14.1
8829a0020dfffff,H3,2025,20,14.5
8829a0020dfffff,H3,2025,21,14.1
8829a0020dfffff,H3,2025,22,13.0
8829a0020dfffff,H3,2025,23,11.5
8829a00743fffff,H3,2025,0,3.2
8829a00743fffff,H3,2025,1,2.8
8829a00743fffff,H3,2025,2,2.5
8829a00743fffff,H3,2025,3,2.3
8829a00743fffff,H3,2025,4,2.0
8829a00743fffff,H3,2025,5,1.8
8829a00743fffff,H3,2025,6,1.6
8829a00743fffff,H3,2025,7,1.2
8829a00743fffff,H3,2025,8,1.0
8829a00743fffff,H3,2025,9,1.0
8829a00743fffff,H3,2025,10,1.1
8829a00743fffff,H3,2025,11,1.2
8829a00743fffff,H3,2025,12,1.5
8829a00743fffff,H3,2025,13,1.7
8829a00743fffff,H3,2025,14,1.8
8829a00743fffff,H3,2025,15,2.2
8829a00743fffff,H3,2025,16,2.7
8829a00743fffff,H3,2025,17,3.5
8829a00743fffff,H3,2025,18,4.2
8829a00743fffff,H3,2025,19,4.5
8829a00743fffff,H3,2025,20,4.7
8829a00743fffff,H3,2025,21,4.5
8829a00743fffff,H3,2025,22,4.3
8829a00743fffff,H3,2025,23,3.9
8829a00e1dfffff,H3,2025,0,3.0
8829a00e1dfffff,H3,2025,1,2.6
8829a00e1dfffff,H3,2025,2,2.3
8829a00e1dfffff,H3,2025,3,2.0
8829a00e1dfffff,H3,2025,4,1.8
8829a00e1dfffff,H3,2025,5,1.7
8829a00e1dfffff,H3,2025,6,1.5
8829a00e1dfffff,H3,2025,7,1.1
8829a00e1dfffff,H3,2025,8,1.0
8829a00e1dfffff,H3,2025,9,0.9
8829a00e1dfffff,H3,2025,10,1.0
8829a00e1dfffff,H3,2025,11,1.1
8829a00e1dfffff,H3,2025,12,1.4
8829a00e1dfffff,H3,2025,13,1.5
8829a00e1dfffff,H3,2025,14,1.7
8829a00e1dfffff,H3,2025,15,2.0
8829a00e1dfffff,H3,2025,16,2.5
8829a00e1dfffff,H3,2025,17,3.3
8829a00e1dfffff,H3,2025,18,3.9
8829a00e1dfffff,H3,2025,19,4.1
8829a00e1dfffff,H3,2025,20,4.3
8829a00e1dfffff,H3,2025,21,4.2
8829a00e1dfffff,H3,2025,22,3.9
8829a00e1dfffff,H3,2025,23,3.4
8829a00e69fffff,H3,2025,0,4.0
8829a00e69fffff,H3,2025,1,3.4
8829a00e69fffff,H3,2025,2,3.0
8829a00e69fffff,H3,2025,3,2.6
8829a00e69fffff,H3,2025,4,2.4
8829a00e69fffff,H3,2025,5,2.2
8829a00e69fffff,H3,2025,6,2.0
8829a00e69fffff,H3,2025,7,1.6
8829a00e69fffff,H3,2025,8,1.4
8829a00e69fffff,H3,2025,9,1.4
8829a00e69fffff,H3,2025,10,1.5
8829a00e69fffff,H3,2025,11,1.7
8829a00e69fffff,H3,2025,12,1.9
8829a00e69fffff,H3,2025,13,2.2
8829a00e69fffff,H3,2025,14,2.4
8829a00e69fffff,H3,2025,15,2.8
8829a00e69fffff,H3,2025,16,3.5
8829a00e69fffff,H3,2025,17,4.5
8829a00e69fffff,H3,2025,18,5.3
8829a00e69fffff,H3,2025,19,5.8
8829a00e69fffff,H3,2025,20,6.0
8829a00e69fffff,H3,2025,21,5.8
8829a00e69fffff,H3,2025,22,5.3
8829a00e69fffff,H3,2025,23,4.7
8829a038d1fffff,H3,2025,0,1.7
8829a038d1fffff,H3,2025,1,1.5
8829a038d1fffff,H3,2025,2,1.2
8829a038d1fffff,H3,2025,3,1.1
8829a038d1fffff,H3,2025,4,1.0
8829a038d1fffff,H3,2025,5,0.9
8829a038d1fffff,H3,2025,6,0.9
8829a038d1fffff,H3,2025,7,0.7
8829a038d1fffff,H3,2025,8,0.6
8829a038d1fffff,H3,2025,9,0.6
8829a038d1fffff,H3,2025,10,0.6
8829a038d1fffff,H3,2025,11,0.7
8829a038d1fffff,H3,2025,12,0.8
8829a038d1fffff,H3,2025,13,0.9
8829a038d1fffff,H3,2025,14,1.0
8829a038d1fffff,H3,2025,15,1.2
8829a038d1fffff,H3,2025,16,1.5
8829a038d1fffff,H3,2025,17,1.9
8829a038d1fffff,H3,2025,18,2.3
8829a038d1fffff,H3,2025,19,2.4
8829a038d1fffff,H3,2025,20,2.5
8829a038d1fffff,H3,2025,21,2.4
8829a038d1fffff,H3,2025,22,2.3
8829a038d1fffff,H3,2025,23,2.0
8829a06499fffff,H3,2025,0,1.4
8829a06499fffff,H3,2025,1,1.1
8829a06499fffff,H3,2025,2,1.0
8829a06499fffff,H3,2025,3,0.9
8829a06499fffff,H3,2025,4,0.8
8829a06499fffff,H3,2025,5,0.8
8829a06499fffff,H3,2025,6,0.7
8829a06499fffff,H3,2025,7,0.6
8829a06499fffff,H3,2025,8,0.5
8829a06499fffff,H3,2025,9,0.5
8829a06499fffff,H3,2025,10,0.5
8829a06499fffff,H3,2025,11,0.6
8829a06499fffff,H3,2025,12,0.6
8829a06499fffff,H3,2025,13,0.7
8829a06499fffff,H3,2025,14,0.8
8829a06499fffff,H3,2025,15,0.9
8829a06499fffff,H3,2025,16,1.1
8829a06499fffff,H3,2025,17,1.5
8829a06499fffff,H3,2025,18,1.7
8829a06499fffff,H3,2025,19,1.8
8829a06499fffff,H3,2025,20,1.9
8829a06499fffff,H3,2025,21,1.9
8829a06499fffff,H3,2025,22,1.8
8829a06499fffff,H3,2025,23,1.6
8829a086cbfffff,H3,2025,0,10.7
8829a086cbfffff,H3,2025,1,9.3
8829a086cbfffff,H3,2025,2,8.2
8829a086cbfffff,H3,2025,3,7.4
8829a086cbfffff,H3,2025,4,6.6
8829a086cbfffff,H3,2025,5,6.0
8829a086cbfffff,H3,2025,6,5.3
8829a086cbfffff,H3,2025,7,4.2
8829a086cbfffff,H3,2025,8,3.5
8829a086cbfffff,H3,2025,9,3.4
8829a086cbfffff,H3,2025,10,3.6
8829a086cbfffff,H3,2025,11,4.2
8829a086cbfffff,H3,2025,12,4.9
8829a086cbfffff,H3,2025,13,5.5
8829a086cbfffff,H3,2025,14,6.1
8829a086cbfffff,H3,2025,15,7.2
8829a086cbfffff,H3,2025,16,8.9
8829a086cbfffff,H3,2025,17,11.7
8829a086cbfffff,H3,2025,18,13.8
8829a086cbfffff,H3,2025,19,14.8
8829a086cbfffff,H3,2025,20,15.5
8829a086cbfffff,H3,2025,21,15.1
8829a086cbfffff,H3,2025,22,14.1
8829a086cbfffff,H3,2025,23,12.5
8829a086d7fffff,H3,2025,0,3.9
8829a086d7fffff,H3,2025,1,3.4
8829a086d7fffff,H3,2025,2,3.0
8829a086d7fffff,H3,2025,3,2.6
8829a086d7fffff,H3,2025,4,2.4
8829a086d7fffff,H3,2025,5,2.2
8829a086d7fffff,H3,2025,6,1.9
8829a086d7fffff,H3,2025,7,1.5
8829a086d7fffff,H3,2025,8,1.2
8829a086d7fffff,H3,2025,9,1.2
8829a086d7fffff,H3,2025,10,1.4
8829a086d7fffff,H3,2025,11,1.5
8829a086d7fffff,H3,2025,12,1.8
8829a086d7fffff,H3,2025,13,1.9
8829a086d7fffff,H3,2025,14,2.2
8829a086d7fffff,H3,2025,15,2.6
8829a086d7fffff,H3,2025,16,3.2
8829a086d7fffff,H3,2025,17,4.2
8829a086d7fffff,H3,2025,18,5.0
8829a086d7fffff,H3,2025,19,5.3
8829a086d7fffff,H3,2025,20,5.6
8829a086d7fffff,H3,2025,21,5.5
8829a086d7fffff,H3,2025,22,5.1
8829a086d7fffff,H3,2025,23,4.5
8829a090edfffff,H3,2025,0,5.2
8829a090edfffff,H3,2025,1,4.5
8829a090edfffff,H3,2025,2,4.0
8829a090edfffff,H3,2025,3,3.5
8829a090edfffff,H3,2025,4,3.3
8829a090edfffff,H3,2025,5,3.0
8829a090edfffff,H3,2025,6,2.6
8829a090edfffff,H3,2025,7,2.0
8829a090edfffff,H3,2025,8,1.7
8829a090edfffff,H3,2025,9,1.7
8829a090edfffff,H3,2025,10,1.8
8829a090edfffff,H3,2025,11,2.0
8829a090edfffff,H3,2025,12,2.4
8829a090edfffff,H3,2025,13,2.6
8829a090edfffff,H3,2025,14,3.0
8829a090edfffff,H3,2025,15,3.5
8829a090edfffff,H3,2025,16,4.3
8829a090edfffff,H3,2025,17,5.7
8829a090edfffff,H3,2025,18,6.7
8829a090edfffff,H3,2025,19,7.3
8829a090edfffff,H3,2025,20,7.5
8829a090edfffff,H3,2025,21,7.4
8829a090edfffff,H3,2025,22,6.8
8829a090edfffff,H3,2025,23,6.1
8829a09221fffff,H3,2025,0,1.2
8829a09221fffff,H3,2025,1,1.1
8829a09221fffff,H3,2025,2,1.0
8829a09221fffff,H3,2025,3,0.9
8829a09221fffff,H3,2025,4,0.8
8829a09221fffff,H3,2025,5,0.7
8829a09221fffff,H3,2025,6,0.7
8829a09221fffff,H3,2025,7,0.6
8829a09221fffff,H3,2025,8,0.5
8829a09221fffff,H3,2025,9,0.5
8829a09221fffff,H3,2025,10,0.5
8829a09221fffff,H3,2025,11,0.6
8829a09221fffff,H3,2025,12,0.6
8829a09221fffff,H3,2025,13,0.7
8829a09221fffff,H3,2025,14,0.8
8829a09221fffff,H3,2025,15,0.9
8829a09221fffff,H3,2025,16,1.1
8829a09221fffff,H3,2025,17,1.5
8829a09221fffff,H3,2025,18,1.7
8829a09221fffff,H3,2025,19,1.8
8829a09221fffff,H3,2025,20,1.9
8829a09221fffff,H3,2025,21,1.8
8829a09221fffff,H3,2025,22,1.7
8829a09221fffff,H3,2025,23,1.5
8829a096edfffff,H3,2025,0,6.8
8829a096edfffff,H3,2025,1,5.9
8829a096edfffff,H3,2025,2,5.1
8829a096edfffff,H3,2025,3,4.7
8829a096edfffff,H3,2025,4,4.2
8829a096edfffff,H3,2025,5,3.9
8829a096edfffff,H3,2025,6,3.4
8829a096edfffff,H3,2025,7,2.7
8829a096edfffff,H3,2025,8,2.3
8829a096edfffff,H3,2025,9,2.2
8829a096edfffff,H3,2025,10,2.4
8829a096edfffff,H3,2025,11,2.7
8829a096edfffff,H3,2025,12,3.2
8829a096edfffff,H3,2025,13,3.5
8829a096edfffff,H3,2025,14,3.9
8829a096edfffff,H3,2025,15,4.5
8829a096edfffff,H3,2025,16,5.7
8829a096edfffff,H3,2025,17,7.5
8829a096edfffff,H3,2025,18,8.8
8829a096edfffff,H3,2025,19,9.4
8829a096edfffff,H3,2025,20,9.9
8829a096edfffff,H3,2025,21,9.7
8829a096edfffff,H3,2025,22,9.0
8829a096edfffff,H3,2025,23,8.0
8829a099b5fffff,H3,2025,0,11.6
8829a099b5fffff,H3,2025,1,10.1
8829a099b5fffff,H3,2025,2,8.9
8829a099b5fffff,H3,2025,3,8.0
8829a099b5fffff,H3,2025,4,7.2
8829a099b5fffff,H3,2025,5,6.6
8829a099b5fffff,H3,2025,6,5.8
8829a099b5fffff,H3,2025,7,4.7
8829a099b5fffff,H3,2025,8,3.9
8829a099b5fffff,H3,2025,9,3.8
8829a099b5fffff,H3,2025,10,4.0
8829a099b5fffff,H3,2025,11,4.7
8829a099b5fffff,H3,2025,12,5.3
8829a099b5fffff,H3,2025,13,5.9
8829a099b5fffff,H3,2025,14,6.6
8829a099b5fffff,H3,2025,15,7.8
8829a099b5fffff,H3,2025,16,9.8
8829a099b5fffff,H3,2025,17,12.7
8829a099b5fffff,H3,2025,18,15.0
8829a099b5fffff,H3,2025,19,16.1
8829a099b5fffff,H3,2025,20,16.8
8829a099b5fffff,H3,2025,21,16.5
8829a099b5fffff,H3,2025,22,15.2
8829a099b5fffff,H3,2025,23,13.6
8829a0ab45fffff,H3,2025,0,1.4
8829a0ab45fffff,H3,2025,1,1.2
8829a0ab45fffff,H3,2025,2,1.0
8829a0ab45fffff,H3,2025,3,0.9
8829a0ab45fffff,H3,2025,4,0.9
8829a0ab45fffff,H3,2025,5,0.8
8829a0ab45fffff,H3,2025,6,0.7
8829a0ab45fffff,H3,2025,7,0.6
8829a0ab45fffff,H3,2025,8,0.5
8829a0ab45fffff,H3,2025,9,0.5
8829a0ab45fffff,H3,2025,10,0.6
8829a0ab45fffff,H3,2025,11,0.6
8829a0ab45fffff,H3,2025,12,0.7
8829a0ab45fffff,H3,2025,13,0.8
8829a0ab45fffff,H3,2025,14,0.9
8829a0ab45fffff,H3,2025,15,1.0
8829a0ab45fffff,H3,2025,16,1.2
8829a0ab45fffff,H3,2025,17,1.6
8829a0ab45fffff,H3,2025,18,1.9
8829a0ab45fffff,H3,2025,19,2.0
8829a0ab45fffff,H3,2025,20,2.2
8829a0ab45fffff,H3,2025,21,2.0
8829a0ab45fffff,H3,2025,22,1.9
8829a0ab45fffff,H3,2025,23,1.7
8829a0b087fffff,H3,2025,0,2.2
8829a0b087fffff,H3,2025,1,1.9
8829a0b087fffff,H3,2025,2,1.7
8829a0b087fffff,H3,2025,3,1.5
8829a0b087fffff,H3,2025,4,1.4
8829a0b087fffff,H3,2025,5,1.2
8829a0b087fffff,H3,2025,6,1.1
8829a0b087fffff,H3,2025,7,0.9
8829a0b087fffff,H3,2025,8,0.8
8829a0b087fffff,H3,2025,9,0.7
8829a0b087fffff,H3,2025,10,0.8
8829a0b087fffff,H3,2025,11,0.9
8829a0b087fffff,H3,2025,12,1.0
8829a0b087fffff,H3,2025,13,1.1
8829a0b087fffff,H3,2025,14,1.2
8829a0b087fffff,H3,2025,15,1.5
8829a0b087fffff,H3,2025,16,1.8
8829a0b087fffff,H3,2025,17,2.4
8829a0b087fffff,H3,2025,18,2.8
8829a0b087fffff,H3,2025,19,3.1
8829a0b087fffff,H3,2025,20,3.2
8829a0b087fffff,H3,2025,21,3.2
8829a0b087fffff,H3,2025,22,3.0
8829a0b087fffff,H3,2025,23,2.6
8829a0b729fffff,H3,2025,0,3.9
8829a0b729fffff,H3,2025,1,3.4
8829a0b729fffff,H3,2025,2,3.0
8829a0b729fffff,H3,2025,3,2.7
8829a0b729fffff,H3,2025,4,2.4
8829a0b729fffff,H3,2025,5,2.2
8829a0b729fffff,H3,2025,6,1.9
8829a0b729fffff,H3,2025,7,1.6
8829a0b729fffff,H3,2025,8,1.2
8829a0b729fffff,H3,2025,9,1.2
8829a0b729fffff,H3,2025,10,1.4
8829a0b729fffff,H3,2025,11,1.6
8829a0b729fffff,H3,2025,12,1.8
8829a0b729fffff,H3,2025,13,2.0
8829a0b729fffff,H3,2025,14,2.3
8829a0b729fffff,H3,2025,15,2.6
8829a0b729fffff,H3,2025,16,3.3
8829a0b729fffff,H3,2025,17,4.3
8829a0b729fffff,H3,2025,18,5.1
8829a0b729fffff,H3,2025,19,5.5
8829a0b729fffff,H3,2025,20,5.7
8829a0b729fffff,H3,2025,21,5.6
8829a0b729fffff,H3,2025,22,5.1
8829a0b729fffff,H3,2025,23,4.5
8829a0c82bfffff,H3,2025,0,2.2
8829a0c82bfffff,H3,2025,1,1.9
8829a0c82bfffff,H3,2025,2,1.7
8829a0c82bfffff,H3,2025,3,1.5
8829a0c82bfffff,H3,2025,4,1.4
8829a0c82bfffff,H3,2025,5,1.2
8829a0c82bfffff,H3,2025,6,1.1
8829a0c82bfffff,H3,2025,7,0.9
8829a0c82bfffff,H3,2025,8,0.8
8829a0c82bfffff,H3,2025,9,0.8
8829a0c82bfffff,H3,2025,10,0.8
8829a0c82bfffff,H3,2025,11,0.9
8829a0c82bfffff,H3,2025,12,1.1
8829a0c82bfffff,H3,2025,13,1.2
8829a0c82bfffff,H3,2025,14,1.4
8829a0c82bfffff,H3,2025,15,1.6
8829a0c82bfffff,H3,2025,16,2.0
8829a0c82bfffff,H3,2025,17,2.6
8829a0c82bfffff,H3,2025,18,3.1
8829a0c82bfffff,H3,2025,19,3.2
8829a0c82bfffff,H3,2025,20,3.3
8829a0c82bfffff,H3,2025,21,3.2
8829a0c82bfffff,H3,2025,22,3.0
8829a0c82bfffff,H3,2025,23,2.6
8829a1104dfffff,H3,2025,0,1.9
8829a1104dfffff,H3,2025,1,1.6
8829a1104dfffff,H3,2025,2,1.4
8829a1104dfffff,H3,2025,3,1.2
8829a1104dfffff,H3,2025,4,1.1
8829a1104dfffff,H3,2025,5,1.0
8829a1104dfffff,H3,2025,6,1.0
8829a1104dfffff,H3,2025,7,0.8
8829a1104dfffff,H3,2025,8,0.8
8829a1104dfffff,H3,2025,9,0.7
8829a1104dfffff,H3,2025,10,0.8
8829a1104dfffff,H3,2025,11,0.9
8829a1104dfffff,H3,2025,12,1.0
8829a1104dfffff,H3,2025,13,1.1
8829a1104dfffff,H3,2025,14,1.2
8829a1104dfffff,H3,2025,15,1.5
8829a1104dfffff,H3,2025,16,1.9
8829a1104dfffff,H3,2025,17,2.4
8829a1104dfffff,H3,2025,18,2.7
8829a1104dfffff,H3,2025,19,3.0
8829a1104dfffff,H3,2025,20,3.0
8829a1104dfffff,H3,2025,21,2.8
8829a1104dfffff,H3,2025,22,2.6
8829a1104dfffff,H3,2025,23,2.3
8829a156e3fffff,H3,2025,0,1.7
8829a156e3fffff,H3,2025,1,1.5
8829a156e3fffff,H3,2025,2,1.2
8829a156e3fffff,H3,2025,3,1.1
8829a156e3fffff,H3,2025,4,1.0
8829a156e3fffff,H3,2025,5,0.9
8829a156e3fffff,H3,2025,6,0.9
8829a156e3fffff,H3,2025,7,0.8
8829a156e3fffff,H3,2025,8,0.7
8829a156e3fffff,H3,2025,9,0.6
8829a156e3fffff,H3,2025,10,0.7
8829a156e3fffff,H3,2025,11,0.8
8829a156e3fffff,H3,2025,12,0.9
8829a156e3fffff,H3,2025,13,1.0
8829a156e3fffff,H3,2025,14,1.1
8829a156e3fffff,H3,2025,15,1.4
8829a156e3fffff,H3,2025,16,1.7
8829a156e3fffff,H3,2025,17,2.2
8829a156e3fffff,H3,2025,18,2.4
8829a156e3fffff,H3,2025,19,2.6
8829a156e3fffff,H3,2025,20,2.6
8829a156e3fffff,H3,2025,21,2.5
8829a156e3fffff,H3,2025,22,2.3
8829a156e3fffff,H3,2025,23,2.0
8829a18805fffff,H3,2025,0,4.7
8829a18805fffff,H3,2025,1,4.1
8829a18805fffff,H3,2025,2,3.5
8829a18805fffff,H3,2025,3,3.2
8829a18805fffff,H3,2025,4,2.8
8829a18805fffff,H3,2025,5,2.6
8829a18805fffff,H3,2025,6,2.3
8829a18805fffff,H3,2025,7,1.8
8829a18805fffff,H3,2025,8,1.6
8829a18805fffff,H3,2025,9,1.5
8829a18805fffff,H3,2025,10,1.6
8829a18805fffff,H3,2025,11,1.8
8829a18805fffff,H3,2025,12,2.2
8829a18805fffff,H3,2025,13,2.4
8829a18805fffff,H3,2025,14,2.7
8829a18805fffff,H3,2025,15,3.2
8829a18805fffff,H3,2025,16,4.0
8829a18805fffff,H3,2025,17,5.1
8829a18805fffff,H3,2025,18,6.0
8829a18805fffff,H3,2025,19,6.5
8829a18805fffff,H3,2025,20,6.7
8829a18805fffff,H3,2025,21,6.6
8829a18805fffff,H3,2025,22,6.1
8829a18805fffff,H3,2025,23,5.5
8829a18a81fffff,H3,2025,0,5.9
8829a18a81fffff,H3,2025,1,5.2
8829a18a81fffff,H3,2025,2,4.5
8829a18a81fffff,H3,2025,3,4.1
8829a18a81fffff,H3,2025,4,3.6
8829a18a81fffff,H3,2025,5,3.4
8829a18a81fffff,H3,2025,6,3.0
8829a18a81fffff,H3,2025,7,2.4
8829a18a81fffff,H3,2025,8,2.0
8829a18a81fffff,H3,2025,9,1.9
8829a18a81fffff,H3,2025,10,2.0
8829a18a81fffff,H3,2025,11,2.4
8829a18a81fffff,H3,2025,12,2.7
8829a18a81fffff,H3,2025,13,3.1
8829a18a81fffff,H3,2025,14,3.4
8829a18a81fffff,H3,2025,15,4.0
8829a18a81fffff,H3,2025,16,5.0
8829a18a81fffff,H3,2025,17,6.6
8829a18a81fffff,H3,2025,18,7.7
8829a18a81fffff,H3,2025,19,8.3
8829a18a81fffff,H3,2025,20,8.6
8829a18a81fffff,H3,2025,21,8.4
8829a18a81fffff,H3,2025,22,7.8
8829a18a81fffff,H3,2025,23,7.0
8829a18a83fffff,H3,2025,0,1.9
8829a18a83fffff,H3,2025,1,1.7
8829a18a83fffff,H3,2025,2,1.5
8829a18a83fffff,H3,2025,3,1.2
8829a18a83fffff,H3,2025,4,1.2
8829a18a83fffff,H3,2025,5,1.0
8829a18a83fffff,H3,2025,6,0.9
8829a18a83fffff,H3,2025,7,0.8
8829a18a83fffff,H3,2025,8,0.7
8829a18a83fffff,H3,2025,9,0.7
8829a18a83fffff,H3,2025,10,0.7
8829a18a83fffff,H3,2025,11,0.8
8829a18a83fffff,H3,2025,12,0.9
8829a18a83fffff,H3,2025,13,1.0
8829a18a83fffff,H3,2025,14,1.1
8829a18a83fffff,H3,2025,15,1.2
8829a18a83fffff,H3,2025,16,1.6
8829a18a83fffff,H3,2025,17,2.2
8829a18a83fffff,H3,2025,18,2.5
8829a18a83fffff,H3,2025,19,2.7
8829a18a83fffff,H3,2025,20,2.8
8829a18a83fffff,H3,2025,21,2.7
8829a18a83fffff,H3,2025,22,2.5
8829a18a83fffff,H3,2025,23,2.3
8829a198e7fffff,H3,2025,0,6.7
8829a198e7fffff,H3,2025,1,5.9
8829a198e7fffff,H3,2025,2,5.1
8829a198e7fffff,H3,2025,3,4.5
8829a198e7fffff,H3,2025,4,4.1
8829a198e7fffff,H3,2025,5,3.8
8829a198e7fffff,H3,2025,6,3.4
8829a198e7fffff,H3,2025,7,2.7
8829a198e7fffff,H3,2025,8,2.3
8829a198e7fffff,H3,2025,9,2.2
8829a198e7fffff,H3,2025,10,2.4
8829a198e7fffff,H3,2025,11,2.7
8829a198e7fffff,H3,2025,12,3.2
8829a198e7fffff,H3,2025,13,3.5
8829a198e7fffff,H3,2025,14,4.0
8829a198e7fffff,H3,2025,15,4.5
8829a198e7fffff,H3,2025,16,5.7
8829a198e7fffff,H3,2025,17,7.5
8829a198e7fffff,H3,2025,18,8.8
8829a198e7fffff,H3,2025,19,9.4
8829a198e7fffff,H3,2025,20,9.8
8829a198e7fffff,H3,2025,21,9.5
8829a198e7fffff,H3,2025,22,8.9
8829a198e7fffff,H3,2025,23,8.0
8829a19905fffff,H3,2025,0,6.5
8829a19905fffff,H3,2025,1,5.7
8829a19905fffff,H3,2025,2,4.9
8829a19905fffff,H3,2025,3,4.4
8829a19905fffff,H3,2025,4,4.0
8829a19905fffff,H3,2025,5,3.6
8829a19905fffff,H3,2025,6,3.2
8829a19905fffff,H3,2025,7,2.6
8829a19905fffff,H3,2025,8,2.2
8829a19905fffff,H3,2025,9,2.0
8829a19905fffff,H3,2025,10,2.3
8829a19905fffff,H3,2025,11,2.6
8829a19905fffff,H3,2025,12,3.0
8829a19905fffff,H3,2025,13,3.3
8829a19905fffff,H3,2025,14,3.8
8829a19905fffff,H3,2025,15,4.3
8829a19905fffff,H3,2025,16,5.5
8829a19905fffff,H3,2025,17,7.2
8829a19905fffff,H3,2025,18,8.3
8829a19905fffff,H3,2025,19,9.0
8829a19905fffff,H3,2025,20,9.3
8829a19905fffff,H3,2025,21,9.2
8829a19905fffff,H3,2025,22,8.5
8829a19905fffff,H3,2025,23,7.6
8829a19b05fffff,H3,2025,0,3.2
8829a19b05fffff,H3,2025,1,2.8
8829a19b05fffff,H3,2025,2,2.4
8829a19b05fffff,H3,2025,3,2.2
8829a19b05fffff,H3,2025,4,2.0
8829a19b05fffff,H3,2025,5,1.8
8829a19b05fffff,H3,2025,6,1.6
8829a19b05fffff,H3,2025,7,1.2
8829a19b05fffff,H3,2025,8,1.0
8829a19b05fffff,H3,2025,9,1.0
8829a19b05fffff,H3,2025,10,1.1
8829a19b05fffff,H3,2025,11,1.2
8829a19b05fffff,H3,2025,12,1.5
8829a19b05fffff,H3,2025,13,1.7
8829a19b05fffff,H3,2025,14,1.8
8829a19b05fffff,H3,2025,15,2.2
8829a19b05fffff,H3,2025,16,2.7
8829a19b05fffff,H3,2025,17,3.5
8829a19b05fffff,H3,2025,18,4.2
8829a19b05fffff,H3,2025,19,4.5
8829a19b05fffff,H3,2025,20,4.7
8829a19b05fffff,H3,2025,21,4.5
8829a19b05fffff,H3,2025,22,4.2
8829a19b05fffff,H3,2025,23,3.8
8829a19b55fffff,H3,2025,0,6.1
8829a19b55fffff,H3,2025,1,5.5
8829a19b55fffff,H3,2025,2,4.8
8829a19b55fffff,H3,2025,3,4.2
8829a19b55fffff,H3,2025,4,3.9
8829a19b55fffff,H3,2025,5,3.5
8829a19b55fffff,H3,2025,6,3.1
8829a19b55fffff,H3,2025,7,2.5
8829a19b55fffff,H3,2025,8,2.0
8829a19b55fffff,H3,2025,9,2.0
8829a19b55fffff,H3,2025,10,2.2
8829a19b55fffff,H3,2025,11,2.5
8829a19b55fffff,H3,2025,12,2.8
8829a19b55fffff,H3,2025,13,3.2
8829a19b55fffff,H3,2025,14,3.5
8829a19b55fffff,H3,2025,15,4.2
8829a19b55fffff,H3,2025,16,5.2
8829a19b55fffff,H3,2025,17,6.8
8829a19b55fffff,H3,2025,18,8.1
8829a19b55fffff,H3,2025,19,8.6
8829a19b55fffff,H3,2025,20,9.0
8829a19b55fffff,H3,2025,21,8.8
8829a19b55fffff,H3,2025,22,8.2
8829a19b55fffff,H3,2025,23,7.3
8829a1b363fffff,H3,2025,0,2.7
8829a1b363fffff,H3,2025,1,2.4
8829a1b363fffff,H3,2025,2,2.2
8829a1b363fffff,H3,2025,3,1.9
8829a1b363fffff,H3,2025,4,1.7
8829a1b363fffff,H3,2025,5,1.6
8829a1b363fffff,H3,2025,6,1.4
8829a1b363fffff,H3,2025,7,1.1
8829a1b363fffff,H3,2025,8,0.9
8829a1b363fffff,H3,2025,9,0.9
8829a1b363fffff,H3,2025,10,0.9
8829a1b363fffff,H3,2025,11,1.1
8829a1b363fffff,H3,2025,12,1.2
8829a1b363fffff,H3,2025,13,1.4
8829a1b363fffff,H3,2025,14,1.6
8829a1b363fffff,H3,2025,15,1.8
8829a1b363fffff,H3,2025,16,2.3
8829a1b363fffff,H3,2025,17,3.1
8829a1b363fffff,H3,2025,18,3.5
8829a1b363fffff,H3,2025,19,3.9
8829a1b363fffff,H3,2025,20,4.0
8829a1b363fffff,H3,2025,21,3.9
8829a1b363fffff,H3,2025,22,3.6
8829a1b363fffff,H3,2025,23,3.3
8829a1c367fffff,H3,2025,0,1.8
8829a1c367fffff,H3,2025,1,1.6
8829a1c367fffff,H3,2025,2,1.4
8829a1c367fffff,H3,2025,3,1.2
8829a1c367fffff,H3,2025,4,1.1
8829a1c367fffff,H3,2025,5,1.0
8829a1c367fffff,H3,2025,6,0.9
8829a1c367fffff,H3,2025,7,0.8
8829a1c367fffff,H3,2025,8,0.7
8829a1c367fffff,H3,2025,9,0.6
8829a1c367fffff,H3,2025,10,0.7
8829a1c367fffff,H3,2025,11,0.8
8829a1c367fffff,H3,2025,12,0.9
8829a1c367fffff,H3,2025,13,0.9
8829a1c367fffff,H3,2025,14,1.0
8829a1c367fffff,H3,2025,15,1.2
8829a1c367fffff,H3,2025,16,1.6
8829a1c367fffff,H3,2025,17,2.0
8829a1c367fffff,H3,2025,18,2.4
8829a1c367fffff,H3,2025,19,2.6
8829a1c367fffff,H3,2025,20,2.7
8829a1c367fffff,H3,2025,21,2.6
8829a1c367fffff,H3,2025,22,2.4
8829a1c367fffff,H3,2025,23,2.2
8829a1d03bfffff,H3,2025,0,9.4
8829a1d03bfffff,H3,2025,1,8.3
8829a1d03bfffff,H3,2025,2,7.2
8829a1d03bfffff,H3,2025,3,6.5
8829a1d03bfffff,H3,2025,4,5.9
8829a1d03bfffff,H3,2025,5,5.3
8829a1d03bfffff,H3,2025,6,4.8
8829a1d03bfffff,H3,2025,7,3.8
8829a1d03bfffff,H3,2025,8,3.2
8829a1d03bfffff,H3,2025,9,3.1
8829a1d03bfffff,H3,2025,10,3.3
8829a1d03bfffff,H3,2025,11,3.8
8829a1d03bfffff,H3,2025,12,4.3
8829a1d03bfffff,H3,2025,13,4.8
8829a1d03bfffff,H3,2025,14,5.5
8829a1d03bfffff,H3,2025,15,6.4
8829a1d03bfffff,H3,2025,16,8.0
8829a1d03bfffff,H3,2025,17,10.3
8829a1d03bfffff,H3,2025,18,12.2
8829a1d03bfffff,H3,2025,19,13.2
8829a1d03bfffff,H3,2025,20,13.8
8829a1d03bfffff,H3,2025,21,13.4
8829a1d03bfffff,H3,2025,22,12.5
8829a1d03bfffff,H3,2025,23,11.1
8829a1d0c1fffff,H3,2025,0,2.0
8829a1d0c1fffff,H3,2025,1,1.7
8829a1d0c1fffff,H3,2025,2,1.5
8829a1d0c1fffff,H3,2025,3,1.4
8829a1d0c1fffff,H3,2025,4,1.2
8829a1d0c1fffff,H3,2025,5,1.1
8829a1d0c1fffff,H3,2025,6,1.0
8829a1d0c1fffff,H3,2025,7,0.8
8829a1d0c1fffff,H3,2025,8,0.7
8829a1d0c1fffff,H3,2025,9,0.7
8829a1d0c1fffff,H3,2025,10,0.7
8829a1d0c1fffff,H3,2025,11,0.8
8829a1d0c1fffff,H3,2025,12,0.9
8829a1d0c1fffff,H3,2025,13,1.0
8829a1d0c1fffff,H3,2025,14,1.1
8829a1d0c1fffff,H3,2025,15,1.4
8829a1d0c1fffff,H3,2025,16,1.7
8829a1d0c1fffff,H3,2025,17,2.2
8829a1d0c1fffff,H3,2025,18,2.6
8829a1d0c1fffff,H3,2025,19,2.7
8829a1d0c1fffff,H3,2025,20,2.8
8829a1d0c1fffff,H3,2025,21,2.8
8829a1d0c1fffff,H3,2025,22,2.6
8829a1d0c1fffff,H3,2025,23,2.4
8829a1d621fffff,H3,2025,0,8.0
8829a1d621fffff,H3,2025,1,7.0
8829a1d621fffff,H3,2025,2,6.1
8829a1d621fffff,H3,2025,3,5.6
8829a1d621fffff,H3,2025,4,5.0
8829a1d621fffff,H3,2025,5,4.5
8829a1d621fffff,H3,2025,6,4.0
8829a1d621fffff,H3,2025,7,3.2
8829a1d621fffff,H3,2025,8,2.7
8829a1d621fffff,H3,2025,9,2.6
8829a1d621fffff,H3,2025,10,2.8
8829a1d621fffff,H3,2025,11,3.2
8829a1d621fffff,H3,2025,12,3.6
8829a1d621fffff,H3,2025,13,4.1
8829a1d621fffff,H3,2025,14,4.5
8829a1d621fffff,H3,2025,15,5.3
8829a1d621fffff,H3,2025,16,6.7
8829a1d621fffff,H3,2025,17,8.9
8829a1d621fffff,H3,2025,18,10.3
8829a1d621fffff,H3,2025,19,11.1
8829a1d621fffff,H3,2025,20,11.6
8829a1d621fffff,H3,2025,21,11.4
8829a1d621fffff,H3,2025,22,10.6
8829a1d621fffff,H3,2025,23,9.4
8829a1d719fffff,H3,2025,0,6.4
8829a1d719fffff,H3,2025,1,5.6
8829a1d719fffff,H3,2025,2,4.9
8829a1d719fffff,H3,2025,3,4.3
8829a1d719fffff,H3,2025,4,4.0
8829a1d719fffff,H3,2025,5,3.6
8829a1d719fffff,H3,2025,6,3.2
8829a1d719fffff,H3,2025,7,2.5
8829a1d719fffff,H3,2025,8,2.2
8829a1d719fffff,H3,2025,9,2.0
8829a1d719fffff,H3,2025,10,2.3
8829a1d719fffff,H3,2025,11,2.5
8829a1d719fffff,H3,2025,12,3.0
8829a1d719fffff,H3,2025,13,3.3
8829a1d719fffff,H3,2025,14,3.6
8829a1d719fffff,H3,2025,15,4.3
8829a1d719fffff,H3,2025,16,5.3
8829a1d719fffff,H3,2025,17,7.0
8829a1d719fffff,H3,2025,18,8.3
8829a1d719fffff,H3,2025,19,8.9
8829a1d719fffff,H3,2025,20,9.2
8829a1d719fffff,H3,2025,21,9.1
8829a1d719fffff,H3,2025,22,8.4
8829a1d719fffff,H3,2025,23,7.5
8829a1d757fffff,H3,2025,0,7.5
8829a1d757fffff,H3,2025,1,6.5
8829a1d757fffff,H3,2025,2,5.7
8829a1d757fffff,H3,2025,3,5.1
8829a1d757fffff,H3,2025,4,4.5
8829a1d757fffff,H3,2025,5,4.2
8829a1d757fffff,H3,2025,6,3.8
8829a1d757fffff,H3,2025,7,3.1
8829a1d757fffff,H3,2025,8,2.6
8829a1d757fffff,H3,2025,9,2.5
8829a1d757fffff,H3,2025,10,2.7
8829a1d757fffff,H3,2025,11,3.1
8829a1d757fffff,H3,2025,12,3.6
8829a1d757fffff,H3,2025,13,4.0
8829a1d757fffff,H3,2025,14,4.4
8829a1d757fffff,H3,2025,15,5.2
8829a1d757fffff,H3,2025,16,6.6
8829a1d757fffff,H3,2025,17,8.5
8829a1d757fffff,H3,2025,18,10.0
8829a1d757fffff,H3,2025,19,10.7
8829a1d757fffff,H3,2025,20,11.0
8829a1d757fffff,H3,2025,21,10.8
8829a1d757fffff,H3,2025,22,10.0
8829a1d757fffff,H3,2025,23,8.9
8829a269e1fffff,H3,2025,0,3.2
8829a269e1fffff,H3,2025,1,2.7
8829a269e1fffff,H3,2025,2,2.4
8829a269e1fffff,H3,2025,3,2.2
8829a269e1fffff,H3,2025,4,1.9
8829a269e1fffff,H3,2025,5,1.8
8829a269e1fffff,H3,2025,6,1.6
8829a269e1fffff,H3,2025,7,1.2
8829a269e1fffff,H3,2025,8,1.0
8829a269e1fffff,H3,2025,9,1.0
8829a269e1fffff,H3,2025,10,1.0
8829a269e1fffff,H3,2025,11,1.2
8829a269e1fffff,H3,2025,12,1.5
8829a269e1fffff,H3,2025,13,1.6
8829a269e1fffff,H3,2025,14,1.8
8829a269e1fffff,H3,2025,15,2.2
8829a269e1fffff,H3,2025,16,2.6
8829a269e1fffff,H3,2025,17,3.4
8829a269e1fffff,H3,2025,18,4.0
8829a269e1fffff,H3,2025,19,4.3
8829a269e1fffff,H3,2025,20,4.5
8829a269e1fffff,H3,2025,21,4.4
8829a269e1fffff,H3,2025,22,4.1
8829a269e1fffff,H3,2025,23,3.6
8829a29991fffff,H3,2025,0,14.1
8829a29991fffff,H3,2025,1,12.3
8829a29991fffff,H3,2025,2,10.6
8829a29991fffff,H3,2025,3,9.4
8829a29991fffff,H3,2025,4,8.5
8829a29991fffff,H3,2025,5,7.8
8829a29991fffff,H3,2025,6,7.3
8829a29991fffff,H3,2025,7,6.1
8829a29991fffff,H3,2025,8,5.5
8829a29991fffff,H3,2025,9,5.3
8829a29991fffff,H3,2025,10,5.8
8829a29991fffff,H3,2025,11,6.6
8829a29991fffff,H3,2025,12,7.7
8829a29991fffff,H3,2025,13,8.6
8829a29991fffff,H3,2025,14,9.4
8829a29991fffff,H3,2025,15,11.0
8829a29991fffff,H3,2025,16,13.6
8829a29991fffff,H3,2025,17,17.4
8829a29991fffff,H3,2025,18,20.1
8829a29991fffff,H3,2025,19,21.1
8829a29991fffff,H3,2025,20,21.7
8829a29991fffff,H3,2025,21,20.9
8829a29991fffff,H3,2025,22,19.2
8829a29991fffff,H3,2025,23,16.8
8829a299d5fffff,H3,2025,0,2.3
8829a299d5fffff,H3,2025,1,2.0
8829a299d5fffff,H3,2025,2,1.8
8829a299d5fffff,H3,2025,3,1.6
8829a299d5fffff,H3,2025,4,1.5
8829a299d5fffff,H3,2025,5,1.2
8829a299d5fffff,H3,2025,6,1.1
8829a299d5fffff,H3,2025,7,0.9
8829a299d5fffff,H3,2025,8,0.8
8829a299d5fffff,H3,2025,9,0.8
8829a299d5fffff,H3,2025,10,0.8
8829a299d5fffff,H3,2025,11,0.9
8829a299d5fffff,H3,2025,12,1.1
8829a299d5fffff,H3,2025,13,1.2
8829a299d5fffff,H3,2025,14,1.4
8829a299d5fffff,H3,2025,15,1.6
8829a299d5fffff,H3,2025,16,2.0
8829a299d5fffff,H3,2025,17,2.6
8829a299d5fffff,H3,2025,18,3.1
8829a299d5fffff,H3,2025,19,3.3
8829a299d5fffff,H3,2025,20,3.4
8829a299d5fffff,H3,2025,21,3.3
8829a299d5fffff,H3,2025,22,3.1
8829a299d5fffff,H3,2025,23,2.7
8829a32c81fffff,H3,2025,0,15.5
8829a32c81fffff,H3,2025,1,13.5
8829a32c81fffff,H3,2025,2,11.7
8829a32c81fffff,H3,2025,3,10.5
8829a32c81fffff,H3,2025,4,9.4
8829a32c81fffff,H3,2025,5,8.6
8829a32c81fffff,H3,2025,6,8.0
8829a32c81fffff,H3,2025,7,6.5
8829a32c81fffff,H3,2025,8,5.6
8829a32c81fffff,H3,2025,9,5.3
8829a32c81fffff,H3,2025,10,5.8
8829a32c81fffff,H3,2025,11,6.6
8829a32c81fffff,H3,2025,12,7.6
8829a32c81fffff,H3,2025,13,8.5
8829a32c81fffff,H3,2025,14,9.4
8829a32c81fffff,H3,2025,15,11.2
8829a32c81fffff,H3,2025,16,14.1
8829a32c81fffff,H3,2025,17,18.2
8829a32c81fffff,H3,2025,18,21.1
8829a32c81fffff,H3,2025,19,22.5
8829a32c81fffff,H3,2025,20,23.3
8829a32c81fffff,H3,2025,21,22.6
8829a32c81fffff,H3,2025,22,20.8
8829a32c81fffff,H3,2025,23,18.3
8829a32cedfffff,H3,2025,0,5.8
8829a32cedfffff,H3,2025,1,5.1
8829a32cedfffff,H3,2025,2,4.4
8829a32cedfffff,H3,2025,3,4.0
8829a32cedfffff,H3,2025,4,3.5
8829a32cedfffff,H3,2025,5,3.3
8829a32cedfffff,H3,2025,6,3.0
8829a32cedfffff,H3,2025,7,2.4
8829a32cedfffff,H3,2025,8,2.0
8829a32cedfffff,H3,2025,9,1.9
8829a32cedfffff,H3,2025,10,2.0
8829a32cedfffff,H3,2025,11,2.4
8829a32cedfffff,H3,2025,12,2.7
8829a32cedfffff,H3,2025,13,3.1
8829a32cedfffff,H3,2025,14,3.4
8829a32cedfffff,H3,2025,15,4.1
8829a32cedfffff,H3,2025,16,5.1
8829a32cedfffff,H3,2025,17,6.6
8829a32cedfffff,H3,2025,18,7.7
8829a32cedfffff,H3,2025,19,8.2
8829a32cedfffff,H3,2025,20,8.5
8829a32cedfffff,H3,2025,21,8.3
8829a32cedfffff,H3,2025,22,7.7
8829a32cedfffff,H3,2025,23,6.8
8829a34185fffff,H3,2025,0,8.2
8829a34185fffff,H3,2025,1,7.2
8829a34185fffff,H3,2025,2,6.2
8829a34185fffff,H3,2025,3,5.6
8829a34185fffff,H3,2025,4,5.0
8829a34185fffff,H3,2025,5,4.5
8829a34185fffff,H3,2025,6,4.2
8829a34185fffff,H3,2025,7,3.4
8829a34185fffff,H3,2025,8,3.0
8829a34185fffff,H3,2025,9,2.8
8829a34185fffff,H3,2025,10,3.1
8829a34185fffff,H3,2025,11,3.5
8829a34185fffff,H3,2025,12,4.1
8829a34185fffff,H3,2025,13,4.5
8829a34185fffff,H3,2025,14,5.1
8829a34185fffff,H3,2025,15,6.0
8829a34185fffff,H3,2025,16,7.4
8829a34185fffff,H3,2025,17,9.7
8829a34185fffff,H3,2025,18,11.1
8829a34185fffff,H3,2025,19,11.9
8829a34185fffff,H3,2025,20,12.3
8829a34185fffff,H3,2025,21,11.9
8829a34185fffff,H3,2025,22,11.0
8829a34185fffff,H3,2025,23,9.8
8829a341a1fffff,H3,2025,0,4.8
8829a341a1fffff,H3,2025,1,4.2
8829a341a1fffff,H3,2025,2,3.6
8829a341a1fffff,H3,2025,3,3.3
8829a341a1fffff,H3,2025,4,3.0
8829a341a1fffff,H3,2025,5,2.7
8829a341a1fffff,H3,2025,6,2.5
8829a341a1fffff,H3,2025,7,2.0
8829a341a1fffff,H3,2025,8,1.8
8829a341a1fffff,H3,2025,9,1.7
8829a341a1fffff,H3,2025,10,1.9
8829a341a1fffff,H3,2025,11,2.2
8829a341a1fffff,H3,2025,12,2.5
8829a341a1fffff,H3,2025,13,2.8
8829a341a1fffff,H3,2025,14,3.1
8829a341a1fffff,H3,2025,15,3.6
8829a341a1fffff,H3,2025,16,4.5
8829a341a1fffff,H3,2025,17,5.8
8829a341a1fffff,H3,2025,18,6.7
8829a341a1fffff,H3,2025,19,7.2
8829a341a1fffff,H3,2025,20,7.3
8829a341a1fffff,H3,2025,21,7.0
8829a341a1fffff,H3,2025,22,6.5
8829a341a1fffff,H3,2025,23,5.7
8829a39139fffff,H3,2025,0,2.7
8829a39139fffff,H3,2025,1,2.4
8829a39139fffff,H3,2025,2,2.0
8829a39139fffff,H3,2025,3,1.8
8829a39139fffff,H3,2025,4,1.7
8829a39139fffff,H3,2025,5,1.5
8829a39139fffff,H3,2025,6,1.4
8829a39139fffff,H3,2025,7,1.1
8829a39139fffff,H3,2025,8,0.9
8829a39139fffff,H3,2025,9,0.9
8829a39139fffff,H3,2025,10,0.9
8829a39139fffff,H3,2025,11,1.1
8829a39139fffff,H3,2025,12,1.2
8829a39139fffff,H3,2025,13,1.4
8829a39139fffff,H3,2025,14,1.6
8829a39139fffff,H3,2025,15,1.8
8829a39139fffff,H3,2025,16,2.3
8829a39139fffff,H3,2025,17,3.1
8829a39139fffff,H3,2025,18,3.5
8829a39139fffff,H3,2025,19,3.9
8829a39139fffff,H3,2025,20,4.0
8829a39139fffff,H3,2025,21,3.9
8829a39139fffff,H3,2025,22,3.6
8829a39139fffff,H3,2025,23,3.2
8829a3b551fffff,H3,2025,0,9.9
8829a3b551fffff,H3,2025,1,8.8
8829a3b551fffff,H3,2025,2,7.6
8829a3b551fffff,H3,2025,3,6.8
8829a3b551fffff,H3,2025,4,6.1
8829a3b551fffff,H3,2025,5,5.6
8829a3b551fffff,H3,2025,6,5.0
8829a3b551fffff,H3,2025,7,4.0
8829a3b551fffff,H3,2025,8,3.4
8829a3b551fffff,H3,2025,9,3.3
8829a3b551fffff,H3,2025,10,3.5
8829a3b551fffff,H3,2025,11,4.0
8829a3b551fffff,H3,2025,12,4.7
8829a3b551fffff,H3,2025,13,5.2
8829a3b551fffff,H3,2025,14,5.8
8829a3b551fffff,H3,2025,15,6.8
8829a3b551fffff,H3,2025,16,8.5
8829a3b551fffff,H3,2025,17,11.1
8829a3b551fffff,H3,2025,18,13.0
8829a3b551fffff,H3,2025,19,14.0
8829a3b551fffff,H3,2025,20,14.5
8829a3b551fffff,H3,2025,21,14.2
8829a3b551fffff,H3,2025,22,13.2
8829a3b551fffff,H3,2025,23,11.7
8829a3c515fffff,H3,2025,0,11.9
8829a3c515fffff,H3,2025,1,10.5
8829a3c515fffff,H3,2025,2,9.1
8829a3c515fffff,H3,2025,3,8.2
8829a3c515fffff,H3,2025,4,7.4
8829a3c515fffff,H3,2025,5,6.7
8829a3c515fffff,H3,2025,6,6.0
8829a3c515fffff,H3,2025,7,4.8
8829a3c515fffff,H3,2025,8,4.0
8829a3c515fffff,H3,2025,9,3.9
8829a3c515fffff,H3,2025,10,4.2
8829a3c515fffff,H3,2025,11,4.8
8829a3c515fffff,H3,2025,12,5.6
8829a3c515fffff,H3,2025,13,6.2
8829a3c515fffff,H3,2025,14,6.9
8829a3c515fffff,H3,2025,15,8.2
8829a3c515fffff,H3,2025,16,10.1
8829a3c515fffff,H3,2025,17,13.3
8829a3c515fffff,H3,2025,18,15.6
8829a3c515fffff,H3,2025,19,16.7
8829a3c515fffff,H3,2025,20,17.4
8829a3c515fffff,H3,2025,21,17.0
8829a3c515fffff,H3,2025,22,15.8
8829a3c515fffff,H3,2025,23,14.0
8829a3c555fffff,H3,2025,0,1.8
8829a3c555fffff,H3,2025,1,1.6
8829a3c555fffff,H3,2025,2,1.4
8829a3c555fffff,H3,2025,3,1.2
8829a3c555fffff,H3,2025,4,1.1
8829a3c555fffff,H3,2025,5,1.0
8829a3c555fffff,H3,2025,6,0.9
8829a3c555fffff,H3,2025,7,0.7
8829a3c555fffff,H3,2025,8,0.6
8829a3c555fffff,H3,2025,9,0.6
8829a3c555fffff,H3,2025,10,0.7
8829a3c555fffff,H3,2025,11,0.7
8829a3c555fffff,H3,2025,12,0.8
8829a3c555fffff,H3,2025,13,0.9
8829a3c555fffff,H3,2025,14,1.0
8829a3c555fffff,H3,2025,15,1.2
8829a3c555fffff,H3,2025,16,1.5
8829a3c555fffff,H3,2025,17,2.0
8829a3c555fffff,H3,2025,18,2.4
8829a3c555fffff,H3,2025,19,2.5
8829a3c555fffff,H3,2025,20,2.6
8829a3c555fffff,H3,2025,21,2.6
8829a3c555fffff,H3,2025,22,2.4
8829a3c555fffff,H3,2025,23,2.2
8829a401d1fffff,H3,2025,0,11.5
8829a401d1fffff,H3,2025,1,10.0
8829a401d1fffff,H3,2025,2,8.5
8829a401d1fffff,H3,2025,3,7.7
8829a401d1fffff,H3,2025,4,6.9
8829a401d1fffff,H3,2025,5,6.2
8829a401d1fffff,H3,2025,6,5.7
8829a401d1fffff,H3,2025,7,4.7
8829a401d1fffff,H3,2025,8,4.1
8829a401d1fffff,H3,2025,9,4.0
8829a401d1fffff,H3,2025,10,4.3
8829a401d1fffff,H3,2025,11,5.0
8829a401d1fffff,H3,2025,12,5.7
8829a401d1fffff,H3,2025,13,6.4
8829a401d1fffff,H3,2025,14,7.0
8829a401d1fffff,H3,2025,15,8.2
8829a401d1fffff,H3,2025,16,10.0
8829a401d1fffff,H3,2025,17,13.1
8829a401d1fffff,H3,2025,18,15.6
8829a401d1fffff,H3,2025,19,17.3
8829a401d1fffff,H3,2025,20,18.0
8829a401d1fffff,H3,2025,21,17.3
8829a401d1fffff,H3,2025,22,15.7
8829a401d1fffff,H3,2025,23,13.8
8829a40309fffff,H3,2025,0,1.9
8829a40309fffff,H3,2025,1,1.7
8829a40309fffff,H3,2025,2,1.5
8829a40309fffff,H3,2025,3,1.4
8829a40309fffff,H3,2025,4,1.2
8829a40309fffff,H3,2025,5,1.1
8829a40309fffff,H3,2025,6,1.0
8829a40309fffff,H3,2025,7,0.8
8829a40309fffff,H3,2025,8,0.7
8829a40309fffff,H3,2025,9,0.7
8829a40309fffff,H3,2025,10,0.7
8829a40309fffff,H3,2025,11,0.8
8829a40309fffff,H3,2025,12,0.9
8829a40309fffff,H3,2025,13,1.0
8829a40309fffff,H3,2025,14,1.1
8829a40309fffff,H3,2025,15,1.4
8829a40309fffff,H3,2025,16,1.7
8829a40309fffff,H3,2025,17,2.2
8829a40309fffff,H3,2025,18,2.6
8829a40309fffff,H3,2025,19,2.7
8829a40309fffff,H3,2025,20,2.8
8829a40309fffff,H3,2025,21,2.8
8829a40309fffff,H3,2025,22,2.6
8829a40309fffff,H3,2025,23,2.3
8829a40343fffff,H3,2025,0,9.3
8829a40343fffff,H3,2025,1,8.1
8829a40343fffff,H3,2025,2,7.0
8829a40343fffff,H3,2025,3,6.4
8829a40343fffff,H3,2025,4,5.7
8829a40343fffff,H3,2025,5,5.2
8829a40343fffff,H3,2025,6,4.7
8829a40343fffff,H3,2025,7,3.9
8829a40343fffff,H3,2025,8,3.3
8829a40343fffff,H3,2025,9,3.1
8829a40343fffff,H3,2025,10,3.4
8829a40343fffff,H3,2025,11,3.9
8829a40343fffff,H3,2025,12,4.4
8829a40343fffff,H3,2025,13,5.0
8829a40343fffff,H3,2025,14,5.6
8829a40343fffff,H3,2025,15,6.6
8829a40343fffff,H3,2025,16,8.2
8829a40343fffff,H3,2025,17,10.7
8829a40343fffff,H3,2025,18,12.4
8829a40343fffff,H3,2025,19,13.3
8829a40343fffff,H3,2025,20,13.8
8829a40343fffff,H3,2025,21,13.4
8829a40343fffff,H3,2025,22,12.4
8829a40343fffff,H3,2025,23,11.0
8829a40ac7fffff,H3,2025,0,9.7
8829a40ac7fffff,H3,2025,1,8.4
8829a40ac7fffff,H3,2025,2,7.3
8829a40ac7fffff,H3,2025,3,6.6
8829a40ac7fffff,H3,2025,4,5.9
8829a40ac7fffff,H3,2025,5,5.5
8829a40ac7fffff,H3,2025,6,4.9
8829a40ac7fffff,H3,2025,7,4.0
8829a40ac7fffff,H3,2025,8,3.4
8829a40ac7fffff,H3,2025,9,3.3
8829a40ac7fffff,H3,2025,10,3.5
8829a40ac7fffff,H3,2025,11,4.1
8829a40ac7fffff,H3,2025,12,4.8
8829a40ac7fffff,H3,2025,13,5.2
8829a40ac7fffff,H3,2025,14,5.8
8829a40ac7fffff,H3,2025,15,6.8
8829a40ac7fffff,H3,2025,16,8.5
8829a40ac7fffff,H3,2025,17,11.1
8829a40ac7fffff,H3,2025,18,13.0
8829a40ac7fffff,H3,2025,19,13.8
8829a40ac7fffff,H3,2025,20,14.3
8829a40ac7fffff,H3,2025,21,13.9
8829a40ac7fffff,H3,2025,22,12.8
8829a40ac7fffff,H3,2025,23,11.4
8829a4108dfffff,H3,2025,0,5.1
8829a4108dfffff,H3,2025,1,4.4
8829a4108dfffff,H3,2025,2,3.9
8829a4108dfffff,H3,2025,3,3.5
8829a4108dfffff,H3,2025,4,3.2
8829a4108dfffff,H3,2025,5,2.8
8829a4108dfffff,H3,2025,6,2.6
8829a4108dfffff,H3,2025,7,2.2
8829a4108dfffff,H3,2025,8,1.8
8829a4108dfffff,H3,2025,9,1.7
8829a4108dfffff,H3,2025,10,1.8
8829a4108dfffff,H3,2025,11,2.2
8829a4108dfffff,H3,2025,12,2.5
8829a4108dfffff,H3,2025,13,2.7
8829a4108dfffff,H3,2025,14,3.1
8829a4108dfffff,H3,2025,15,3.6
8829a4108dfffff,H3,2025,16,4.5
8829a4108dfffff,H3,2025,17,5.9
8829a4108dfffff,H3,2025,18,6.8
8829a4108dfffff,H3,2025,19,7.3
8829a4108dfffff,H3,2025,20,7.6
8829a4108dfffff,H3,2025,21,7.4
8829a4108dfffff,H3,2025,22,6.8
8829a4108dfffff,H3,2025,23,6.0
8829a41101fffff,H3,2025,0,16.0
8829a41101fffff,H3,2025,1,14.0
8829a41101fffff,H3,2025,2,12.2
8829a41101fffff,H3,2025,3,10.9
8829a41101fffff,H3,2025,4,9.9
8829a41101fffff,H3,2025,5,9.0
8829a41101fffff,H3,2025,6,8.1
8829a41101fffff,H3,2025,7,6.6
8829a41101fffff,H3,2025,8,5.7
8829a41101fffff,H3,2025,9,5.5
8829a41101fffff,H3,2025,10,5.9
8829a41101fffff,H3,2025,11,6.7
8829a41101fffff,H3,2025,12,7.7
8829a41101fffff,H3,2025,13,8.8
8829a41101fffff,H3,2025,14,9.7
8829a41101fffff,H3,2025,15,11.4
8829a41101fffff,H3,2025,16,14.2
8829a41101fffff,H3,2025,17,18.4
8829a41101fffff,H3,2025,18,21.5
8829a41101fffff,H3,2025,19,23.0
8829a41101fffff,H3,2025,20,23.8
8829a41101fffff,H3,2025,21,23.2
8829a41101fffff,H3,2025,22,21.5
8829a41101fffff,H3,2025,23,19.0
8829a41183fffff,H3,2025,0,3.4
8829a41183fffff,H3,2025,1,3.0
8829a41183fffff,H3,2025,2,2.6
8829a41183fffff,H3,2025,3,2.4
8829a41183fffff,H3,2025,4,2.2
8829a41183fffff,H3,2025,5,1.9
8829a41183fffff,H3,2025,6,1.7
8829a41183fffff,H3,2025,7,1.4
8829a41183fffff,H3,2025,8,1.1
8829a41183fffff,H3,2025,9,1.1
8829a41183fffff,H3,2025,10,1.2
8829a41183fffff,H3,2025,11,1.4
8829a41183fffff,H3,2025,12,1.6
8829a41183fffff,H3,2025,13,1.8
8829a41183fffff,H3,2025,14,2.0
8829a41183fffff,H3,2025,15,2.4
8829a41183fffff,H3,2025,16,3.0
8829a41183fffff,H3,2025,17,3.9
8829a41183fffff,H3,2025,18,4.5
8829a41183fffff,H3,2025,19,4.8
8829a41183fffff,H3,2025,20,5.0
8829a41183fffff,H3,2025,21,4.9
8829a41183fffff,H3,2025,22,4.5
8829a41183fffff,H3,2025,23,4.1
8829a4118bfffff,H3,2025,0,6.7
8829a4118bfffff,H3,2025,1,5.9
8829a4118bfffff,H3,2025,2,5.1
8829a4118bfffff,H3,2025,3,4.7
8829a4118bfffff,H3,2025,4,4.2
8829a4118bfffff,H3,2025,5,3.9
8829a4118bfffff,H3,2025,6,3.4
8829a4118bfffff,H3,2025,7,2.7
8829a4118bfffff,H3,2025,8,2.3
8829a4118bfffff,H3,2025,9,2.2
8829a4118bfffff,H3,2025,10,2.4
8829a4118bfffff,H3,2025,11,2.7
8829a4118bfffff,H3,2025,12,3.2
8829a4118bfffff,H3,2025,13,3.5
8829a4118bfffff,H3,2025,14,4.0
8829a4118bfffff,H3,2025,15,4.7
8829a4118bfffff,H3,2025,16,5.8
8829a4118bfffff,H3,2025,17,7.6
8829a4118bfffff,H3,2025,18,8.9
8829a4118bfffff,H3,2025,19,9.4
8829a4118bfffff,H3,2025,20,9.9
8829a4118bfffff,H3,2025,21,9.7
8829a4118bfffff,H3,2025,22,9.0
8829a4118bfffff,H3,2025,23,8.0
8829a4119dfffff,H3,2025,0,3.4
8829a4119dfffff,H3,2025,1,3.0
8829a4119dfffff,H3,2025,2,2.6
8829a4119dfffff,H3,2025,3,2.3
8829a4119dfffff,H3,2025,4,2.0
8829a4119dfffff,H3,2025,5,1.9
8829a4119dfffff,H3,2025,6,1.8
8829a4119dfffff,H3,2025,7,1.5
8829a4119dfffff,H3,2025,8,1.2
8829a4119dfffff,H3,2025,9,1.2
8829a4119dfffff,H3,2025,10,1.2
8829a4119dfffff,H3,2025,11,1.5
8829a4119dfffff,H3,2025,12,1.7
8829a4119dfffff,H3,2025,13,1.9
8829a4119dfffff,H3,2025,14,2.2
8829a4119dfffff,H3,2025,15,2.5
8829a4119dfffff,H3,2025,16,3.2
8829a4119dfffff,H3,2025,17,4.1
8829a4119dfffff,H3,2025,18,4.8
8829a4119dfffff,H3,2025,19,5.0
8829a4119dfffff,H3,2025,20,5.2
8829a4119dfffff,H3,2025,21,5.0
8829a4119dfffff,H3,2025,22,4.7
8829a4119dfffff,H3,2025,23,4.1
8829a411c1fffff,H3,2025,0,1.4
8829a411c1fffff,H3,2025,1,1.2
8829a411c1fffff,H3,2025,2,1.0
8829a411c1fffff,H3,2025,3,0.9
8829a411c1fffff,H3,2025,4,0.9
8829a411c1fffff,H3,2025,5,0.8
8829a411c1fffff,H3,2025,6,0.7
8829a411c1fffff,H3,2025,7,0.6
8829a411c1fffff,H3,2025,8,0.5
8829a411c1fffff,H3,2025,9,0.5
8829a411c1fffff,H3,2025,10,0.5
8829a411c1fffff,H3,2025,11,0.6
8829a411c1fffff,H3,2025,12,0.7
8829a411c1fffff,H3,2025,13,0.7
8829a411c1fffff,H3,2025,14,0.8
8829a411c1fffff,H3,2025,15,0.9
8829a411c1fffff,H3,2025,16,1.2
8829a411c1fffff,H3,2025,17,1.6
8829a411c1fffff,H3,2025,18,1.8
8829a411c1fffff,H3,2025,19,1.9
8829a411c1fffff,H3,2025,20,2.0
8829a411c1fffff,H3,2025,21,1.9
8829a411c1fffff,H3,2025,22,1.8
8829a411c1fffff,H3,2025,23,1.6
8829a411e5fffff,H3,2025,0,16.4
8829a411e5fffff,H3,2025,1,14.2
8829a411e5fffff,H3,2025,2,12.3
8829a411e5fffff,H3,2025,3,10.9
8829a411e5fffff,H3,2025,4,9.9
8829a411e5fffff,H3,2025,5,9.1
8829a411e5fffff,H3,2025,6,8.4
8829a411e5fffff,H3,2025,7,7.0
8829a411e5fffff,H3,2025,8,6.1
8829a411e5fffff,H3,2025,9,5.9
8829a411e5fffff,H3,2025,10,6.5
8829a411e5fffff,H3,2025,11,7.4
8829a411e5fffff,H3,2025,12,8.6
8829a411e5fffff,H3,2025,13,9.8
8829a411e5fffff,H3,2025,14,10.6
8829a411e5fffff,H3,2025,15,12.6
8829a411e5fffff,H3,2025,16,15.8
8829a411e5fffff,H3,2025,17,20.2
8829a411e5fffff,H3,2025,18,23.2
8829a411e5fffff,H3,2025,19,24.5
8829a411e5fffff,H3,2025,20,25.1
8829a411e5fffff,H3,2025,21,24.2
8829a411e5fffff,H3,2025,22,22.3
8829a411e5fffff,H3,2025,23,19.4
8829a419dbfffff,H3,2025,0,2.8
8829a419dbfffff,H3,2025,1,2.5
8829a419dbfffff,H3,2025,2,2.2
8829a419dbfffff,H3,2025,3,1.9
8829a419dbfffff,H3,2025,4,1.8
8829a419dbfffff,H3,2025,5,1.6
8829a419dbfffff,H3,2025,6,1.4
8829a419dbfffff,H3,2025,7,1.1
8829a419dbfffff,H3,2025,8,1.0
8829a419dbfffff,H3,2025,9,0.9
8829a419dbfffff,H3,2025,10,1.0
8829a419dbfffff,H3,2025,11,1.2
8829a419dbfffff,H3,2025,12,1.4
8829a419dbfffff,H3,2025,13,1.6
8829a419dbfffff,H3,2025,14,1.7
8829a419dbfffff,H3,2025,15,1.9
8829a419dbfffff,H3,2025,16,2.5
8829a419dbfffff,H3,2025,17,3.2
8829a419dbfffff,H3,2025,18,3.8
8829a419dbfffff,H3,2025,19,4.0
8829a419dbfffff,H3,2025,20,4.2
8829a419dbfffff,H3,2025,21,4.1
8829a419dbfffff,H3,2025,22,3.8
8829a419dbfffff,H3,2025,23,3.4
8829a41a43fffff,H3,2025,0,1.6
8829a41a43fffff,H3,2025,1,1.4
8829a41a43fffff,H3,2025,2,1.2
8829a41a43fffff,H3,2025,3,1.0
8829a41a43fffff,H3,2025,4,0.9
8829a41a43fffff,H3,2025,5,0.9
8829a41a43fffff,H3,2025,6,0.8
8829a41a43fffff,H3,2025,7,0.7
8829a41a43fffff,H3,2025,8,0.6
8829a41a43fffff,H3,2025,9,0.6
8829a41a43fffff,H3,2025,10,0.7
8829a41a43fffff,H3,2025,11,0.7
8829a41a43fffff,H3,2025,12,0.8
8829a41a43fffff,H3,2025,13,0.9
8829a41a43fffff,H3,2025,14,1.0
8829a41a43fffff,H3,2025,15,1.2
8829a41a43fffff,H3,2025,16,1.6
8829a41a43fffff,H3,2025,17,2.0
8829a41a43fffff,H3,2025,18,2.3
8829a41a43fffff,H3,2025,19,2.4
8829a41a43fffff,H3,2025,20,2.5
8829a41a43fffff,H3,2025,21,2.4
8829a41a43fffff,H3,2025,22,2.2
8829a41a43fffff,H3,2025,23,1.9
8829a41a53fffff,H3,2025,0,25.7
8829a41a53fffff,H3,2025,1,22.4
8829a41a53fffff,H3,2025,2,19.3
8829a41a53fffff,H3,2025,3,17.2
8829a41a53fffff,H3,2025,4,15.6
8829a41a53fffff,H3,2025,5,14.3
8829a41a53fffff,H3,2025,6,13.3
8829a41a53fffff,H3,2025,7,11.1
8829a41a53fffff,H3,2025,8,9.8
8829a41a53fffff,H3,2025,9,9.3
8829a41a53fffff,H3,2025,10,10.2
8829a41a53fffff,H3,2025,11,11.6
8829a41a53fffff,H3,2025,12,13.6
8829a41a53fffff,H3,2025,13,15.3
8829a41a53fffff,H3,2025,14,16.7
8829a41a53fffff,H3,2025,15,19.9
8829a41a53fffff,H3,2025,16,24.9
8829a41a53fffff,H3,2025,17,31.9
8829a41a53fffff,H3,2025,18,36.6
8829a41a53fffff,H3,2025,19,38.8
8829a41a53fffff,H3,2025,20,39.7
8829a41a53fffff,H3,2025,21,38.3
8829a41a53fffff,H3,2025,22,35.1
8829a41a53fffff,H3,2025,23,30.7
8829a41ad1fffff,H3,2025,0,24.5
8829a41ad1fffff,H3,2025,1,21.5
8829a41ad1fffff,H3,2025,2,18.8
8829a41ad1fffff,H3,2025,3,16.9
8829a41ad1fffff,H3,2025,4,15.2
8829a41ad1fffff,H3,2025,5,13.9
8829a41ad1fffff,H3,2025,6,12.3
8829a41ad1fffff,H3,2025,7,9.8
8829a41ad1fffff,H3,2025,8,8.2
8829a41ad1fffff,H3,2025,9,8.0
8829a41ad1fffff,H3,2025,10,8.5
8829a41ad1fffff,H3,2025,11,9.8
8829a41ad1fffff,H3,2025,12,11.2
8829a41ad1fffff,H3,2025,13,12.6
8829a41ad1fffff,H3,2025,14,14.1
8829a41ad1fffff,H3,2025,15,16.6
8829a41ad1fffff,H3,2025,16,20.6
8829a41ad1fffff,H3,2025,17,27.0
8829a41ad1fffff,H3,2025,18,31.7
8829a41ad1fffff,H3,2025,19,34.1
8829a41ad1fffff,H3,2025,20,35.6
8829a41ad1fffff,H3,2025,21,34.9
8829a41ad1fffff,H3,2025,22,32.4
8829a41ad1fffff,H3,2025,23,28.9
8829a41ad9fffff,H3,2025,0,2.2
8829a41ad9fffff,H3,2025,1,1.8
8829a41ad9fffff,H3,2025,2,1.6
8829a41ad9fffff,H3,2025,3,1.5
8829a41ad9fffff,H3,2025,4,1.2
8829a41ad9fffff,H3,2025,5,1.2
8829a41ad9fffff,H3,2025,6,1.0
8829a41ad9fffff,H3,2025,7,0.9
8829a41ad9fffff,H3,2025,8,0.8
8829a41ad9fffff,H3,2025,9,0.7
8829a41ad9fffff,H3,2025,10,0.8
8829a41ad9fffff,H3,2025,11,0.9
8829a41ad9fffff,H3,2025,12,1.0
8829a41ad9fffff,H3,2025,13,1.1
8829a41ad9fffff,H3,2025,14,1.2
8829a41ad9fffff,H3,2025,15,1.6
8829a41ad9fffff,H3,2025,16,1.9
8829a41ad9fffff,H3,2025,17,2.5
8829a41ad9fffff,H3,2025,18,2.8
8829a41ad9fffff,H3,2025,19,3.1
8829a41ad9fffff,H3,2025,20,3.2
8829a41ad9fffff,H3,2025,21,3.1
8829a41ad9fffff,H3,2025,22,2.8
8829a41ad9fffff,H3,2025,23,2.5
8829a41adbfffff,H3,2025,0,6.6
8829a41adbfffff,H3,2025,1,5.7
8829a41adbfffff,H3,2025,2,4.9
8829a41adbfffff,H3,2025,3,4.4
8829a41adbfffff,H3,2025,4,4.0
8829a41adbfffff,H3,2025,5,3.6
8829a41adbfffff,H3,2025,6,3.4
8829a41adbfffff,H3,2025,7,2.8
8829a41adbfffff,H3,2025,8,2.4
8829a41adbfffff,H3,2025,9,2.3
8829a41adbfffff,H3,2025,10,2.5
8829a41adbfffff,H3,2025,11,2.8
8829a41adbfffff,H3,2025,12,3.3
8829a41adbfffff,H3,2025,13,3.8
8829a41adbfffff,H3,2025,14,4.1
8829a41adbfffff,H3,2025,15,4.9
8829a41adbfffff,H3,2025,16,6.1
8829a41adbfffff,H3,2025,17,8.0
8829a41adbfffff,H3,2025,18,9.1
8829a41adbfffff,H3,2025,19,9.7
8829a41adbfffff,H3,2025,20,10.0
8829a41adbfffff,H3,2025,21,9.7
8829a41adbfffff,H3,2025,22,8.9
8829a41adbfffff,H3,2025,23,7.7
8829a41addfffff,H3,2025,0,1.4
8829a41addfffff,H3,2025,1,1.2
8829a41addfffff,H3,2025,2,1.0
8829a41addfffff,H3,2025,3,0.9
8829a41addfffff,H3,2025,4,0.9
8829a41addfffff,H3,2025,5,0.8
8829a41addfffff,H3,2025,6,0.7
8829a41addfffff,H3,2025,7,0.6
8829a41addfffff,H3,2025,8,0.5
8829a41addfffff,H3,2025,9,0.5
8829a41addfffff,H3,2025,10,0.5
8829a41addfffff,H3,2025,11,0.6
8829a41addfffff,H3,2025,12,0.7
8829a41addfffff,H3,2025,13,0.7
8829a41addfffff,H3,2025,14,0.8
8829a41addfffff,H3,2025,15,0.9
8829a41addfffff,H3,2025,16,1.1
8829a41addfffff,H3,2025,17,1.5
8829a41addfffff,H3,2025,18,1.8
8829a41addfffff,H3,2025,19,1.9
8829a41addfffff,H3,2025,20,2.0
8829a41addfffff,H3,2025,21,1.9
8829a41addfffff,H3,2025,22,1.8
8829a41addfffff,H3,2025,23,1.6
8829a41b19fffff,H3,2025,0,3.0
8829a41b19fffff,H3,2025,1,2.5
8829a41b19fffff,H3,2025,2,2.2
8829a41b19fffff,H3,2025,3,2.0
8829a41b19fffff,H3,2025,4,1.8
8829a41b19fffff,H3,2025,5,1.6
8829a41b19fffff,H3,2025,6,1.5
8829a41b19fffff,H3,2025,7,1.1
8829a41b19fffff,H3,2025,8,1.0
8829a41b19fffff,H3,2025,9,1.0
8829a41b19fffff,H3,2025,10,1.0
8829a41b19fffff,H3,2025,11,1.2
8829a41b19fffff,H3,2025,12,1.4
8829a41b19fffff,H3,2025,13,1.6
8829a41b19fffff,H3,2025,14,1.7
8829a41b19fffff,H3,2025,15,2.0
8829a41b19fffff,H3,2025,16,2.5
8829a41b19fffff,H3,2025,17,3.3
8829a41b19fffff,H3,2025,18,3.9
8829a41b19fffff,H3,2025,19,4.1
8829a41b19fffff,H3,2025,20,4.3
8829a41b19fffff,H3,2025,21,4.2
8829a41b19fffff,H3,2025,22,3.9
8829a41b19fffff,H3,2025,23,3.4
8829a42b15fffff,H3,2025,0,32.8
8829a42b15fffff,H3,2025,1,28.5
8829a42b15fffff,H3,2025,2,24.7
8829a42b15fffff,H3,2025,3,22.0
8829a42b15fffff,H3,2025,4,19.9
8829a42b15fffff,H3,2025,5,18.3
8829a42b15fffff,H3,2025,6,16.9
8829a42b15fffff,H3,2025,7,14.2
8829a42b15fffff,H3,2025,8,12.5
8829a42b15fffff,H3,2025,9,12.2
8829a42b15fffff,H3,2025,10,13.2
8829a42b15fffff,H3,2025,11,15.0
8829a42b15fffff,H3,2025,12,17.5
8829a42b15fffff,H3,2025,13,19.7
8829a42b15fffff,H3,2025,14,21.5
8829a42b15fffff,H3,2025,15,25.3
8829a42b15fffff,H3,2025,16,31.4
8829a42b15fffff,H3,2025,17,40.3
8829a42b15fffff,H3,2025,18,46.5
8829a42b15fffff,H3,2025,19,49.1
8829a42b15fffff,H3,2025,20,50.5
8829a42b15fffff,H3,2025,21,48.6
8829a42b15fffff,H3,2025,22,44.8
8829a42b15fffff,H3,2025,23,39.2
8829a42dedfffff,H3,2025,0,5.2
8829a42dedfffff,H3,2025,1,4.5
8829a42dedfffff,H3,2025,2,4.0
8829a42dedfffff,H3,2025,3,3.5
8829a42dedfffff,H3,2025,4,3.2
8829a42dedfffff,H3,2025,5,3.0
8829a42dedfffff,H3,2025,6,2.6
8829a42dedfffff,H3,2025,7,2.0
8829a42dedfffff,H3,2025,8,1.8
8829a42dedfffff,H3,2025,9,1.7
8829a42dedfffff,H3,2025,10,1.8
8829a42dedfffff,H3,2025,11,2.0
8829a42dedfffff,H3,2025,12,2.4
8829a42dedfffff,H3,2025,13,2.7
8829a42dedfffff,H3,2025,14,3.0
8829a42dedfffff,H3,2025,15,3.5
8829a42dedfffff,H3,2025,16,4.4
8829a42dedfffff,H3,2025,17,5.8
8829a42dedfffff,H3,2025,18,6.8
8829a42dedfffff,H3,2025,19,7.3
8829a42dedfffff,H3,2025,20,7.6
8829a42dedfffff,H3,2025,21,7.4
8829a42dedfffff,H3,2025,22,6.8
8829a42dedfffff,H3,2025,23,6.1
8829a4451dfffff,H3,2025,0,4.0
8829a4451dfffff,H3,2025,1,3.5
8829a4451dfffff,H3,2025,2,3.1
8829a4451dfffff,H3,2025,3,2.7
8829a4451dfffff,H3,2025,4,2.5
8829a4451dfffff,H3,2025,5,2.3
8829a4451dfffff,H3,2025,6,2.0
8829a4451dfffff,H3,2025,7,1.6
8829a4451dfffff,H3,2025,8,1.4
8829a4451dfffff,H3,2025,9,1.2
8829a4451dfffff,H3,2025,10,1.4
8829a4451dfffff,H3,2025,11,1.6
8829a4451dfffff,H3,2025,12,1.8
8829a4451dfffff,H3,2025,13,2.0
8829a4451dfffff,H3,2025,14,2.3
8829a4451dfffff,H3,2025,15,2.7
8829a4451dfffff,H3,2025,16,3.3
8829a4451dfffff,H3,2025,17,4.3
8829a4451dfffff,H3,2025,18,5.1
8829a4451dfffff,H3,2025,19,5.5
8829a4451dfffff,H3,2025,20,5.8
8829a4451dfffff,H3,2025,21,5.7
8829a4451dfffff,H3,2025,22,5.2
8829a4451dfffff,H3,2025,23,4.7
8829a445c7fffff,H3,2025,0,2.5
8829a445c7fffff,H3,2025,1,2.2
8829a445c7fffff,H3,2025,2,1.9
8829a445c7fffff,H3,2025,3,1.7
8829a445c7fffff,H3,2025,4,1.6
8829a445c7fffff,H3,2025,5,1.4
8829a445c7fffff,H3,2025,6,1.2
8829a445c7fffff,H3,2025,7,1.0
8829a445c7fffff,H3,2025,8,0.9
8829a445c7fffff,H3,2025,9,0.9
8829a445c7fffff,H3,2025,10,0.9
8829a445c7fffff,H3,2025,11,1.0
8829a445c7fffff,H3,2025,12,1.2
8829a445c7fffff,H3,2025,13,1.4
8829a445c7fffff,H3,2025,14,1.6
8829a445c7fffff,H3,2025,15,1.8
8829a445c7fffff,H3,2025,16,2.3
8829a445c7fffff,H3,2025,17,3.0
8829a445c7fffff,H3,2025,18,3.4
8829a445c7fffff,H3,2025,19,3.6
8829a445c7fffff,H3,2025,20,3.8
8829a445c7fffff,H3,2025,21,3.6
8829a445c7fffff,H3,2025,22,3.4
8829a445c7fffff,H3,2025,23,3.0
8829a450b7fffff,H3,2025,0,1.9
8829a450b7fffff,H3,2025,1,1.7
8829a450b7fffff,H3,2025,2,1.5
8829a450b7fffff,H3,2025,3,1.2
8829a450b7fffff,H3,2025,4,1.1
8829a450b7fffff,H3,2025,5,1.0
8829a450b7fffff,H3,2025,6,1.0
8829a450b7fffff,H3,2025,7,0.8
8829a450b7fffff,H3,2025,8,0.7
8829a450b7fffff,H3,2025,9,0.7
8829a450b7fffff,H3,2025,10,0.7
8829a450b7fffff,H3,2025,11,0.8
8829a450b7fffff,H3,2025,12,0.9
8829a450b7fffff,H3,2025,13,1.0
8829a450b7fffff,H3,2025,14,1.2
8829a450b7fffff,H3,2025,15,1.4
8829a450b7fffff,H3,2025,16,1.8
8829a450b7fffff,H3,2025,17,2.3
8829a450b7fffff,H3,2025,18,2.6
8829a450b7fffff,H3,2025,19,2.8
8829a450b7fffff,H3,2025,20,2.8
8829a450b7fffff,H3,2025,21,2.8
8829a450b7fffff,H3,2025,22,2.6
8829a450b7fffff,H3,2025,23,2.3
8829a45613fffff,H3,2025,0,39.0
8829a45613fffff,H3,2025,1,34.1
8829a45613fffff,H3,2025,2,29.8
8829a45613fffff,H3,2025,3,26.8
8829a45613fffff,H3,2025,4,24.2
8829a45613fffff,H3,2025,5,22.0
8829a45613fffff,H3,2025,6,19.5
8829a45613fffff,H3,2025,7,15.7
8829a45613fffff,H3,2025,8,13.2
8829a45613fffff,H3,2025,9,12.6
8829a45613fffff,H3,2025,10,13.6
8829a45613fffff,H3,2025,11,15.7
8829a45613fffff,H3,2025,12,18.1
8829a45613fffff,H3,2025,13,20.1
8829a45613fffff,H3,2025,14,22.5
8829a45613fffff,H3,2025,15,26.5
8829a45613fffff,H3,2025,16,33.1
8829a45613fffff,H3,2025,17,43.3
8829a45613fffff,H3,2025,18,50.7
8829a45613fffff,H3,2025,19,54.4
8829a45613fffff,H3,2025,20,56.7
8829a45613fffff,H3,2025,21,55.6
8829a45613fffff,H3,2025,22,51.6
8829a45613fffff,H3,2025,23,45.9
8829a4586dfffff,H3,2025,0,25.1
8829a4586dfffff,H3,2025,1,22.0
8829a4586dfffff,H3,2025,2,19.2
8829a4586dfffff,H3,2025,3,17.3
8829a4586dfffff,H3,2025,4,15.7
8829a4586dfffff,H3,2025,5,14.2
8829a4586dfffff,H3,2025,6,12.6
8829a4586dfffff,H3,2025,7,10.1
8829a4586dfffff,H3,2025,8,8.5
8829a4586dfffff,H3,2025,9,8.2
8829a4586dfffff,H3,2025,10,8.9
8829a4586dfffff,H3,2025,11,10.1
8829a4586dfffff,H3,2025,12,11.7
8829a4586dfffff,H3,2025,13,13.1
8829a4586dfffff,H3,2025,14,14.5
8829a4586dfffff,H3,2025,15,17.2
8829a4586dfffff,H3,2025,16,21.4
8829a4586dfffff,H3,2025,17,28.0
8829a4586dfffff,H3,2025,18,32.8
8829a4586dfffff,H3,2025,19,35.2
8829a4586dfffff,H3,2025,20,36.7
8829a4586dfffff,H3,2025,21,35.9
8829a4586dfffff,H3,2025,22,33.3
8829a4586dfffff,H3,2025,23,29.7
8829a4659bfffff,H3,2025,0,3.2
8829a4659bfffff,H3,2025,1,2.8
8829a4659bfffff,H3,2025,2,2.4
8829a4659bfffff,H3,2025,3,2.2
8829a4659bfffff,H3,2025,4,2.0
8829a4659bfffff,H3,2025,5,1.8
8829a4659bfffff,H3,2025,6,1.6
8829a4659bfffff,H3,2025,7,1.2
8829a4659bfffff,H3,2025,8,1.1
8829a4659bfffff,H3,2025,9,1.0
8829a4659bfffff,H3,2025,10,1.1
8829a4659bfffff,H3,2025,11,1.2
8829a4659bfffff,H3,2025,12,1.5
8829a4659bfffff,H3,2025,13,1.7
8829a4659bfffff,H3,2025,14,1.8
8829a4659bfffff,H3,2025,15,2.2
8829a4659bfffff,H3,2025,16,2.7
8829a4659bfffff,H3,2025,17,3.5
8829a4659bfffff,H3,2025,18,4.2
8829a4659bfffff,H3,2025,19,4.5
8829a4659bfffff,H3,2025,20,4.7
8829a4659bfffff,H3,2025,21,4.5
8829a4659bfffff,H3,2025,22,4.2
8829a4659bfffff,H3,2025,23,3.8
8829a4721dfffff,H3,2025,0,3.2
8829a4721dfffff,H3,2025,1,2.8
8829a4721dfffff,H3,2025,2,2.4
8829a4721dfffff,H3,2025,3,2.2
8829a4721dfffff,H3,2025,4,2.0
8829a4721dfffff,H3,2025,5,1.8
8829a4721dfffff,H3,2025,6,1.6
8829a4721dfffff,H3,2025,7,1.2
8829a4721dfffff,H3,2025,8,1.0
8829a4721dfffff,H3,2025,9,1.0
8829a4721dfffff,H3,2025,10,1.1
8829a4721dfffff,H3,2025,11,1.2
8829a4721dfffff,H3,2025,12,1.5
8829a4721dfffff,H3,2025,13,1.6
8829a4721dfffff,H3,2025,14,1.8
8829a4721dfffff,H3,2025,15,2.2
8829a4721dfffff,H3,2025,16,2.7
8829a4721dfffff,H3,2025,17,3.5
8829a4721dfffff,H3,2025,18,4.1
8829a4721dfffff,H3,2025,19,4.4
8829a4721dfffff,H3,2025,20,4.7
8829a4721dfffff,H3,2025,21,4.5
8829a4721dfffff,H3,2025,22,4.2
8829a4721dfffff,H3,2025,23,3.8
8829a4c451fffff,H3,2025,0,83.5
8829a4c451fffff,H3,2025,1,73.2
8829a4c451fffff,H3,2025,2,63.8
8829a4c451fffff,H3,2025,3,57.4
8829a4c451fffff,H3,2025,4,51.9
8829a4c451fffff,H3,2025,5,47.2
8829a4c451fffff,H3,2025,6,42.0
8829a4c451fffff,H3,2025,7,33.6
8829a4c451fffff,H3,2025,8,28.3
8829a4c451fffff,H3,2025,9,27.3
8829a4c451fffff,H3,2025,10,29.4
8829a4c451fffff,H3,2025,11,33.8
8829a4c451fffff,H3,2025,12,39.1
8829a4c451fffff,H3,2025,13,43.5
8829a4c451fffff,H3,2025,14,48.6
8829a4c451fffff,H3,2025,15,57.2
8829a4c451fffff,H3,2025,16,71.2
8829a4c451fffff,H3,2025,17,93.3
8829a4c451fffff,H3,2025,18,109.3
8829a4c451fffff,H3,2025,19,117.3
8829a4c451fffff,H3,2025,20,122.2
8829a4c451fffff,H3,2025,21,119.4
8829a4c451fffff,H3,2025,22,110.9
8829a4c451fffff,H3,2025,23,98.6
8829a4c713fffff,H3,2025,0,19.8
8829a4c713fffff,H3,2025,1,17.3
8829a4c713fffff,H3,2025,2,15.0
8829a4c713fffff,H3,2025,3,13.5
8829a4c713fffff,H3,2025,4,12.3
8829a4c713fffff,H3,2025,5,11.1
8829a4c713fffff,H3,2025,6,10.0
8829a4c713fffff,H3,2025,7,8.0
8829a4c713fffff,H3,2025,8,6.7
8829a4c713fffff,H3,2025,9,6.5
8829a4c713fffff,H3,2025,10,7.0
8829a4c713fffff,H3,2025,11,8.0
8829a4c713fffff,H3,2025,12,9.3
8829a4c713fffff,H3,2025,13,10.3
8829a4c713fffff,H3,2025,14,11.6
8829a4c713fffff,H3,2025,15,13.6
8829a4c713fffff,H3,2025,16,16.9
8829a4c713fffff,H3,2025,17,22.2
8829a4c713fffff,H3,2025,18,25.9
8829a4c713fffff,H3,2025,19,27.8
8829a4c713fffff,H3,2025,20,29.0
8829a4c713fffff,H3,2025,21,28.3
8829a4c713fffff,H3,2025,22,26.2
8829a4c713fffff,H3,2025,23,23.3
8829a4ce81fffff,H3,2025,0,46.4
8829a4ce81fffff,H3,2025,1,40.7
8829a4ce81fffff,H3,2025,2,35.5
8829a4ce81fffff,H3,2025,3,31.8
8829a4ce81fffff,H3,2025,4,28.9
8829a4ce81fffff,H3,2025,5,26.2
8829a4ce81fffff,H3,2025,6,23.4
8829a4ce81fffff,H3,2025,7,18.8
8829a4ce81fffff,H3,2025,8,15.8
8829a4ce81fffff,H3,2025,9,15.1
8829a4ce81fffff,H3,2025,10,16.4
8829a4ce81fffff,H3,2025,11,18.8
8829a4ce81fffff,H3,2025,12,21.7
8829a4ce81fffff,H3,2025,13,24.2
8829a4ce81fffff,H3,2025,14,27.0
8829a4ce81fffff,H3,2025,15,31.8
8829a4ce81fffff,H3,2025,16,39.7
8829a4ce81fffff,H3,2025,17,51.9
8829a4ce81fffff,H3,2025,18,60.8
8829a4ce81fffff,H3,2025,19,65.2
8829a4ce81fffff,H3,2025,20,67.8
8829a4ce81fffff,H3,2025,21,66.4
8829a4ce81fffff,H3,2025,22,61.6
8829a4ce81fffff,H3,2025,23,54.8
8829a56141fffff,H3,2025,0,9.4
8829a56141fffff,H3,2025,1,8.3
8829a56141fffff,H3,2025,2,7.2
8829a56141fffff,H3,2025,3,6.5
8829a56141fffff,H3,2025,4,5.9
8829a56141fffff,H3,2025,5,5.3
8829a56141fffff,H3,2025,6,4.8
8829a56141fffff,H3,2025,7,3.8
8829a56141fffff,H3,2025,8,3.2
8829a56141fffff,H3,2025,9,3.1
8829a56141fffff,H3,2025,10,3.3
8829a56141fffff,H3,2025,11,3.8
8829a56141fffff,H3,2025,12,4.3
8829a56141fffff,H3,2025,13,4.9
8829a56141fffff,H3,2025,14,5.5
8829a56141fffff,H3,2025,15,6.4
8829a56141fffff,H3,2025,16,8.0
8829a56141fffff,H3,2025,17,10.5
8829a56141fffff,H3,2025,18,12.3
8829a56141fffff,H3,2025,19,13.2
8829a56141fffff,H3,2025,20,13.8
8829a56141fffff,H3,2025,21,13.4
8829a56141fffff,H3,2025,22,12.5
8829a56141fffff,H3,2025,23,11.1
8829a5614bfffff,H3,2025,0,3.0
8829a5614bfffff,H3,2025,1,2.6
8829a5614bfffff,H3,2025,2,2.3
8829a5614bfffff,H3,2025,3,2.0
8829a5614bfffff,H3,2025,4,1.8
8829a5614bfffff,H3,2025,5,1.7
8829a5614bfffff,H3,2025,6,1.5
8829a5614bfffff,H3,2025,7,1.2
8829a5614bfffff,H3,2025,8,1.0
8829a5614bfffff,H3,2025,9,0.9
8829a5614bfffff,H3,2025,10,1.0
8829a5614bfffff,H3,2025,11,1.2
8829a5614bfffff,H3,2025,12,1.4
8829a5614bfffff,H3,2025,13,1.6
8829a5614bfffff,H3,2025,14,1.7
8829a5614bfffff,H3,2025,15,2.0
8829a5614bfffff,H3,2025,16,2.5
8829a5614bfffff,H3,2025,17,3.3
8829a5614bfffff,H3,2025,18,3.9
8829a5614bfffff,H3,2025,19,4.2
8829a5614bfffff,H3,2025,20,4.3
8829a5614bfffff,H3,2025,21,4.2
8829a5614bfffff,H3,2025,22,4.0
8829a5614bfffff,H3,2025,23,3.5
8829a561d7fffff,H3,2025,0,3.6
8829a561d7fffff,H3,2025,1,3.3
8829a561d7fffff,H3,2025,2,2.8
8829a561d7fffff,H3,2025,3,2.5
8829a561d7fffff,H3,2025,4,2.3
8829a561d7fffff,H3,2025,5,2.0
8829a561d7fffff,H3,2025,6,1.8
8829a561d7fffff,H3,2025,7,1.5
8829a561d7fffff,H3,2025,8,1.2
8829a561d7fffff,H3,2025,9,1.2
8829a561d7fffff,H3,2025,10,1.2
8829a561d7fffff,H3,2025,11,1.5
8829a561d7fffff,H3,2025,12,1.7
8829a561d7fffff,H3,2025,13,1.9
8829a561d7fffff,H3,2025,14,2.2
8829a561d7fffff,H3,2025,15,2.5
8829a561d7fffff,H3,2025,16,3.2
8829a561d7fffff,H3,2025,17,4.1
8829a561d7fffff,H3,2025,18,4.8
8829a561d7fffff,H3,2025,19,5.2
8829a561d7fffff,H3,2025,20,5.5
8829a561d7fffff,H3,2025,21,5.3
8829a561d7fffff,H3,2025,22,4.9
8829a561d7fffff,H3,2025,23,4.3
8829a56239fffff,H3,2025,0,1.9
8829a56239fffff,H3,2025,1,1.7
8829a56239fffff,H3,2025,2,1.5
8829a56239fffff,H3,2025,3,1.2
8829a56239fffff,H3,2025,4,1.2
8829a56239fffff,H3,2025,5,1.0
8829a56239fffff,H3,2025,6,0.9
8829a56239fffff,H3,2025,7,0.8
8829a56239fffff,H3,2025,8,0.7
8829a56239fffff,H3,2025,9,0.6
8829a56239fffff,H3,2025,10,0.7
8829a56239fffff,H3,2025,11,0.8
8829a56239fffff,H3,2025,12,0.9
8829a56239fffff,H3,2025,13,1.0
8829a56239fffff,H3,2025,14,1.1
8829a56239fffff,H3,2025,15,1.2
8829a56239fffff,H3,2025,16,1.6
8829a56239fffff,H3,2025,17,2.2
8829a56239fffff,H3,2025,18,2.5
8829a56239fffff,H3,2025,19,2.6
8829a56239fffff,H3,2025,20,2.7
8829a56239fffff,H3,2025,21,2.7
8829a56239fffff,H3,2025,22,2.5
8829a56239fffff,H3,2025,23,2.3
8829a56585fffff,H3,2025,0,5.6
8829a56585fffff,H3,2025,1,4.9
8829a56585fffff,H3,2025,2,4.3
8829a56585fffff,H3,2025,3,3.9
8829a56585fffff,H3,2025,4,3.5
8829a56585fffff,H3,2025,5,3.2
8829a56585fffff,H3,2025,6,2.8
8829a56585fffff,H3,2025,7,2.3
8829a56585fffff,H3,2025,8,1.9
8829a56585fffff,H3,2025,9,1.8
8829a56585fffff,H3,2025,10,1.9
8829a56585fffff,H3,2025,11,2.3
8829a56585fffff,H3,2025,12,2.6
8829a56585fffff,H3,2025,13,2.8
8829a56585fffff,H3,2025,14,3.3
8829a56585fffff,H3,2025,15,3.9
8829a56585fffff,H3,2025,16,4.8
8829a56585fffff,H3,2025,17,6.2
8829a56585fffff,H3,2025,18,7.3
8829a56585fffff,H3,2025,19,7.8
8829a56585fffff,H3,2025,20,8.2
8829a56585fffff,H3,2025,21,8.0
8829a56585fffff,H3,2025,22,7.4
8829a56585fffff,H3,2025,23,6.6
8829a56831fffff,H3,2025,0,1.7
8829a56831fffff,H3,2025,1,1.5
8829a56831fffff,H3,2025,2,1.2
8829a56831fffff,H3,2025,3,1.1
8829a56831fffff,H3,2025,4,1.0
8829a56831fffff,H3,2025,5,0.9
8829a56831fffff,H3,2025,6,0.8
8829a56831fffff,H3,2025,7,0.7
8829a56831fffff,H3,2025,8,0.6
8829a56831fffff,H3,2025,9,0.6
8829a56831fffff,H3,2025,10,0.6
8829a56831fffff,H3,2025,11,0.7
8829a56831fffff,H3,2025,12,0.8
8829a56831fffff,H3,2025,13,0.9
8829a56831fffff,H3,2025,14,0.9
8829a56831fffff,H3,2025,15,1.1
8829a56831fffff,H3,2025,16,1.4
8829a56831fffff,H3,2025,17,1.8
8829a56831fffff,H3,2025,18,2.2
8829a56831fffff,H3,2025,19,2.4
8829a56831fffff,H3,2025,20,2.5
8829a56831fffff,H3,2025,21,2.4
8829a56831fffff,H3,2025,22,2.3
8829a56831fffff,H3,2025,23,2.0
8829a57981fffff,H3,2025,0,5.3
8829a57981fffff,H3,2025,1,4.7
8829a57981fffff,H3,2025,2,4.1
8829a57981fffff,H3,2025,3,3.6
8829a57981fffff,H3,2025,4,3.3
8829a57981fffff,H3,2025,5,3.1
8829a57981fffff,H3,2025,6,2.7
8829a57981fffff,H3,2025,7,2.2
8829a57981fffff,H3,2025,8,1.8
8829a57981fffff,H3,2025,9,1.8
8829a57981fffff,H3,2025,10,1.9
8829a57981fffff,H3,2025,11,2.2
8829a57981fffff,H3,2025,12,2.5
8829a57981fffff,H3,2025,13,2.8
8829a57981fffff,H3,2025,14,3.2
8829a57981fffff,H3,2025,15,3.8
8829a57981fffff,H3,2025,16,4.7
8829a57981fffff,H3,2025,17,6.0
8829a57981fffff,H3,2025,18,7.0
8829a57981fffff,H3,2025,19,7.6
8829a57981fffff,H3,2025,20,7.8
8829a57981fffff,H3,2025,21,7.7
8829a57981fffff,H3,2025,22,7.2
8829a57981fffff,H3,2025,23,6.4
8829a5799dfffff,H3,2025,0,1.7
8829a5799dfffff,H3,2025,1,1.5
8829a5799dfffff,H3,2025,2,1.4
8829a5799dfffff,H3,2025,3,1.2
8829a5799dfffff,H3,2025,4,1.0
8829a5799dfffff,H3,2025,5,1.0
8829a5799dfffff,H3,2025,6,0.9
8829a5799dfffff,H3,2025,7,0.7
8829a5799dfffff,H3,2025,8,0.6
8829a5799dfffff,H3,2025,9,0.6
8829a5799dfffff,H3,2025,10,0.7
8829a5799dfffff,H3,2025,11,0.7
8829a5799dfffff,H3,2025,12,0.8
8829a5799dfffff,H3,2025,13,0.9
8829a5799dfffff,H3,2025,14,1.0
8829a5799dfffff,H3,2025,15,1.2
8829a5799dfffff,H3,2025,16,1.5
8829a5799dfffff,H3,2025,17,1.9
8829a5799dfffff,H3,2025,18,2.3
8829a5799dfffff,H3,2025,19,2.5
8829a5799dfffff,H3,2025,20,2.5
8829a5799dfffff,H3,2025,21,2.5
8829a5799dfffff,H3,2025,22,2.3
8829a5799dfffff,H3,2025,23,2.0
8829a62429fffff,H3,2025,0,3.3
8829a62429fffff,H3,2025,1,3.0
8829a62429fffff,H3,2025,2,2.5
8829a62429fffff,H3,2025,3,2.3
8829a62429fffff,H3,2025,4,2.0
8829a62429fffff,H3,2025,5,1.8
8829a62429fffff,H3,2025,6,1.7
8829a62429fffff,H3,2025,7,1.4
8829a62429fffff,H3,2025,8,1.1
8829a62429fffff,H3,2025,9,1.0
8829a62429fffff,H3,2025,10,1.1
8829a62429fffff,H3,2025,11,1.4
8829a62429fffff,H3,2025,12,1.6
8829a62429fffff,H3,2025,13,1.7
8829a62429fffff,H3,2025,14,1.9
8829a62429fffff,H3,2025,15,2.3
8829a62429fffff,H3,2025,16,2.8
8829a62429fffff,H3,2025,17,3.6
8829a62429fffff,H3,2025,18,4.3
8829a62429fffff,H3,2025,19,4.7
8829a62429fffff,H3,2025,20,4.8
8829a62429fffff,H3,2025,21,4.8
8829a62429fffff,H3,2025,22,4.4
8829a62429fffff,H3,2025,23,3.9
8829a639dbfffff,H3,2025,0,21.2
8829a639dbfffff,H3,2025,1,18.6
8829a639dbfffff,H3,2025,2,16.2
8829a639dbfffff,H3,2025,3,14.7
8829a639dbfffff,H3,2025,4,13.2
8829a639dbfffff,H3,2025,5,12.0
8829a639dbfffff,H3,2025,6,10.7
8829a639dbfffff,H3,2025,7,8.5
8829a639dbfffff,H3,2025,8,7.2
8829a639dbfffff,H3,2025,9,6.8
8829a639dbfffff,H3,2025,10,7.4
8829a639dbfffff,H3,2025,11,8.5
8829a639dbfffff,H3,2025,12,9.8
8829a639dbfffff,H3,2025,13,10.9
8829a639dbfffff,H3,2025,14,12.2
8829a639dbfffff,H3,2025,15,14.3
8829a639dbfffff,H3,2025,16,17.8
8829a639dbfffff,H3,2025,17,23.4
8829a639dbfffff,H3,2025,18,27.5
8829a639dbfffff,H3,2025,19,29.5
8829a639dbfffff,H3,2025,20,30.8
8829a639dbfffff,H3,2025,21,30.2
8829a639dbfffff,H3,2025,22,28.1
8829a639dbfffff,H3,2025,23,25.0
8829a80487fffff,H3,2025,0,4.4
8829a80487fffff,H3,2025,1,3.9
8829a80487fffff,H3,2025,2,3.3
8829a80487fffff,H3,2025,3,3.0
8829a80487fffff,H3,2025,4,2.6
8829a80487fffff,H3,2025,5,2.5
8829a80487fffff,H3,2025,6,2.3
8829a80487fffff,H3,2025,7,1.9
8829a80487fffff,H3,2025,8,1.7
8829a80487fffff,H3,2025,9,1.6
8829a80487fffff,H3,2025,10,1.8
8829a80487fffff,H3,2025,11,2.0
8829a80487fffff,H3,2025,12,2.4
8829a80487fffff,H3,2025,13,2.6
8829a80487fffff,H3,2025,14,2.8
8829a80487fffff,H3,2025,15,3.4
8829a80487fffff,H3,2025,16,4.3
8829a80487fffff,H3,2025,17,5.5
8829a80487fffff,H3,2025,18,6.2
8829a80487fffff,H3,2025,19,6.6
8829a80487fffff,H3,2025,20,6.8
8829a80487fffff,H3,2025,21,6.6
8829a80487fffff,H3,2025,22,6.0
8829a80487fffff,H3,2025,23,5.2
8829a80599fffff,H3,2025,0,10.5
8829a80599fffff,H3,2025,1,9.2
8829a80599fffff,H3,2025,2,8.0
8829a80599fffff,H3,2025,3,7.2
8829a80599fffff,H3,2025,4,6.5
8829a80599fffff,H3,2025,5,5.9
8829a80599fffff,H3,2025,6,5.3
8829a80599fffff,H3,2025,7,4.3
8829a80599fffff,H3,2025,8,3.6
8829a80599fffff,H3,2025,9,3.5
8829a80599fffff,H3,2025,10,3.9
8829a80599fffff,H3,2025,11,4.4
8829a80599fffff,H3,2025,12,5.1
8829a80599fffff,H3,2025,13,5.7
8829a80599fffff,H3,2025,14,6.4
8829a80599fffff,H3,2025,15,7.5
8829a80599fffff,H3,2025,16,9.3
8829a80599fffff,H3,2025,17,12.2
8829a80599fffff,H3,2025,18,14.1
8829a80599fffff,H3,2025,19,15.1
8829a80599fffff,H3,2025,20,15.6
8829a80599fffff,H3,2025,21,15.2
8829a80599fffff,H3,2025,22,14.1
8829a80599fffff,H3,2025,23,12.4
8829a9672dfffff,H3,2025,0,2.2
8829a9672dfffff,H3,2025,1,1.9
8829a9672dfffff,H3,2025,2,1.7
8829a9672dfffff,H3,2025,3,1.5
8829a9672dfffff,H3,2025,4,1.4
8829a9672dfffff,H3,2025,5,1.2
8829a9672dfffff,H3,2025,6,1.0
8829a9672dfffff,H3,2025,7,0.9
8829a9672dfffff,H3,2025,8,0.7
8829a9672dfffff,H3,2025,9,0.7
8829a9672dfffff,H3,2025,10,0.8
8829a9672dfffff,H3,2025,11,0.9
8829a9672dfffff,H3,2025,12,1.0
8829a9672dfffff,H3,2025,13,1.1
8829a9672dfffff,H3,2025,14,1.2
8829a9672dfffff,H3,2025,15,1.5
8829a9672dfffff,H3,2025,16,1.8
8829a9672dfffff,H3,2025,17,2.4
8829a9672dfffff,H3,2025,18,2.8
8829a9672dfffff,H3,2025,19,3.0
8829a9672dfffff,H3,2025,20,3.2
8829a9672dfffff,H3,2025,21,3.1
8829a9672dfffff,H3,2025,22,2.8
8829a9672dfffff,H3,2025,23,2.5
8829aa6c95fffff,H3,2025,0,2.8
8829aa6c95fffff,H3,2025,1,2.5
8829aa6c95fffff,H3,2025,2,2.2
8829aa6c95fffff,H3,2025,3,1.9
8829aa6c95fffff,H3,2025,4,1.7
8829aa6c95fffff,H3,2025,5,1.6
8829aa6c95fffff,H3,2025,6,1.4
8829aa6c95fffff,H3,2025,7,1.1
8829aa6c95fffff,H3,2025,8,0.9
8829aa6c95fffff,H3,2025,9,0.9
8829aa6c95fffff,H3,2025,10,1.0
8829aa6c95fffff,H3,2025,11,1.1
8829aa6c95fffff,H3,2025,12,1.4
8829aa6c95fffff,H3,2025,13,1.5
8829aa6c95fffff,H3,2025,14,1.6
8829aa6c95fffff,H3,2025,15,1.9
8829aa6c95fffff,H3,2025,16,2.4
8829aa6c95fffff,H3,2025,17,3.2
8829aa6c95fffff,H3,2025,18,3.8
8829aa6c95fffff,H3,2025,19,4.0
8829aa6c95fffff,H3,2025,20,4.1
8829aa6c95fffff,H3,2025,21,4.1
8829aa6c95fffff,H3,2025,22,3.8
8829aa6c95fffff,H3,2025,23,3.3
8829aa845bfffff,H3,2025,0,5.0
8829aa845bfffff,H3,2025,1,4.4
8829aa845bfffff,H3,2025,2,3.9
8829aa845bfffff,H3,2025,3,3.4
8829aa845bfffff,H3,2025,4,3.1
8829aa845bfffff,H3,2025,5,2.8
8829aa845bfffff,H3,2025,6,2.5
8829aa845bfffff,H3,2025,7,2.0
8829aa845bfffff,H3,2025,8,1.7
8829aa845bfffff,H3,2025,9,1.6
8829aa845bfffff,H3,2025,10,1.8
8829aa845bfffff,H3,2025,11,2.0
8829aa845bfffff,H3,2025,12,2.4
8829aa845bfffff,H3,2025,13,2.6
8829aa845bfffff,H3,2025,14,3.0
8829aa845bfffff,H3,2025,15,3.4
8829aa845bfffff,H3,2025,16,4.3
8829aa845bfffff,H3,2025,17,5.7
8829aa845bfffff,H3,2025,18,6.6
8829aa845bfffff,H3,2025,19,7.0
8829aa845bfffff,H3,2025,20,7.4
8829aa845bfffff,H3,2025,21,7.2
8829aa845bfffff,H3,2025,22,6.7
8829aa845bfffff,H3,2025,23,5.9
8829aa9ac7fffff,H3,2025,0,1.2
8829aa9ac7fffff,H3,2025,1,1.0
8829aa9ac7fffff,H3,2025,2,0.9
8829aa9ac7fffff,H3,2025,3,0.8
8829aa9ac7fffff,H3,2025,4,0.7
8829aa9ac7fffff,H3,2025,5,0.7
8829aa9ac7fffff,H3,2025,6,0.7
8829aa9ac7fffff,H3,2025,7,0.6
8829aa9ac7fffff,H3,2025,8,0.5
8829aa9ac7fffff,H3,2025,9,0.5
8829aa9ac7fffff,H3,2025,10,0.5
8829aa9ac7fffff,H3,2025,11,0.6
8829aa9ac7fffff,H3,2025,12,0.7
8829aa9ac7fffff,H3,2025,13,0.8
8829aa9ac7fffff,H3,2025,14,0.8
8829aa9ac7fffff,H3,2025,15,0.9
8829aa9ac7fffff,H3,2025,16,1.2
8829aa9ac7fffff,H3,2025,17,1.6
8829aa9ac7fffff,H3,2025,18,1.8
8829aa9ac7fffff,H3,2025,19,1.8
8829aa9ac7fffff,H3,2025,20,1.9
8829aa9ac7fffff,H3,2025,21,1.8
8829aa9ac7fffff,H3,2025,22,1.7
8829aa9ac7fffff,H3,2025,23,1.5
8829aaa501fffff,H3,2025,0,1.2
8829aaa501fffff,H3,2025,1,1.0
8829aaa501fffff,H3,2025,2,0.9
8829aaa501fffff,H3,2025,3,0.8
8829aaa501fffff,H3,2025,4,0.8
8829aaa501fffff,H3,2025,5,0.7
8829aaa501fffff,H3,2025,6,0.7
8829aaa501fffff,H3,2025,7,0.6
8829aaa501fffff,H3,2025,8,0.5
8829aaa501fffff,H3,2025,9,0.5
8829aaa501fffff,H3,2025,10,0.5
8829aaa501fffff,H3,2025,11,0.6
8829aaa501fffff,H3,2025,12,0.7
8829aaa501fffff,H3,2025,13,0.7
8829aaa501fffff,H3,2025,14,0.8
8829aaa501fffff,H3,2025,15,0.9
8829aaa501fffff,H3,2025,16,1.1
8829aaa501fffff,H3,2025,17,1.5
8829aaa501fffff,H3,2025,18,1.7
8829aaa501fffff,H3,2025,19,1.8
8829aaa501fffff,H3,2025,20,1.8
8829aaa501fffff,H3,2025,21,1.8
8829aaa501fffff,H3,2025,22,1.7
8829aaa501fffff,H3,2025,23,1.5
8829ab2927fffff,H3,2025,0,9.1
8829ab2927fffff,H3,2025,1,8.0
8829ab2927fffff,H3,2025,2,6.8
8829ab2927fffff,H3,2025,3,6.1
8829ab2927fffff,H3,2025,4,5.6
8829ab2927fffff,H3,2025,5,5.1
8829ab2927fffff,H3,2025,6,4.5
8829ab2927fffff,H3,2025,7,3.8
8829ab2927fffff,H3,2025,8,3.2
8829ab2927fffff,H3,2025,9,3.1
8829ab2927fffff,H3,2025,10,3.3
8829ab2927fffff,H3,2025,11,3.8
8829ab2927fffff,H3,2025,12,4.4
8829ab2927fffff,H3,2025,13,4.9
8829ab2927fffff,H3,2025,14,5.5
8829ab2927fffff,H3,2025,15,6.4
8829ab2927fffff,H3,2025,16,8.0
8829ab2927fffff,H3,2025,17,10.5
8829ab2927fffff,H3,2025,18,12.2
8829ab2927fffff,H3,2025,19,13.0
8829ab2927fffff,H3,2025,20,13.4
8829ab2927fffff,H3,2025,21,13.1
8829ab2927fffff,H3,2025,22,12.2
8829ab2927fffff,H3,2025,23,10.7
8829ab72b7fffff,H3,2025,0,5.8
8829ab72b7fffff,H3,2025,1,5.1
8829ab72b7fffff,H3,2025,2,4.4
8829ab72b7fffff,H3,2025,3,4.0
8829ab72b7fffff,H3,2025,4,3.6
8829ab72b7fffff,H3,2025,5,3.3
8829ab72b7fffff,H3,2025,6,3.0
8829ab72b7fffff,H3,2025,7,2.4
8829ab72b7fffff,H3,2025,8,2.0
8829ab72b7fffff,H3,2025,9,1.9
8829ab72b7fffff,H3,2025,10,2.0
8829ab72b7fffff,H3,2025,11,2.4
8829ab72b7fffff,H3,2025,12,2.7
8829ab72b7fffff,H3,2025,13,3.1
8829ab72b7fffff,H3,2025,14,3.4
8829ab72b7fffff,H3,2025,15,4.0
8829ab72b7fffff,H3,2025,16,5.0
8829ab72b7fffff,H3,2025,17,6.6
8829ab72b7fffff,H3,2025,18,7.6
8829ab72b7fffff,H3,2025,19,8.2
8829ab72b7fffff,H3,2025,20,8.5
8829ab72b7fffff,H3,2025,21,8.4
8829ab72b7fffff,H3,2025,22,7.7
8829ab72b7fffff,H3,2025,23,6.9
8829ab998dfffff,H3,2025,0,4.8
8829ab998dfffff,H3,2025,1,4.1
8829ab998dfffff,H3,2025,2,3.5
8829ab998dfffff,H3,2025,3,3.2
8829ab998dfffff,H3,2025,4,2.8
8829ab998dfffff,H3,2025,5,2.6
8829ab998dfffff,H3,2025,6,2.4
8829ab998dfffff,H3,2025,7,2.0
8829ab998dfffff,H3,2025,8,1.7
8829ab998dfffff,H3,2025,9,1.6
8829ab998dfffff,H3,2025,10,1.8
8829ab998dfffff,H3,2025,11,2.0
8829ab998dfffff,H3,2025,12,2.4
8829ab998dfffff,H3,2025,13,2.7
8829ab998dfffff,H3,2025,14,3.0
8829ab998dfffff,H3,2025,15,3.5
8829ab998dfffff,H3,2025,16,4.4
8829ab998dfffff,H3,2025,17,5.7
8829ab998dfffff,H3,2025,18,6.6
8829ab998dfffff,H3,2025,19,6.9
8829ab998dfffff,H3,2025,20,7.2
8829ab998dfffff,H3,2025,21,6.9
8829ab998dfffff,H3,2025,22,6.4
8829ab998dfffff,H3,2025,23,5.6
8829ab9a31fffff,H3,2025,0,2.2
8829ab9a31fffff,H3,2025,1,1.8
8829ab9a31fffff,H3,2025,2,1.6
8829ab9a31fffff,H3,2025,3,1.5
8829ab9a31fffff,H3,2025,4,1.4
8829ab9a31fffff,H3,2025,5,1.2
8829ab9a31fffff,H3,2025,6,1.0
8829ab9a31fffff,H3,2025,7,0.9
8829ab9a31fffff,H3,2025,8,0.7
8829ab9a31fffff,H3,2025,9,0.7
8829ab9a31fffff,H3,2025,10,0.8
8829ab9a31fffff,H3,2025,11,0.9
8829ab9a31fffff,H3,2025,12,1.0
8829ab9a31fffff,H3,2025,13,1.1
8829ab9a31fffff,H3,2025,14,1.2
8829ab9a31fffff,H3,2025,15,1.5
8829ab9a31fffff,H3,2025,16,1.8
8829ab9a31fffff,H3,2025,17,2.4
8829ab9a31fffff,H3,2025,18,2.8
8829ab9a31fffff,H3,2025,19,3.1
8829ab9a31fffff,H3,2025,20,3.2
8829ab9a31fffff,H3,2025,21,3.1
8829ab9a31fffff,H3,2025,22,2.8
8829ab9a31fffff,H3,2025,23,2.5
8829ab9abdfffff,H3,2025,0,2.8
8829ab9abdfffff,H3,2025,1,2.5
8829ab9abdfffff,H3,2025,2,2.2
8829ab9abdfffff,H3,2025,3,1.9
8829ab9abdfffff,H3,2025,4,1.7
8829ab9abdfffff,H3,2025,5,1.6
8829ab9abdfffff,H3,2025,6,1.5
8829ab9abdfffff,H3,2025,7,1.1
8829ab9abdfffff,H3,2025,8,1.0
8829ab9abdfffff,H3,2025,9,0.9
8829ab9abdfffff,H3,2025,10,1.0
8829ab9abdfffff,H3,2025,11,1.1
8829ab9abdfffff,H3,2025,12,1.4
8829ab9abdfffff,H3,2025,13,1.5
8829ab9abdfffff,H3,2025,14,1.7
8829ab9abdfffff,H3,2025,15,2.0
8829ab9abdfffff,H3,2025,16,2.5
8829ab9abdfffff,H3,2025,17,3.3
8829ab9abdfffff,H3,2025,18,3.8
8829ab9abdfffff,H3,2025,19,4.0
8829ab9abdfffff,H3,2025,20,4.2
8829ab9abdfffff,H3,2025,21,4.1
8829ab9abdfffff,H3,2025,22,3.8
8829ab9abdfffff,H3,2025,23,3.3
8829ab9ac1fffff,H3,2025,0,7.4
8829ab9ac1fffff,H3,2025,1,6.5
8829ab9ac1fffff,H3,2025,2,5.7
8829ab9ac1fffff,H3,2025,3,5.1
8829ab9ac1fffff,H3,2025,4,4.7
8829ab9ac1fffff,H3,2025,5,4.2
8829ab9ac1fffff,H3,2025,6,3.8
8829ab9ac1fffff,H3,2025,7,3.0
8829ab9ac1fffff,H3,2025,8,2.5
8829ab9ac1fffff,H3,2025,9,2.4
8829ab9ac1fffff,H3,2025,10,2.6
8829ab9ac1fffff,H3,2025,11,3.0
8829ab9ac1fffff,H3,2025,12,3.4
8829ab9ac1fffff,H3,2025,13,3.9
8829ab9ac1fffff,H3,2025,14,4.3
8829ab9ac1fffff,H3,2025,15,5.0
8829ab9ac1fffff,H3,2025,16,6.2
8829ab9ac1fffff,H3,2025,17,8.2
8829ab9ac1fffff,H3,2025,18,9.7
8829ab9ac1fffff,H3,2025,19,10.3
8829ab9ac1fffff,H3,2025,20,10.8
8829ab9ac1fffff,H3,2025,21,10.6
8829ab9ac1fffff,H3,2025,22,9.9
8829ab9ac1fffff,H3,2025,23,8.8
8829ad2ce7fffff,H3,2025,0,4.8
8829ad2ce7fffff,H3,2025,1,4.2
8829ad2ce7fffff,H3,2025,2,3.6
8829ad2ce7fffff,H3,2025,3,3.3
8829ad2ce7fffff,H3,2025,4,3.0
8829ad2ce7fffff,H3,2025,5,2.7
8829ad2ce7fffff,H3,2025,6,2.5
8829ad2ce7fffff,H3,2025,7,2.0
8829ad2ce7fffff,H3,2025,8,1.7
8829ad2ce7fffff,H3,2025,9,1.7
8829ad2ce7fffff,H3,2025,10,1.8
8829ad2ce7fffff,H3,2025,11,2.0
8829ad2ce7fffff,H3,2025,12,2.4
8829ad2ce7fffff,H3,2025,13,2.7
8829ad2ce7fffff,H3,2025,14,3.0
8829ad2ce7fffff,H3,2025,15,3.5
8829ad2ce7fffff,H3,2025,16,4.4
8829ad2ce7fffff,H3,2025,17,5.7
8829ad2ce7fffff,H3,2025,18,6.6
8829ad2ce7fffff,H3,2025,19,7.0
8829ad2ce7fffff,H3,2025,20,7.2
8829ad2ce7fffff,H3,2025,21,7.0
8829ad2ce7fffff,H3,2025,22,6.5
8829ad2ce7fffff,H3,2025,23,5.7
8829ae0f0dfffff,H3,2025,0,1.6
8829ae0f0dfffff,H3,2025,1,1.4
8829ae0f0dfffff,H3,2025,2,1.2
8829ae0f0dfffff,H3,2025,3,1.0
8829ae0f0dfffff,H3,2025,4,1.0
8829ae0f0dfffff,H3,2025,5,0.9
8829ae0f0dfffff,H3,2025,6,0.9
8829ae0f0dfffff,H3,2025,7,0.7
8829ae0f0dfffff,H3,2025,8,0.7
8829ae0f0dfffff,H3,2025,9,0.6
8829ae0f0dfffff,H3,2025,10,0.7
8829ae0f0dfffff,H3,2025,11,0.8
8829ae0f0dfffff,H3,2025,12,0.9
8829ae0f0dfffff,H3,2025,13,1.0
8829ae0f0dfffff,H3,2025,14,1.0
8829ae0f0dfffff,H3,2025,15,1.2
8829ae0f0dfffff,H3,2025,16,1.6
8829ae0f0dfffff,H3,2025,17,2.0
8829ae0f0dfffff,H3,2025,18,2.4
8829ae0f0dfffff,H3,2025,19,2.5
8829ae0f0dfffff,H3,2025,20,2.5
8829ae0f0dfffff,H3,2025,21,2.5
8829ae0f0dfffff,H3,2025,22,2.3
8829ae0f0dfffff,H3,2025,23,1.9
8829ae24a7fffff,H3,2025,0,2.3
8829ae24a7fffff,H3,2025,1,1.9
8829ae24a7fffff,H3,2025,2,1.7
8829ae24a7fffff,H3,2025,3,1.5
8829ae24a7fffff,H3,2025,4,1.4
8829ae24a7fffff,H3,2025,5,1.2
8829ae24a7fffff,H3,2025,6,1.2
8829ae24a7fffff,H3,2025,7,1.0
8829ae24a7fffff,H3,2025,8,0.9
8829ae24a7fffff,H3,2025,9,0.9
8829ae24a7fffff,H3,2025,10,1.0
8829ae24a7fffff,H3,2025,11,1.1
8829ae24a7fffff,H3,2025,12,1.4
8829ae24a7fffff,H3,2025,13,1.5
8829ae24a7fffff,H3,2025,14,1.6
8829ae24a7fffff,H3,2025,15,1.9
8829ae24a7fffff,H3,2025,16,2.5
8829ae24a7fffff,H3,2025,17,3.2
8829ae24a7fffff,H3,2025,18,3.5
8829ae24a7fffff,H3,2025,19,3.6
8829ae24a7fffff,H3,2025,20,3.8
8829ae24a7fffff,H3,2025,21,3.5
8829ae24a7fffff,H3,2025,22,3.2
8829ae24a7fffff,H3,2025,23,2.7
8829aeb0b1fffff,H3,2025,0,3.6
8829aeb0b1fffff,H3,2025,1,3.2
8829aeb0b1fffff,H3,2025,2,2.8
8829aeb0b1fffff,H3,2025,3,2.5
8829aeb0b1fffff,H3,2025,4,2.3
8829aeb0b1fffff,H3,2025,5,2.0
8829aeb0b1fffff,H3,2025,6,1.8
8829aeb0b1fffff,H3,2025,7,1.5
8829aeb0b1fffff,H3,2025,8,1.2
8829aeb0b1fffff,H3,2025,9,1.2
8829aeb0b1fffff,H3,2025,10,1.2
8829aeb0b1fffff,H3,2025,11,1.5
8829aeb0b1fffff,H3,2025,12,1.7
8829aeb0b1fffff,H3,2025,13,1.9
8829aeb0b1fffff,H3,2025,14,2.2
8829aeb0b1fffff,H3,2025,15,2.5
8829aeb0b1fffff,H3,2025,16,3.1
8829aeb0b1fffff,H3,2025,17,4.1
8829aeb0b1fffff,H3,2025,18,4.8
8829aeb0b1fffff,H3,2025,19,5.1
8829aeb0b1fffff,H3,2025,20,5.3
8829aeb0b1fffff,H3,2025,21,5.2
8829aeb0b1fffff,H3,2025,22,4.9
8829aeb0b1fffff,H3,2025,23,4.3
8829b0b5d3fffff,H3,2025,0,1.6
8829b0b5d3fffff,H3,2025,1,1.4
8829b0b5d3fffff,H3,2025,2,1.1
8829b0b5d3fffff,H3,2025,3,1.0
8829b0b5d3fffff,H3,2025,4,0.9
8829b0b5d3fffff,H3,2025,5,0.9
8829b0b5d3fffff,H3,2025,6,0.8
8829b0b5d3fffff,H3,2025,7,0.6
8829b0b5d3fffff,H3,2025,8,0.6
8829b0b5d3fffff,H3,2025,9,0.5
8829b0b5d3fffff,H3,2025,10,0.6
8829b0b5d3fffff,H3,2025,11,0.6
8829b0b5d3fffff,H3,2025,12,0.7
8829b0b5d3fffff,H3,2025,13,0.8
8829b0b5d3fffff,H3,2025,14,0.9
8829b0b5d3fffff,H3,2025,15,1.0
8829b0b5d3fffff,H3,2025,16,1.2
8829b0b5d3fffff,H3,2025,17,1.7
8829b0b5d3fffff,H3,2025,18,2.0
8829b0b5d3fffff,H3,2025,19,2.2
8829b0b5d3fffff,H3,2025,20,2.3
8829b0b5d3fffff,H3,2025,21,2.2
8829b0b5d3fffff,H3,2025,22,2.0
8829b0b5d3fffff,H3,2025,23,1.8
8829b1c741fffff,H3,2025,0,2.2
8829b1c741fffff,H3,2025,1,1.8
8829b1c741fffff,H3,2025,2,1.6
8829b1c741fffff,H3,2025,3,1.5
8829b1c741fffff,H3,2025,4,1.4
8829b1c741fffff,H3,2025,5,1.2
8829b1c741fffff,H3,2025,6,1.0
8829b1c741fffff,H3,2025,7,0.8
8829b1c741fffff,H3,2025,8,0.7
8829b1c741fffff,H3,2025,9,0.7
8829b1c741fffff,H3,2025,10,0.7
8829b1c741fffff,H3,2025,11,0.8
8829b1c741fffff,H3,2025,12,0.9
8829b1c741fffff,H3,2025,13,1.0
8829b1c741fffff,H3,2025,14,1.2
8829b1c741fffff,H3,2025,15,1.4
8829b1c741fffff,H3,2025,16,1.8
8829b1c741fffff,H3,2025,17,2.3
8829b1c741fffff,H3,2025,18,2.7
8829b1c741fffff,H3,2025,19,3.0
8829b1c741fffff,H3,2025,20,3.1
8829b1c741fffff,H3,2025,21,3.0
8829b1c741fffff,H3,2025,22,2.8
8829b1c741fffff,H3,2025,23,2.5
8829b20b4dfffff,H3,2025,0,1.2
8829b20b4dfffff,H3,2025,1,1.1
8829b20b4dfffff,H3,2025,2,0.9
8829b20b4dfffff,H3,2025,3,0.8
8829b20b4dfffff,H3,2025,4,0.8
8829b20b4dfffff,H3,2025,5,0.7
8829b20b4dfffff,H3,2025,6,0.7
8829b20b4dfffff,H3,2025,7,0.6
8829b20b4dfffff,H3,2025,8,0.5
8829b20b4dfffff,H3,2025,9,0.5
8829b20b4dfffff,H3,2025,10,0.5
8829b20b4dfffff,H3,2025,11,0.6
8829b20b4dfffff,H3,2025,12,0.7
8829b20b4dfffff,H3,2025,13,0.8
8829b20b4dfffff,H3,2025,14,0.8
8829b20b4dfffff,H3,2025,15,1.0
8829b20b4dfffff,H3,2025,16,1.2
8829b20b4dfffff,H3,2025,17,1.6
8829b20b4dfffff,H3,2025,18,1.8
8829b20b4dfffff,H3,2025,19,1.9
8829b20b4dfffff,H3,2025,20,1.9
8829b20b4dfffff,H3,2025,21,1.8
8829b20b4dfffff,H3,2025,22,1.7
8829b20b4dfffff,H3,2025,23,1.5
8829b259abfffff,H3,2025,0,7.4
8829b259abfffff,H3,2025,1,6.5
8829b259abfffff,H3,2025,2,5.7
8829b259abfffff,H3,2025,3,5.1
8829b259abfffff,H3,2025,4,4.5
8829b259abfffff,H3,2025,5,4.2
8829b259abfffff,H3,2025,6,3.8
8829b259abfffff,H3,2025,7,3.0
8829b259abfffff,H3,2025,8,2.5
8829b259abfffff,H3,2025,9,2.4
8829b259abfffff,H3,2025,10,2.6
8829b259abfffff,H3,2025,11,3.0
8829b259abfffff,H3,2025,12,3.4
8829b259abfffff,H3,2025,13,3.9
8829b259abfffff,H3,2025,14,4.3
8829b259abfffff,H3,2025,15,5.0
8829b259abfffff,H3,2025,16,6.2
8829b259abfffff,H3,2025,17,8.2
8829b259abfffff,H3,2025,18,9.7
8829b259abfffff,H3,2025,19,10.3
8829b259abfffff,H3,2025,20,10.8
8829b259abfffff,H3,2025,21,10.6
8829b259abfffff,H3,2025,22,9.8
8829b259abfffff,H3,2025,23,8.8
8829b3c5d7fffff,H3,2025,0,1.2
8829b3c5d7fffff,H3,2025,1,1.1
8829b3c5d7fffff,H3,2025,2,0.9
8829b3c5d7fffff,H3,2025,3,0.9
8829b3c5d7fffff,H3,2025,4,0.8
8829b3c5d7fffff,H3,2025,5,0.7
8829b3c5d7fffff,H3,2025,6,0.7
8829b3c5d7fffff,H3,2025,7,0.5
8829b3c5d7fffff,H3,2025,8,0.5
8829b3c5d7fffff,H3,2025,9,0.3
8829b3c5d7fffff,H3,2025,10,0.5
8829b3c5d7fffff,H3,2025,11,0.5
8829b3c5d7fffff,H3,2025,12,0.6
8829b3c5d7fffff,H3,2025,13,0.7
8829b3c5d7fffff,H3,2025,14,0.7
8829b3c5d7fffff,H3,2025,15,0.8
8829b3c5d7fffff,H3,2025,16,1.0
8829b3c5d7fffff,H3,2025,17,1.4
8829b3c5d7fffff,H3,2025,18,1.6
8829b3c5d7fffff,H3,2025,19,1.7
8829b3c5d7fffff,H3,2025,20,1.8
8829b3c5d7fffff,H3,2025,21,1.8
8829b3c5d7fffff,H3,2025,22,1.6
8829b3c5d7fffff,H3,2025,23,1.5
8829b541e3fffff,H3,2025,0,1.2
8829b541e3fffff,H3,2025,1,1.1
8829b541e3fffff,H3,2025,2,0.9
8829b541e3fffff,H3,2025,3,0.9
8829b541e3fffff,H3,2025,4,0.8
8829b541e3fffff,H3,2025,5,0.7
8829b541e3fffff,H3,2025,6,0.7
8829b541e3fffff,H3,2025,7,0.6
8829b541e3fffff,H3,2025,8,0.5
8829b541e3fffff,H3,2025,9,0.5
8829b541e3fffff,H3,2025,10,0.5
8829b541e3fffff,H3,2025,11,0.6
8829b541e3fffff,H3,2025,12,0.6
8829b541e3fffff,H3,2025,13,0.7
8829b541e3fffff,H3,2025,14,0.8
8829b541e3fffff,H3,2025,15,0.9
8829b541e3fffff,H3,2025,16,1.1
8829b541e3fffff,H3,2025,17,1.5
8829b541e3fffff,H3,2025,18,1.7
8829b541e3fffff,H3,2025,19,1.8
8829b541e3fffff,H3,2025,20,1.8
8829b541e3fffff,H3,2025,21,1.8
8829b541e3fffff,H3,2025,22,1.7
8829b541e3fffff,H3,2025,23,1.5
8829b66483fffff,H3,2025,0,2.8
8829b66483fffff,H3,2025,1,2.5
8829b66483fffff,H3,2025,2,2.2
8829b66483fffff,H3,2025,3,1.9
8829b66483fffff,H3,2025,4,1.8
8829b66483fffff,H3,2025,5,1.6
8829b66483fffff,H3,2025,6,1.4
8829b66483fffff,H3,2025,7,1.1
8829b66483fffff,H3,2025,8,0.9
8829b66483fffff,H3,2025,9,0.9
8829b66483fffff,H3,2025,10,1.0
8829b66483fffff,H3,2025,11,1.1
8829b66483fffff,H3,2025,12,1.2
8829b66483fffff,H3,2025,13,1.5
8829b66483fffff,H3,2025,14,1.6
8829b66483fffff,H3,2025,15,1.9
8829b66483fffff,H3,2025,16,2.4
8829b66483fffff,H3,2025,17,3.1
8829b66483fffff,H3,2025,18,3.6
8829b66483fffff,H3,2025,19,4.0
8829b66483fffff,H3,2025,20,4.1
8829b66483fffff,H3,2025,21,4.0
8829b66483fffff,H3,2025,22,3.8
8829b66483fffff,H3,2025,23,3.3
8829b6648bfffff,H3,2025,0,1.9
8829b6648bfffff,H3,2025,1,1.7
8829b6648bfffff,H3,2025,2,1.5
8829b6648bfffff,H3,2025,3,1.2
8829b6648bfffff,H3,2025,4,1.1
8829b6648bfffff,H3,2025,5,1.0
8829b6648bfffff,H3,2025,6,1.0
8829b6648bfffff,H3,2025,7,0.8
8829b6648bfffff,H3,2025,8,0.7
8829b6648bfffff,H3,2025,9,0.7
8829b6648bfffff,H3,2025,10,0.7
8829b6648bfffff,H3,2025,11,0.8
8829b6648bfffff,H3,2025,12,0.9
8829b6648bfffff,H3,2025,13,1.1
8829b6648bfffff,H3,2025,14,1.2
8829b6648bfffff,H3,2025,15,1.4
8829b6648bfffff,H3,2025,16,1.8
8829b6648bfffff,H3,2025,17,2.3
8829b6648bfffff,H3,2025,18,2.6
8829b6648bfffff,H3,2025,19,2.8
8829b6648bfffff,H3,2025,20,3.0
8829b6648bfffff,H3,2025,21,2.8
8829b6648bfffff,H3,2025,22,2.6
8829b6648bfffff,H3,2025,23,2.3
8829b6c053fffff,H3,2025,0,1.8
8829b6c053fffff,H3,2025,1,1.6
8829b6c053fffff,H3,2025,2,1.4
8829b6c053fffff,H3,2025,3,1.2
8829b6c053fffff,H3,2025,4,1.1
8829b6c053fffff,H3,2025,5,1.0
8829b6c053fffff,H3,2025,6,0.9
8829b6c053fffff,H3,2025,7,0.7
8829b6c053fffff,H3,2025,8,0.6
8829b6c053fffff,H3,2025,9,0.6
8829b6c053fffff,H3,2025,10,0.7
8829b6c053fffff,H3,2025,11,0.7
8829b6c053fffff,H3,2025,12,0.8
8829b6c053fffff,H3,2025,13,0.9
8829b6c053fffff,H3,2025,14,1.0
8829b6c053fffff,H3,2025,15,1.2
8829b6c053fffff,H3,2025,16,1.6
8829b6c053fffff,H3,2025,17,2.0
8829b6c053fffff,H3,2025,18,2.4
8829b6c053fffff,H3,2025,19,2.5
8829b6c053fffff,H3,2025,20,2.6
8829b6c053fffff,H3,2025,21,2.6
8829b6c053fffff,H3,2025,22,2.4
8829b6c053fffff,H3,2025,23,2.2
8829b6d065fffff,H3,2025,0,5.0
8829b6d065fffff,H3,2025,1,4.3
8829b6d065fffff,H3,2025,2,3.8
8829b6d065fffff,H3,2025,3,3.4
8829b6d065fffff,H3,2025,4,3.1
8829b6d065fffff,H3,2025,5,2.8
8829b6d065fffff,H3,2025,6,2.5
8829b6d065fffff,H3,2025,7,2.0
8829b6d065fffff,H3,2025,8,1.7
8829b6d065fffff,H3,2025,9,1.6
8829b6d065fffff,H3,2025,10,1.8
8829b6d065fffff,H3,2025,11,2.0
8829b6d065fffff,H3,2025,12,2.4
8829b6d065fffff,H3,2025,13,2.6
8829b6d065fffff,H3,2025,14,3.0
8829b6d065fffff,H3,2025,15,3.4
8829b6d065fffff,H3,2025,16,4.3
8829b6d065fffff,H3,2025,17,5.7
8829b6d065fffff,H3,2025,18,6.6
8829b6d065fffff,H3,2025,19,7.0
8829b6d065fffff,H3,2025,20,7.4
8829b6d065fffff,H3,2025,21,7.2
8829b6d065fffff,H3,2025,22,6.6
8829b6d065fffff,H3,2025,23,5.9
8829b6d207fffff,H3,2025,0,5.3
8829b6d207fffff,H3,2025,1,4.7
8829b6d207fffff,H3,2025,2,4.1
8829b6d207fffff,H3,2025,3,3.6
8829b6d207fffff,H3,2025,4,3.3
8829b6d207fffff,H3,2025,5,3.0
8829b6d207fffff,H3,2025,6,2.7
8829b6d207fffff,H3,2025,7,2.3
8829b6d207fffff,H3,2025,8,1.9
8829b6d207fffff,H3,2025,9,1.8
8829b6d207fffff,H3,2025,10,2.0
8829b6d207fffff,H3,2025,11,2.3
8829b6d207fffff,H3,2025,12,2.6
8829b6d207fffff,H3,2025,13,3.0
8829b6d207fffff,H3,2025,14,3.3
8829b6d207fffff,H3,2025,15,3.9
8829b6d207fffff,H3,2025,16,4.9
8829b6d207fffff,H3,2025,17,6.2
8829b6d207fffff,H3,2025,18,7.3
8829b6d207fffff,H3,2025,19,7.7
8829b6d207fffff,H3,2025,20,8.0
8829b6d207fffff,H3,2025,21,7.8
8829b6d207fffff,H3,2025,22,7.2
8829b6d207fffff,H3,2025,23,6.4
8829b6d22dfffff,H3,2025,0,64.3
8829b6d22dfffff,H3,2025,1,56.4
8829b6d22dfffff,H3,2025,2,49.2
8829b6d22dfffff,H3,2025,3,44.3
8829b6d22dfffff,H3,2025,4,40.1
8829b6d22dfffff,H3,2025,5,36.4
8829b6d22dfffff,H3,2025,6,32.3
8829b6d22dfffff,H3,2025,7,25.7
8829b6d22dfffff,H3,2025,8,21.5
8829b6d22dfffff,H3,2025,9,20.7
8829b6d22dfffff,H3,2025,10,22.4
8829b6d22dfffff,H3,2025,11,25.6
8829b6d22dfffff,H3,2025,12,29.5
8829b6d22dfffff,H3,2025,13,33.0
8829b6d22dfffff,H3,2025,14,36.9
8829b6d22dfffff,H3,2025,15,43.3
8829b6d22dfffff,H3,2025,16,54.0
8829b6d22dfffff,H3,2025,17,70.8
8829b6d22dfffff,H3,2025,18,83.2
8829b6d22dfffff,H3,2025,19,89.4
8829b6d22dfffff,H3,2025,20,93.4
8829b6d22dfffff,H3,2025,21,91.5
8829b6d22dfffff,H3,2025,22,85.1
8829b6d22dfffff,H3,2025,23,75.9
8829b6d261fffff,H3,2025,0,10.8
8829b6d261fffff,H3,2025,1,9.4
8829b6d261fffff,H3,2025,2,8.2
8829b6d261fffff,H3,2025,3,7.4
8829b6d261fffff,H3,2025,4,6.7
8829b6d261fffff,H3,2025,5,6.0
8829b6d261fffff,H3,2025,6,5.3
8829b6d261fffff,H3,2025,7,4.3
8829b6d261fffff,H3,2025,8,3.6
8829b6d261fffff,H3,2025,9,3.4
8829b6d261fffff,H3,2025,10,3.8
8829b6d261fffff,H3,2025,11,4.3
8829b6d261fffff,H3,2025,12,5.0
8829b6d261fffff,H3,2025,13,5.5
8829b6d261fffff,H3,2025,14,6.1
8829b6d261fffff,H3,2025,15,7.3
8829b6d261fffff,H3,2025,16,9.1
8829b6d261fffff,H3,2025,17,11.8
8829b6d261fffff,H3,2025,18,13.9
8829b6d261fffff,H3,2025,19,15.0
8829b6d261fffff,H3,2025,20,15.6
8829b6d261fffff,H3,2025,21,15.3
8829b6d261fffff,H3,2025,22,14.2
8829b6d261fffff,H3,2025,23,12.7
8829b6d309fffff,H3,2025,0,1.7
8829b6d309fffff,H3,2025,1,1.5
8829b6d309fffff,H3,2025,2,1.2
8829b6d309fffff,H3,2025,3,1.1
8829b6d309fffff,H3,2025,4,1.0
8829b6d309fffff,H3,2025,5,0.9
8829b6d309fffff,H3,2025,6,0.9
8829b6d309fffff,H3,2025,7,0.7
8829b6d309fffff,H3,2025,8,0.6
8829b6d309fffff,H3,2025,9,0.6
8829b6d309fffff,H3,2025,10,0.6
8829b6d309fffff,H3,2025,11,0.7
8829b6d309fffff,H3,2025,12,0.8
8829b6d309fffff,H3,2025,13,0.9
8829b6d309fffff,H3,2025,14,1.0
8829b6d309fffff,H3,2025,15,1.1
8829b6d309fffff,H3,2025,16,1.5
8829b6d309fffff,H3,2025,17,1.9
8829b6d309fffff,H3,2025,18,2.2
8829b6d309fffff,H3,2025,19,2.4
8829b6d309fffff,H3,2025,20,2.5
8829b6d309fffff,H3,2025,21,2.4
8829b6d309fffff,H3,2025,22,2.3
8829b6d309fffff,H3,2025,23,2.0
8829b6d30bfffff,H3,2025,0,3.1
8829b6d30bfffff,H3,2025,1,2.7
8829b6d30bfffff,H3,2025,2,2.4
8829b6d30bfffff,H3,2025,3,2.2
8829b6d30bfffff,H3,2025,4,1.9
8829b6d30bfffff,H3,2025,5,1.8
8829b6d30bfffff,H3,2025,6,1.6
8829b6d30bfffff,H3,2025,7,1.2
8829b6d30bfffff,H3,2025,8,1.0
8829b6d30bfffff,H3,2025,9,1.0
8829b6d30bfffff,H3,2025,10,1.0
8829b6d30bfffff,H3,2025,11,1.2
8829b6d30bfffff,H3,2025,12,1.5
8829b6d30bfffff,H3,2025,13,1.6
8829b6d30bfffff,H3,2025,14,1.8
8829b6d30bfffff,H3,2025,15,2.0
8829b6d30bfffff,H3,2025,16,2.6
8829b6d30bfffff,H3,2025,17,3.4
8829b6d30bfffff,H3,2025,18,4.0
8829b6d30bfffff,H3,2025,19,4.3
8829b6d30bfffff,H3,2025,20,4.5
8829b6d30bfffff,H3,2025,21,4.4
8829b6d30bfffff,H3,2025,22,4.1
8829b6d30bfffff,H3,2025,23,3.6
8829b6d329fffff,H3,2025,0,2.0
8829b6d329fffff,H3,2025,1,1.8
8829b6d329fffff,H3,2025,2,1.6
8829b6d329fffff,H3,2025,3,1.4
8829b6d329fffff,H3,2025,4,1.2
8829b6d329fffff,H3,2025,5,1.1
8829b6d329fffff,H3,2025,6,1.0
8829b6d329fffff,H3,2025,7,0.8
8829b6d329fffff,H3,2025,8,0.7
8829b6d329fffff,H3,2025,9,0.7
8829b6d329fffff,H3,2025,10,0.7
8829b6d329fffff,H3,2025,11,0.8
8829b6d329fffff,H3,2025,12,0.9
8829b6d329fffff,H3,2025,13,1.0
8829b6d329fffff,H3,2025,14,1.1
8829b6d329fffff,H3,2025,15,1.4
8829b6d329fffff,H3,2025,16,1.7
8829b6d329fffff,H3,2025,17,2.3
8829b6d329fffff,H3,2025,18,2.6
8829b6d329fffff,H3,2025,19,2.8
8829b6d329fffff,H3,2025,20,3.0
8829b6d329fffff,H3,2025,21,3.0
8829b6d329fffff,H3,2025,22,2.7
8829b6d329fffff,H3,2025,23,2.4
8829b6d355fffff,H3,2025,0,9.5
8829b6d355fffff,H3,2025,1,8.4
8829b6d355fffff,H3,2025,2,7.3
8829b6d355fffff,H3,2025,3,6.6
8829b6d355fffff,H3,2025,4,5.9
8829b6d355fffff,H3,2025,5,5.5
8829b6d355fffff,H3,2025,6,4.8
8829b6d355fffff,H3,2025,7,3.9
8829b6d355fffff,H3,2025,8,3.2
8829b6d355fffff,H3,2025,9,3.1
8829b6d355fffff,H3,2025,10,3.3
8829b6d355fffff,H3,2025,11,3.9
8829b6d355fffff,H3,2025,12,4.4
8829b6d355fffff,H3,2025,13,4.9
8829b6d355fffff,H3,2025,14,5.5
8829b6d355fffff,H3,2025,15,6.5
8829b6d355fffff,H3,2025,16,8.1
8829b6d355fffff,H3,2025,17,10.6
8829b6d355fffff,H3,2025,18,12.4
8829b6d355fffff,H3,2025,19,13.3
8829b6d355fffff,H3,2025,20,13.9
8829b6d355fffff,H3,2025,21,13.5
8829b6d355fffff,H3,2025,22,12.6
8829b6d355fffff,H3,2025,23,11.2
8829b6d357fffff,H3,2025,0,8.3
8829b6d357fffff,H3,2025,1,7.3
8829b6d357fffff,H3,2025,2,6.4
8829b6d357fffff,H3,2025,3,5.7
8829b6d357fffff,H3,2025,4,5.2
8829b6d357fffff,H3,2025,5,4.7
8829b6d357fffff,H3,2025,6,4.2
8829b6d357fffff,H3,2025,7,3.3
8829b6d357fffff,H3,2025,8,2.8
8829b6d357fffff,H3,2025,9,2.7
8829b6d357fffff,H3,2025,10,2.8
8829b6d357fffff,H3,2025,11,3.3
8829b6d357fffff,H3,2025,12,3.9
8829b6d357fffff,H3,2025,13,4.3
8829b6d357fffff,H3,2025,14,4.8
8829b6d357fffff,H3,2025,15,5.6
8829b6d357fffff,H3,2025,16,7.0
8829b6d357fffff,H3,2025,17,9.2
8829b6d357fffff,H3,2025,18,10.8
8829b6d357fffff,H3,2025,19,11.6
8829b6d357fffff,H3,2025,20,12.0
8829b6d357fffff,H3,2025,21,11.8
8829b6d357fffff,H3,2025,22,11.0
8829b6d357fffff,H3,2025,23,9.8
8829b6d615fffff,H3,2025,0,1.7
8829b6d615fffff,H3,2025,1,1.5
8829b6d615fffff,H3,2025,2,1.2
8829b6d615fffff,H3,2025,3,1.1
8829b6d615fffff,H3,2025,4,1.0
8829b6d615fffff,H3,2025,5,0.9
8829b6d615fffff,H3,2025,6,0.8
8829b6d615fffff,H3,2025,7,0.7
8829b6d615fffff,H3,2025,8,0.6
8829b6d615fffff,H3,2025,9,0.6
8829b6d615fffff,H3,2025,10,0.6
8829b6d615fffff,H3,2025,11,0.7
8829b6d615fffff,H3,2025,12,0.8
8829b6d615fffff,H3,2025,13,0.9
8829b6d615fffff,H3,2025,14,1.0
8829b6d615fffff,H3,2025,15,1.1
8829b6d615fffff,H3,2025,16,1.5
8829b6d615fffff,H3,2025,17,1.9
8829b6d615fffff,H3,2025,18,2.3
8829b6d615fffff,H3,2025,19,2.4
8829b6d615fffff,H3,2025,20,2.5
8829b6d615fffff,H3,2025,21,2.4
8829b6d615fffff,H3,2025,22,2.3
8829b6d615fffff,H3,2025,23,1.9
8829b6d753fffff,H3,2025,0,2.6
8829b6d753fffff,H3,2025,1,2.3
8829b6d753fffff,H3,2025,2,2.0
8829b6d753fffff,H3,2025,3,1.8
8829b6d753fffff,H3,2025,4,1.6
8829b6d753fffff,H3,2025,5,1.5
8829b6d753fffff,H3,2025,6,1.2
8829b6d753fffff,H3,2025,7,1.0
8829b6d753fffff,H3,2025,8,0.9
8829b6d753fffff,H3,2025,9,0.8
8829b6d753fffff,H3,2025,10,0.9
8829b6d753fffff,H3,2025,11,1.0
8829b6d753fffff,H3,2025,12,1.2
8829b6d753fffff,H3,2025,13,1.4
8829b6d753fffff,H3,2025,14,1.5
8829b6d753fffff,H3,2025,15,1.7
8829b6d753fffff,H3,2025,16,2.2
8829b6d753fffff,H3,2025,17,2.8
8829b6d753fffff,H3,2025,18,3.4
8829b6d753fffff,H3,2025,19,3.6
8829b6d753fffff,H3,2025,20,3.8
8829b6d753fffff,H3,2025,21,3.8
8829b6d753fffff,H3,2025,22,3.4
8829b6d753fffff,H3,2025,23,3.1
882a10045bfffff,H3,2025,0,1.4
882a10045bfffff,H3,2025,1,1.2
882a10045bfffff,H3,2025,2,1.0
882a10045bfffff,H3,2025,3,0.9
882a10045bfffff,H3,2025,4,0.9
882a10045bfffff,H3,2025,5,0.8
882a10045bfffff,H3,2025,6,0.7
882a10045bfffff,H3,2025,7,0.6
882a10045bfffff,H3,2025,8,0.5
882a10045bfffff,H3,2025,9,0.5
882a10045bfffff,H3,2025,10,0.5
882a10045bfffff,H3,2025,11,0.6
882a10045bfffff,H3,2025,12,0.7
882a10045bfffff,H3,2025,13,0.7
882a10045bfffff,H3,2025,14,0.8
882a10045bfffff,H3,2025,15,0.9
882a10045bfffff,H3,2025,16,1.1
882a10045bfffff,H3,2025,17,1.6
882a10045bfffff,H3,2025,18,1.8
882a10045bfffff,H3,2025,19,1.9
882a10045bfffff,H3,2025,20,2.0
882a10045bfffff,H3,2025,21,1.9
882a10045bfffff,H3,2025,22,1.8
882a10045bfffff,H3,2025,23,1.6
882a1005b1fffff,H3,2025,0,5.0
882a1005b1fffff,H3,2025,1,4.4
882a1005b1fffff,H3,2025,2,3.9
882a1005b1fffff,H3,2025,3,3.4
882a1005b1fffff,H3,2025,4,3.2
882a1005b1fffff,H3,2025,5,2.8
882a1005b1fffff,H3,2025,6,2.5
882a1005b1fffff,H3,2025,7,2.0
882a1005b1fffff,H3,2025,8,1.7
882a1005b1fffff,H3,2025,9,1.7
882a1005b1fffff,H3,2025,10,1.8
882a1005b1fffff,H3,2025,11,2.0
882a1005b1fffff,H3,2025,12,2.4
882a1005b1fffff,H3,2025,13,2.7
882a1005b1fffff,H3,2025,14,3.0
882a1005b1fffff,H3,2025,15,3.5
882a1005b1fffff,H3,2025,16,4.4
882a1005b1fffff,H3,2025,17,5.8
882a1005b1fffff,H3,2025,18,6.7
882a1005b1fffff,H3,2025,19,7.2
882a1005b1fffff,H3,2025,20,7.5
882a1005b1fffff,H3,2025,21,7.3
882a1005b1fffff,H3,2025,22,6.7
882a1005b1fffff,H3,2025,23,5.9
882a1005b5fffff,H3,2025,0,2.8
882a1005b5fffff,H3,2025,1,2.5
882a1005b5fffff,H3,2025,2,2.2
882a1005b5fffff,H3,2025,3,1.9
882a1005b5fffff,H3,2025,4,1.8
882a1005b5fffff,H3,2025,5,1.6
882a1005b5fffff,H3,2025,6,1.5
882a1005b5fffff,H3,2025,7,1.1
882a1005b5fffff,H3,2025,8,0.9
882a1005b5fffff,H3,2025,9,0.9
882a1005b5fffff,H3,2025,10,1.0
882a1005b5fffff,H3,2025,11,1.1
882a1005b5fffff,H3,2025,12,1.2
882a1005b5fffff,H3,2025,13,1.5
882a1005b5fffff,H3,2025,14,1.6
882a1005b5fffff,H3,2025,15,1.9
882a1005b5fffff,H3,2025,16,2.4
882a1005b5fffff,H3,2025,17,3.2
882a1005b5fffff,H3,2025,18,3.6
882a1005b5fffff,H3,2025,19,4.0
882a1005b5fffff,H3,2025,20,4.1
882a1005b5fffff,H3,2025,21,4.1
882a1005b5fffff,H3,2025,22,3.8
882a1005b5fffff,H3,2025,23,3.4
882a1006e5fffff,H3,2025,0,9.5
882a1006e5fffff,H3,2025,1,8.3
882a1006e5fffff,H3,2025,2,7.3
882a1006e5fffff,H3,2025,3,6.6
882a1006e5fffff,H3,2025,4,5.9
882a1006e5fffff,H3,2025,5,5.3
882a1006e5fffff,H3,2025,6,4.8
882a1006e5fffff,H3,2025,7,3.9
882a1006e5fffff,H3,2025,8,3.2
882a1006e5fffff,H3,2025,9,3.1
882a1006e5fffff,H3,2025,10,3.3
882a1006e5fffff,H3,2025,11,3.9
882a1006e5fffff,H3,2025,12,4.4
882a1006e5fffff,H3,2025,13,4.9
882a1006e5fffff,H3,2025,14,5.5
882a1006e5fffff,H3,2025,15,6.5
882a1006e5fffff,H3,2025,16,8.1
882a1006e5fffff,H3,2025,17,10.6
882a1006e5fffff,H3,2025,18,12.4
882a1006e5fffff,H3,2025,19,13.3
882a1006e5fffff,H3,2025,20,13.9
882a1006e5fffff,H3,2025,21,13.5
882a1006e5fffff,H3,2025,22,12.6
882a1006e5fffff,H3,2025,23,11.2
882a1008bbfffff,H3,2025,0,2.3
882a1008bbfffff,H3,2025,1,1.9
882a1008bbfffff,H3,2025,2,1.7
882a1008bbfffff,H3,2025,3,1.6
882a1008bbfffff,H3,2025,4,1.4
882a1008bbfffff,H3,2025,5,1.2
882a1008bbfffff,H3,2025,6,1.1
882a1008bbfffff,H3,2025,7,0.9
882a1008bbfffff,H3,2025,8,0.8
882a1008bbfffff,H3,2025,9,0.7
882a1008bbfffff,H3,2025,10,0.8
882a1008bbfffff,H3,2025,11,0.9
882a1008bbfffff,H3,2025,12,1.0
882a1008bbfffff,H3,2025,13,1.1
882a1008bbfffff,H3,2025,14,1.2
882a1008bbfffff,H3,2025,15,1.6
882a1008bbfffff,H3,2025,16,1.9
882a1008bbfffff,H3,2025,17,2.5
882a1008bbfffff,H3,2025,18,3.0
882a1008bbfffff,H3,2025,19,3.2
882a1008bbfffff,H3,2025,20,3.3
882a1008bbfffff,H3,2025,21,3.2
882a1008bbfffff,H3,2025,22,3.0
882a1008bbfffff,H3,2025,23,2.6
882a100c5bfffff,H3,2025,0,2.6
882a100c5bfffff,H3,2025,1,2.3
882a100c5bfffff,H3,2025,2,2.0
882a100c5bfffff,H3,2025,3,1.8
882a100c5bfffff,H3,2025,4,1.6
882a100c5bfffff,H3,2025,5,1.5
882a100c5bfffff,H3,2025,6,1.2
882a100c5bfffff,H3,2025,7,1.0
882a100c5bfffff,H3,2025,8,0.9
882a100c5bfffff,H3,2025,9,0.9
882a100c5bfffff,H3,2025,10,0.9
882a100c5bfffff,H3,2025,11,1.0
882a100c5bfffff,H3,2025,12,1.2
882a100c5bfffff,H3,2025,13,1.4
882a100c5bfffff,H3,2025,14,1.5
882a100c5bfffff,H3,2025,15,1.8
882a100c5bfffff,H3,2025,16,2.3
882a100c5bfffff,H3,2025,17,3.0
882a100c5bfffff,H3,2025,18,3.4
882a100c5bfffff,H3,2025,19,3.6
882a100c5bfffff,H3,2025,20,3.9
882a100c5bfffff,H3,2025,21,3.8
882a100c5bfffff,H3,2025,22,3.4
882a100c5bfffff,H3,2025,23,3.1
882a100d2dfffff,H3,2025,0,4.8
882a100d2dfffff,H3,2025,1,4.2
882a100d2dfffff,H3,2025,2,3.6
882a100d2dfffff,H3,2025,3,3.3
882a100d2dfffff,H3,2025,4,3.0
882a100d2dfffff,H3,2025,5,2.7
882a100d2dfffff,H3,2025,6,2.4
882a100d2dfffff,H3,2025,7,1.9
882a100d2dfffff,H3,2025,8,1.6
882a100d2dfffff,H3,2025,9,1.5
882a100d2dfffff,H3,2025,10,1.6
882a100d2dfffff,H3,2025,11,1.9
882a100d2dfffff,H3,2025,12,2.2
882a100d2dfffff,H3,2025,13,2.4
882a100d2dfffff,H3,2025,14,2.7
882a100d2dfffff,H3,2025,15,3.2
882a100d2dfffff,H3,2025,16,4.0
882a100d2dfffff,H3,2025,17,5.2
882a100d2dfffff,H3,2025,18,6.1
882a100d2dfffff,H3,2025,19,6.6
882a100d2dfffff,H3,2025,20,6.9
882a100d2dfffff,H3,2025,21,6.7
882a100d2dfffff,H3,2025,22,6.2
882a100d2dfffff,H3,2025,23,5.6
882a100f15fffff,H3,2025,0,4.3
882a100f15fffff,H3,2025,1,3.8
882a100f15fffff,H3,2025,2,3.3
882a100f15fffff,H3,2025,3,3.0
882a100f15fffff,H3,2025,4,2.7
882a100f15fffff,H3,2025,5,2.4
882a100f15fffff,H3,2025,6,2.2
882a100f15fffff,H3,2025,7,1.8
882a100f15fffff,H3,2025,8,1.5
882a100f15fffff,H3,2025,9,1.5
882a100f15fffff,H3,2025,10,1.6
882a100f15fffff,H3,2025,11,1.8
882a100f15fffff,H3,2025,12,2.0
882a100f15fffff,H3,2025,13,2.3
882a100f15fffff,H3,2025,14,2.5
882a100f15fffff,H3,2025,15,3.0
882a100f15fffff,H3,2025,16,3.8
882a100f15fffff,H3,2025,17,4.9
882a100f15fffff,H3,2025,18,5.7
882a100f15fffff,H3,2025,19,6.1
882a100f15fffff,H3,2025,20,6.4
882a100f15fffff,H3,2025,21,6.2
882a100f15fffff,H3,2025,22,5.8
882a100f15fffff,H3,2025,23,5.1
882a101169fffff,H3,2025,0,2.4
882a101169fffff,H3,2025,1,2.2
882a101169fffff,H3,2025,2,1.8
882a101169fffff,H3,2025,3,1.7
882a101169fffff,H3,2025,4,1.5
882a101169fffff,H3,2025,5,1.4
882a101169fffff,H3,2025,6,1.2
882a101169fffff,H3,2025,7,0.9
882a101169fffff,H3,2025,8,0.8
882a101169fffff,H3,2025,9,0.8
882a101169fffff,H3,2025,10,0.8
882a101169fffff,H3,2025,11,0.9
882a101169fffff,H3,2025,12,1.1
882a101169fffff,H3,2025,13,1.2
882a101169fffff,H3,2025,14,1.4
882a101169fffff,H3,2025,15,1.6
882a101169fffff,H3,2025,16,2.0
882a101169fffff,H3,2025,17,2.6
882a101169fffff,H3,2025,18,3.1
882a101169fffff,H3,2025,19,3.3
882a101169fffff,H3,2025,20,3.5
882a101169fffff,H3,2025,21,3.4
882a101169fffff,H3,2025,22,3.2
882a101169fffff,H3,2025,23,2.8
882a103b15fffff,H3,2025,0,9.8
882a103b15fffff,H3,2025,1,8.5
882a103b15fffff,H3,2025,2,7.5
882a103b15fffff,H3,2025,3,6.7
882a103b15fffff,H3,2025,4,6.1
882a103b15fffff,H3,2025,5,5.6
882a103b15fffff,H3,2025,6,4.9
882a103b15fffff,H3,2025,7,3.9
882a103b15fffff,H3,2025,8,3.3
882a103b15fffff,H3,2025,9,3.2
882a103b15fffff,H3,2025,10,3.4
882a103b15fffff,H3,2025,11,3.9
882a103b15fffff,H3,2025,12,4.5
882a103b15fffff,H3,2025,13,5.0
882a103b15fffff,H3,2025,14,5.7
882a103b15fffff,H3,2025,15,6.6
882a103b15fffff,H3,2025,16,8.2
882a103b15fffff,H3,2025,17,10.8
882a103b15fffff,H3,2025,18,12.7
882a103b15fffff,H3,2025,19,13.6
882a103b15fffff,H3,2025,20,14.2
882a103b15fffff,H3,2025,21,14.0
882a103b15fffff,H3,2025,22,13.0
882a103b15fffff,H3,2025,23,11.6
882a104565fffff,H3,2025,0,2.3
882a104565fffff,H3,2025,1,2.0
882a104565fffff,H3,2025,2,1.8
882a104565fffff,H3,2025,3,1.6
882a104565fffff,H3,2025,4,1.5
882a104565fffff,H3,2025,5,1.2
882a104565fffff,H3,2025,6,1.1
882a104565fffff,H3,2025,7,0.9
882a104565fffff,H3,2025,8,0.8
882a104565fffff,H3,2025,9,0.8
882a104565fffff,H3,2025,10,0.8
882a104565fffff,H3,2025,11,0.9
882a104565fffff,H3,2025,12,1.0
882a104565fffff,H3,2025,13,1.2
882a104565fffff,H3,2025,14,1.4
882a104565fffff,H3,2025,15,1.6
882a104565fffff,H3,2025,16,1.9
882a104565fffff,H3,2025,17,2.5
882a104565fffff,H3,2025,18,3.0
882a104565fffff,H3,2025,19,3.2
882a104565fffff,H3,2025,20,3.4
882a104565fffff,H3,2025,21,3.3
882a104565fffff,H3,2025,22,3.1
882a104565fffff,H3,2025,23,2.7
882a104823fffff,H3,2025,0,3.2
882a104823fffff,H3,2025,1,2.7
882a104823fffff,H3,2025,2,2.4
882a104823fffff,H3,2025,3,2.2
882a104823fffff,H3,2025,4,1.9
882a104823fffff,H3,2025,5,1.8
882a104823fffff,H3,2025,6,1.6
882a104823fffff,H3,2025,7,1.4
882a104823fffff,H3,2025,8,1.1
882a104823fffff,H3,2025,9,1.1
882a104823fffff,H3,2025,10,1.2
882a104823fffff,H3,2025,11,1.4
882a104823fffff,H3,2025,12,1.6
882a104823fffff,H3,2025,13,1.8
882a104823fffff,H3,2025,14,2.0
882a104823fffff,H3,2025,15,2.4
882a104823fffff,H3,2025,16,3.0
882a104823fffff,H3,2025,17,3.9
882a104823fffff,H3,2025,18,4.4
882a104823fffff,H3,2025,19,4.7
882a104823fffff,H3,2025,20,4.8
882a104823fffff,H3,2025,21,4.7
882a104823fffff,H3,2025,22,4.3
882a104823fffff,H3,2025,23,3.8
882a104d87fffff,H3,2025,0,7.0
882a104d87fffff,H3,2025,1,6.1
882a104d87fffff,H3,2025,2,5.3
882a104d87fffff,H3,2025,3,4.9
882a104d87fffff,H3,2025,4,4.4
882a104d87fffff,H3,2025,5,4.0
882a104d87fffff,H3,2025,6,3.5
882a104d87fffff,H3,2025,7,2.8
882a104d87fffff,H3,2025,8,2.4
882a104d87fffff,H3,2025,9,2.3
882a104d87fffff,H3,2025,10,2.4
882a104d87fffff,H3,2025,11,2.8
882a104d87fffff,H3,2025,12,3.3
882a104d87fffff,H3,2025,13,3.6
882a104d87fffff,H3,2025,14,4.0
882a104d87fffff,H3,2025,15,4.8
882a104d87fffff,H3,2025,16,5.9
882a104d87fffff,H3,2025,17,7.7
882a104d87fffff,H3,2025,18,9.1
882a104d87fffff,H3,2025,19,9.8
882a104d87fffff,H3,2025,20,10.2
882a104d87fffff,H3,2025,21,10.0
882a104d87fffff,H3,2025,22,9.3
882a104d87fffff,H3,2025,23,8.3
882a1061adfffff,H3,2025,0,5.3
882a1061adfffff,H3,2025,1,4.8
882a1061adfffff,H3,2025,2,4.1
882a1061adfffff,H3,2025,3,3.8
882a1061adfffff,H3,2025,4,3.4
882a1061adfffff,H3,2025,5,3.1
882a1061adfffff,H3,2025,6,2.7
882a1061adfffff,H3,2025,7,2.2
882a1061adfffff,H3,2025,8,1.8
882a1061adfffff,H3,2025,9,1.7
882a1061adfffff,H3,2025,10,1.8
882a1061adfffff,H3,2025,11,2.2
882a1061adfffff,H3,2025,12,2.5
882a1061adfffff,H3,2025,13,2.7
882a1061adfffff,H3,2025,14,3.1
882a1061adfffff,H3,2025,15,3.6
882a1061adfffff,H3,2025,16,4.5
882a1061adfffff,H3,2025,17,5.9
882a1061adfffff,H3,2025,18,6.9
882a1061adfffff,H3,2025,19,7.5
882a1061adfffff,H3,2025,20,7.8
882a1061adfffff,H3,2025,21,7.6
882a1061adfffff,H3,2025,22,7.2
882a1061adfffff,H3,2025,23,6.4
882a106abbfffff,H3,2025,0,3.2
882a106abbfffff,H3,2025,1,2.8
882a106abbfffff,H3,2025,2,2.4
882a106abbfffff,H3,2025,3,2.2
882a106abbfffff,H3,2025,4,2.0
882a106abbfffff,H3,2025,5,1.8
882a106abbfffff,H3,2025,6,1.6
882a106abbfffff,H3,2025,7,1.2
882a106abbfffff,H3,2025,8,1.0
882a106abbfffff,H3,2025,9,1.0
882a106abbfffff,H3,2025,10,1.1
882a106abbfffff,H3,2025,11,1.2
882a106abbfffff,H3,2025,12,1.5
882a106abbfffff,H3,2025,13,1.6
882a106abbfffff,H3,2025,14,1.8
882a106abbfffff,H3,2025,15,2.2
882a106abbfffff,H3,2025,16,2.7
882a106abbfffff,H3,2025,17,3.5
882a106abbfffff,H3,2025,18,4.1
882a106abbfffff,H3,2025,19,4.4
882a106abbfffff,H3,2025,20,4.7
882a106abbfffff,H3,2025,21,4.5
882a106abbfffff,H3,2025,22,4.2
882a106abbfffff,H3,2025,23,3.8
882a107105fffff,H3,2025,0,5.0
882a107105fffff,H3,2025,1,4.3
882a107105fffff,H3,2025,2,3.9
882a107105fffff,H3,2025,3,3.4
882a107105fffff,H3,2025,4,3.1
882a107105fffff,H3,2025,5,2.8
882a107105fffff,H3,2025,6,2.5
882a107105fffff,H3,2025,7,2.0
882a107105fffff,H3,2025,8,1.7
882a107105fffff,H3,2025,9,1.6
882a107105fffff,H3,2025,10,1.7
882a107105fffff,H3,2025,11,2.0
882a107105fffff,H3,2025,12,2.3
882a107105fffff,H3,2025,13,2.5
882a107105fffff,H3,2025,14,2.8
882a107105fffff,H3,2025,15,3.4
882a107105fffff,H3,2025,16,4.2
882a107105fffff,H3,2025,17,5.5
882a107105fffff,H3,2025,18,6.5
882a107105fffff,H3,2025,19,6.9
882a107105fffff,H3,2025,20,7.3
882a107105fffff,H3,2025,21,7.0
882a107105fffff,H3,2025,22,6.6
882a107105fffff,H3,2025,23,5.9
882a107131fffff,H3,2025,0,2.6
882a107131fffff,H3,2025,1,2.3
882a107131fffff,H3,2025,2,1.9
882a107131fffff,H3,2025,3,1.8
882a107131fffff,H3,2025,4,1.6
882a107131fffff,H3,2025,5,1.5
882a107131fffff,H3,2025,6,1.2
882a107131fffff,H3,2025,7,1.0
882a107131fffff,H3,2025,8,0.9
882a107131fffff,H3,2025,9,0.8
882a107131fffff,H3,2025,10,0.9
882a107131fffff,H3,2025,11,1.0
882a107131fffff,H3,2025,12,1.2
882a107131fffff,H3,2025,13,1.4
882a107131fffff,H3,2025,14,1.5
882a107131fffff,H3,2025,15,1.7
882a107131fffff,H3,2025,16,2.2
882a107131fffff,H3,2025,17,2.8
882a107131fffff,H3,2025,18,3.3
882a107131fffff,H3,2025,19,3.6
882a107131fffff,H3,2025,20,3.8
882a107131fffff,H3,2025,21,3.6
882a107131fffff,H3,2025,22,3.4
882a107131fffff,H3,2025,23,3.1
882a107187fffff,H3,2025,0,6.2
882a107187fffff,H3,2025,1,5.5
882a107187fffff,H3,2025,2,4.8
882a107187fffff,H3,2025,3,4.3
882a107187fffff,H3,2025,4,3.9
882a107187fffff,H3,2025,5,3.5
882a107187fffff,H3,2025,6,3.1
882a107187fffff,H3,2025,7,2.5
882a107187fffff,H3,2025,8,2.0
882a107187fffff,H3,2025,9,2.0
882a107187fffff,H3,2025,10,2.2
882a107187fffff,H3,2025,11,2.5
882a107187fffff,H3,2025,12,2.8
882a107187fffff,H3,2025,13,3.2
882a107187fffff,H3,2025,14,3.5
882a107187fffff,H3,2025,15,4.2
882a107187fffff,H3,2025,16,5.2
882a107187fffff,H3,2025,17,6.8
882a107187fffff,H3,2025,18,8.1
882a107187fffff,H3,2025,19,8.6
882a107187fffff,H3,2025,20,9.0
882a107187fffff,H3,2025,21,8.9
882a107187fffff,H3,2025,22,8.2
882a107187fffff,H3,2025,23,7.3
882a107233fffff,H3,2025,0,25.0
882a107233fffff,H3,2025,1,21.8
882a107233fffff,H3,2025,2,19.1
882a107233fffff,H3,2025,3,17.2
882a107233fffff,H3,2025,4,15.6
882a107233fffff,H3,2025,5,14.1
882a107233fffff,H3,2025,6,12.5
882a107233fffff,H3,2025,7,10.1
882a107233fffff,H3,2025,8,8.5
882a107233fffff,H3,2025,9,8.3
882a107233fffff,H3,2025,10,9.0
882a107233fffff,H3,2025,11,10.3
882a107233fffff,H3,2025,12,11.8
882a107233fffff,H3,2025,13,13.2
882a107233fffff,H3,2025,14,14.7
882a107233fffff,H3,2025,15,17.2
882a107233fffff,H3,2025,16,21.2
882a107233fffff,H3,2025,17,27.8
882a107233fffff,H3,2025,18,32.7
882a107233fffff,H3,2025,19,35.0
882a107233fffff,H3,2025,20,36.5
882a107233fffff,H3,2025,21,35.7
882a107233fffff,H3,2025,22,33.2
882a107233fffff,H3,2025,23,29.5
882a107289fffff,H3,2025,0,9.5
882a107289fffff,H3,2025,1,8.4
882a107289fffff,H3,2025,2,7.3
882a107289fffff,H3,2025,3,6.6
882a107289fffff,H3,2025,4,5.9
882a107289fffff,H3,2025,5,5.5
882a107289fffff,H3,2025,6,4.8
882a107289fffff,H3,2025,7,3.9
882a107289fffff,H3,2025,8,3.2
882a107289fffff,H3,2025,9,3.1
882a107289fffff,H3,2025,10,3.4
882a107289fffff,H3,2025,11,3.9
882a107289fffff,H3,2025,12,4.4
882a107289fffff,H3,2025,13,4.9
882a107289fffff,H3,2025,14,5.6
882a107289fffff,H3,2025,15,6.5
882a107289fffff,H3,2025,16,8.1
882a107289fffff,H3,2025,17,10.6
882a107289fffff,H3,2025,18,12.4
882a107289fffff,H3,2025,19,13.4
882a107289fffff,H3,2025,20,14.0
882a107289fffff,H3,2025,21,13.6
882a107289fffff,H3,2025,22,12.7
882a107289fffff,H3,2025,23,11.2
882a107299fffff,H3,2025,0,19.7
882a107299fffff,H3,2025,1,17.3
882a107299fffff,H3,2025,2,15.1
882a107299fffff,H3,2025,3,13.5
882a107299fffff,H3,2025,4,12.3
882a107299fffff,H3,2025,5,11.1
882a107299fffff,H3,2025,6,9.9
882a107299fffff,H3,2025,7,7.8
882a107299fffff,H3,2025,8,6.6
882a107299fffff,H3,2025,9,6.4
882a107299fffff,H3,2025,10,6.9
882a107299fffff,H3,2025,11,7.8
882a107299fffff,H3,2025,12,9.1
882a107299fffff,H3,2025,13,10.1
882a107299fffff,H3,2025,14,11.4
882a107299fffff,H3,2025,15,13.3
882a107299fffff,H3,2025,16,16.6
882a107299fffff,H3,2025,17,21.8
882a107299fffff,H3,2025,18,25.6
882a107299fffff,H3,2025,19,27.5
882a107299fffff,H3,2025,20,28.6
882a107299fffff,H3,2025,21,28.1
882a107299fffff,H3,2025,22,26.1
882a107299fffff,H3,2025,23,23.2
882a1072c3fffff,H3,2025,0,5.3
882a1072c3fffff,H3,2025,1,4.7
882a1072c3fffff,H3,2025,2,4.1
882a1072c3fffff,H3,2025,3,3.6
882a1072c3fffff,H3,2025,4,3.3
882a1072c3fffff,H3,2025,5,3.0
882a1072c3fffff,H3,2025,6,2.6
882a1072c3fffff,H3,2025,7,2.2
882a1072c3fffff,H3,2025,8,1.8
882a1072c3fffff,H3,2025,9,1.7
882a1072c3fffff,H3,2025,10,1.8
882a1072c3fffff,H3,2025,11,2.2
882a1072c3fffff,H3,2025,12,2.4
882a1072c3fffff,H3,2025,13,2.7
882a1072c3fffff,H3,2025,14,3.1
882a1072c3fffff,H3,2025,15,3.5
882a1072c3fffff,H3,2025,16,4.4
882a1072c3fffff,H3,2025,17,5.8
882a1072c3fffff,H3,2025,18,6.8
882a1072c3fffff,H3,2025,19,7.4
882a1072c3fffff,H3,2025,20,7.7
882a1072c3fffff,H3,2025,21,7.5
882a1072c3fffff,H3,2025,22,7.0
882a1072c3fffff,H3,2025,23,6.2
882a107535fffff,H3,2025,0,7.7
882a107535fffff,H3,2025,1,6.8
882a107535fffff,H3,2025,2,5.9
882a107535fffff,H3,2025,3,5.3
882a107535fffff,H3,2025,4,4.8
882a107535fffff,H3,2025,5,4.4
882a107535fffff,H3,2025,6,3.9
882a107535fffff,H3,2025,7,3.2
882a107535fffff,H3,2025,8,2.6
882a107535fffff,H3,2025,9,2.5
882a107535fffff,H3,2025,10,2.7
882a107535fffff,H3,2025,11,3.2
882a107535fffff,H3,2025,12,3.6
882a107535fffff,H3,2025,13,4.0
882a107535fffff,H3,2025,14,4.5
882a107535fffff,H3,2025,15,5.3
882a107535fffff,H3,2025,16,6.6
882a107535fffff,H3,2025,17,8.6
882a107535fffff,H3,2025,18,10.1
882a107535fffff,H3,2025,19,10.9
882a107535fffff,H3,2025,20,11.4
882a107535fffff,H3,2025,21,11.1
882a107535fffff,H3,2025,22,10.3
882a107535fffff,H3,2025,23,9.2
882a107551fffff,H3,2025,0,14.9
882a107551fffff,H3,2025,1,13.1
882a107551fffff,H3,2025,2,11.4
882a107551fffff,H3,2025,3,10.2
882a107551fffff,H3,2025,4,9.3
882a107551fffff,H3,2025,5,8.4
882a107551fffff,H3,2025,6,7.5
882a107551fffff,H3,2025,7,5.9
882a107551fffff,H3,2025,8,5.0
882a107551fffff,H3,2025,9,4.9
882a107551fffff,H3,2025,10,5.2
882a107551fffff,H3,2025,11,6.0
882a107551fffff,H3,2025,12,6.9
882a107551fffff,H3,2025,13,7.7
882a107551fffff,H3,2025,14,8.6
882a107551fffff,H3,2025,15,10.1
882a107551fffff,H3,2025,16,12.6
882a107551fffff,H3,2025,17,16.5
882a107551fffff,H3,2025,18,19.4
882a107551fffff,H3,2025,19,20.8
882a107551fffff,H3,2025,20,21.7
882a107551fffff,H3,2025,21,21.2
882a107551fffff,H3,2025,22,19.8
882a107551fffff,H3,2025,23,17.6
882a10770dfffff,H3,2025,0,2.4
882a10770dfffff,H3,2025,1,2.2
882a10770dfffff,H3,2025,2,1.8
882a10770dfffff,H3,2025,3,1.7
882a10770dfffff,H3,2025,4,1.5
882a10770dfffff,H3,2025,5,1.4
882a10770dfffff,H3,2025,6,1.2
882a10770dfffff,H3,2025,7,1.0
882a10770dfffff,H3,2025,8,0.8
882a10770dfffff,H3,2025,9,0.8
882a10770dfffff,H3,2025,10,0.9
882a10770dfffff,H3,2025,11,1.0
882a10770dfffff,H3,2025,12,1.1
882a10770dfffff,H3,2025,13,1.2
882a10770dfffff,H3,2025,14,1.4
882a10770dfffff,H3,2025,15,1.7
882a10770dfffff,H3,2025,16,2.0
882a10770dfffff,H3,2025,17,2.7
882a10770dfffff,H3,2025,18,3.2
882a10770dfffff,H3,2025,19,3.4
882a10770dfffff,H3,2025,20,3.5
882a10770dfffff,H3,2025,21,3.5
882a10770dfffff,H3,2025,22,3.2
882a10770dfffff,H3,2025,23,2.8
882a107813fffff,H3,2025,0,3.6
882a107813fffff,H3,2025,1,3.2
882a107813fffff,H3,2025,2,2.7
882a107813fffff,H3,2025,3,2.5
882a107813fffff,H3,2025,4,2.3
882a107813fffff,H3,2025,5,2.0
882a107813fffff,H3,2025,6,1.8
882a107813fffff,H3,2025,7,1.5
882a107813fffff,H3,2025,8,1.2
882a107813fffff,H3,2025,9,1.1
882a107813fffff,H3,2025,10,1.2
882a107813fffff,H3,2025,11,1.5
882a107813fffff,H3,2025,12,1.7
882a107813fffff,H3,2025,13,1.8
882a107813fffff,H3,2025,14,2.0
882a107813fffff,H3,2025,15,2.5
882a107813fffff,H3,2025,16,3.1
882a107813fffff,H3,2025,17,4.0
882a107813fffff,H3,2025,18,4.8
882a107813fffff,H3,2025,19,5.1
882a107813fffff,H3,2025,20,5.3
882a107813fffff,H3,2025,21,5.1
882a107813fffff,H3,2025,22,4.8
882a107813fffff,H3,2025,23,4.3
882a10a205fffff,H3,2025,0,1.7
882a10a205fffff,H3,2025,1,1.5
882a10a205fffff,H3,2025,2,1.4
882a10a205fffff,H3,2025,3,1.1
882a10a205fffff,H3,2025,4,1.0
882a10a205fffff,H3,2025,5,1.0
882a10a205fffff,H3,2025,6,0.9
882a10a205fffff,H3,2025,7,0.7
882a10a205fffff,H3,2025,8,0.6
882a10a205fffff,H3,2025,9,0.6
882a10a205fffff,H3,2025,10,0.6
882a10a205fffff,H3,2025,11,0.7
882a10a205fffff,H3,2025,12,0.8
882a10a205fffff,H3,2025,13,0.9
882a10a205fffff,H3,2025,14,1.0
882a10a205fffff,H3,2025,15,1.1
882a10a205fffff,H3,2025,16,1.5
882a10a205fffff,H3,2025,17,1.9
882a10a205fffff,H3,2025,18,2.3
882a10a205fffff,H3,2025,19,2.4
882a10a205fffff,H3,2025,20,2.5
882a10a205fffff,H3,2025,21,2.4
882a10a205fffff,H3,2025,22,2.3
882a10a205fffff,H3,2025,23,2.0
882a10aaa7fffff,H3,2025,0,1.4
882a10aaa7fffff,H3,2025,1,1.1
882a10aaa7fffff,H3,2025,2,1.0
882a10aaa7fffff,H3,2025,3,0.9
882a10aaa7fffff,H3,2025,4,0.8
882a10aaa7fffff,H3,2025,5,0.8
882a10aaa7fffff,H3,2025,6,0.7
882a10aaa7fffff,H3,2025,7,0.6
882a10aaa7fffff,H3,2025,8,0.5
882a10aaa7fffff,H3,2025,9,0.5
882a10aaa7fffff,H3,2025,10,0.5
882a10aaa7fffff,H3,2025,11,0.6
882a10aaa7fffff,H3,2025,12,0.7
882a10aaa7fffff,H3,2025,13,0.7
882a10aaa7fffff,H3,2025,14,0.8
882a10aaa7fffff,H3,2025,15,0.9
882a10aaa7fffff,H3,2025,16,1.2
882a10aaa7fffff,H3,2025,17,1.6
882a10aaa7fffff,H3,2025,18,1.8
882a10aaa7fffff,H3,2025,19,1.9
882a10aaa7fffff,H3,2025,20,2.0
882a10aaa7fffff,H3,2025,21,1.9
882a10aaa7fffff,H3,2025,22,1.8
882a10aaa7fffff,H3,2025,23,1.6
882a10ba0dfffff,H3,2025,0,2.5
882a10ba0dfffff,H3,2025,1,2.2
882a10ba0dfffff,H3,2025,2,1.9
882a10ba0dfffff,H3,2025,3,1.7
882a10ba0dfffff,H3,2025,4,1.6
882a10ba0dfffff,H3,2025,5,1.5
882a10ba0dfffff,H3,2025,6,1.2
882a10ba0dfffff,H3,2025,7,1.0
882a10ba0dfffff,H3,2025,8,0.9
882a10ba0dfffff,H3,2025,9,0.8
882a10ba0dfffff,H3,2025,10,0.9
882a10ba0dfffff,H3,2025,11,1.0
882a10ba0dfffff,H3,2025,12,1.2
882a10ba0dfffff,H3,2025,13,1.4
882a10ba0dfffff,H3,2025,14,1.5
882a10ba0dfffff,H3,2025,15,1.8
882a10ba0dfffff,H3,2025,16,2.2
882a10ba0dfffff,H3,2025,17,2.8
882a10ba0dfffff,H3,2025,18,3.4
882a10ba0dfffff,H3,2025,19,3.6
882a10ba0dfffff,H3,2025,20,3.8
882a10ba0dfffff,H3,2025,21,3.6
882a10ba0dfffff,H3,2025,22,3.4
882a10ba0dfffff,H3,2025,23,3.0
882a10c22dfffff,H3,2025,0,1.6
882a10c22dfffff,H3,2025,1,1.4
882a10c22dfffff,H3,2025,2,1.2
882a10c22dfffff,H3,2025,3,1.0
882a10c22dfffff,H3,2025,4,0.9
882a10c22dfffff,H3,2025,5,0.9
882a10c22dfffff,H3,2025,6,0.8
882a10c22dfffff,H3,2025,7,0.7
882a10c22dfffff,H3,2025,8,0.6
882a10c22dfffff,H3,2025,9,0.6
882a10c22dfffff,H3,2025,10,0.7
882a10c22dfffff,H3,2025,11,0.7
882a10c22dfffff,H3,2025,12,0.8
882a10c22dfffff,H3,2025,13,0.9
882a10c22dfffff,H3,2025,14,1.0
882a10c22dfffff,H3,2025,15,1.2
882a10c22dfffff,H3,2025,16,1.5
882a10c22dfffff,H3,2025,17,1.9
882a10c22dfffff,H3,2025,18,2.3
882a10c22dfffff,H3,2025,19,2.4
882a10c22dfffff,H3,2025,20,2.4
882a10c22dfffff,H3,2025,21,2.4
882a10c22dfffff,H3,2025,22,2.2
882a10c22dfffff,H3,2025,23,1.9
882a10c757fffff,H3,2025,0,2.2
882a10c757fffff,H3,2025,1,1.9
882a10c757fffff,H3,2025,2,1.7
882a10c757fffff,H3,2025,3,1.5
882a10c757fffff,H3,2025,4,1.4
882a10c757fffff,H3,2025,5,1.2
882a10c757fffff,H3,2025,6,1.1
882a10c757fffff,H3,2025,7,0.9
882a10c757fffff,H3,2025,8,0.7
882a10c757fffff,H3,2025,9,0.7
882a10c757fffff,H3,2025,10,0.8
882a10c757fffff,H3,2025,11,0.9
882a10c757fffff,H3,2025,12,1.0
882a10c757fffff,H3,2025,13,1.1
882a10c757fffff,H3,2025,14,1.2
882a10c757fffff,H3,2025,15,1.5
882a10c757fffff,H3,2025,16,1.8
882a10c757fffff,H3,2025,17,2.4
882a10c757fffff,H3,2025,18,2.8
882a10c757fffff,H3,2025,19,3.1
882a10c757fffff,H3,2025,20,3.2
882a10c757fffff,H3,2025,21,3.1
882a10c757fffff,H3,2025,22,2.8
882a10c757fffff,H3,2025,23,2.6
882a10d843fffff,H3,2025,0,4.8
882a10d843fffff,H3,2025,1,4.1
882a10d843fffff,H3,2025,2,3.5
882a10d843fffff,H3,2025,3,3.2
882a10d843fffff,H3,2025,4,2.8
882a10d843fffff,H3,2025,5,2.6
882a10d843fffff,H3,2025,6,2.4
882a10d843fffff,H3,2025,7,2.0
882a10d843fffff,H3,2025,8,1.8
882a10d843fffff,H3,2025,9,1.8
882a10d843fffff,H3,2025,10,1.9
882a10d843fffff,H3,2025,11,2.3
882a10d843fffff,H3,2025,12,2.6
882a10d843fffff,H3,2025,13,3.0
882a10d843fffff,H3,2025,14,3.2
882a10d843fffff,H3,2025,15,3.6
882a10d843fffff,H3,2025,16,4.5
882a10d843fffff,H3,2025,17,5.8
882a10d843fffff,H3,2025,18,6.7
882a10d843fffff,H3,2025,19,7.2
882a10d843fffff,H3,2025,20,7.4
882a10d843fffff,H3,2025,21,7.2
882a10d843fffff,H3,2025,22,6.5
882a10d843fffff,H3,2025,23,5.7
882a10da3dfffff,H3,2025,0,3.9
882a10da3dfffff,H3,2025,1,3.3
882a10da3dfffff,H3,2025,2,2.8
882a10da3dfffff,H3,2025,3,2.6
882a10da3dfffff,H3,2025,4,2.3
882a10da3dfffff,H3,2025,5,2.2
882a10da3dfffff,H3,2025,6,2.0
882a10da3dfffff,H3,2025,7,1.7
882a10da3dfffff,H3,2025,8,1.6
882a10da3dfffff,H3,2025,9,1.6
882a10da3dfffff,H3,2025,10,1.7
882a10da3dfffff,H3,2025,11,1.9
882a10da3dfffff,H3,2025,12,2.2
882a10da3dfffff,H3,2025,13,2.5
882a10da3dfffff,H3,2025,14,2.7
882a10da3dfffff,H3,2025,15,3.2
882a10da3dfffff,H3,2025,16,3.9
882a10da3dfffff,H3,2025,17,4.9
882a10da3dfffff,H3,2025,18,5.7
882a10da3dfffff,H3,2025,19,5.9
882a10da3dfffff,H3,2025,20,6.0
882a10da3dfffff,H3,2025,21,5.8
882a10da3dfffff,H3,2025,22,5.3
882a10da3dfffff,H3,2025,23,4.7
882a123203fffff,H3,2025,0,1.9
882a123203fffff,H3,2025,1,1.7
882a123203fffff,H3,2025,2,1.5
882a123203fffff,H3,2025,3,1.4
882a123203fffff,H3,2025,4,1.2
882a123203fffff,H3,2025,5,1.0
882a123203fffff,H3,2025,6,0.9
882a123203fffff,H3,2025,7,0.8
882a123203fffff,H3,2025,8,0.7
882a123203fffff,H3,2025,9,0.6
882a123203fffff,H3,2025,10,0.7
882a123203fffff,H3,2025,11,0.8
882a123203fffff,H3,2025,12,0.9
882a123203fffff,H3,2025,13,1.0
882a123203fffff,H3,2025,14,1.1
882a123203fffff,H3,2025,15,1.2
882a123203fffff,H3,2025,16,1.6
882a123203fffff,H3,2025,17,2.2
882a123203fffff,H3,2025,18,2.5
882a123203fffff,H3,2025,19,2.6
882a123203fffff,H3,2025,20,2.8
882a123203fffff,H3,2025,21,2.7
882a123203fffff,H3,2025,22,2.5
882a123203fffff,H3,2025,23,2.3
882a1259b9fffff,H3,2025,0,5.8
882a1259b9fffff,H3,2025,1,5.1
882a1259b9fffff,H3,2025,2,4.4
882a1259b9fffff,H3,2025,3,4.0
882a1259b9fffff,H3,2025,4,3.6
882a1259b9fffff,H3,2025,5,3.3
882a1259b9fffff,H3,2025,6,3.0
882a1259b9fffff,H3,2025,7,2.3
882a1259b9fffff,H3,2025,8,1.9
882a1259b9fffff,H3,2025,9,1.9
882a1259b9fffff,H3,2025,10,2.0
882a1259b9fffff,H3,2025,11,2.3
882a1259b9fffff,H3,2025,12,2.7
882a1259b9fffff,H3,2025,13,3.0
882a1259b9fffff,H3,2025,14,3.4
882a1259b9fffff,H3,2025,15,4.0
882a1259b9fffff,H3,2025,16,4.9
882a1259b9fffff,H3,2025,17,6.5
882a1259b9fffff,H3,2025,18,7.6
882a1259b9fffff,H3,2025,19,8.1
882a1259b9fffff,H3,2025,20,8.4
882a1259b9fffff,H3,2025,21,8.3
882a1259b9fffff,H3,2025,22,7.7
882a1259b9fffff,H3,2025,23,6.8
882a12b58bfffff,H3,2025,0,11.9
882a12b58bfffff,H3,2025,1,10.3
882a12b58bfffff,H3,2025,2,9.0
882a12b58bfffff,H3,2025,3,8.1
882a12b58bfffff,H3,2025,4,7.4
882a12b58bfffff,H3,2025,5,6.7
882a12b58bfffff,H3,2025,6,6.0
882a12b58bfffff,H3,2025,7,5.0
882a12b58bfffff,H3,2025,8,4.3
882a12b58bfffff,H3,2025,9,4.3
882a12b58bfffff,H3,2025,10,4.7
882a12b58bfffff,H3,2025,11,5.3
882a12b58bfffff,H3,2025,12,6.1
882a12b58bfffff,H3,2025,13,6.8
882a12b58bfffff,H3,2025,14,7.5
882a12b58bfffff,H3,2025,15,8.8
882a12b58bfffff,H3,2025,16,10.7
882a12b58bfffff,H3,2025,17,13.9
882a12b58bfffff,H3,2025,18,16.2
882a12b58bfffff,H3,2025,19,17.3
882a12b58bfffff,H3,2025,20,17.8
882a12b58bfffff,H3,2025,21,17.3
882a12b58bfffff,H3,2025,22,16.0
882a12b58bfffff,H3,2025,23,14.2
882a12c1c5fffff,H3,2025,0,2.8
882a12c1c5fffff,H3,2025,1,2.4
882a12c1c5fffff,H3,2025,2,2.2
882a12c1c5fffff,H3,2025,3,1.9
882a12c1c5fffff,H3,2025,4,1.7
882a12c1c5fffff,H3,2025,5,1.6
882a12c1c5fffff,H3,2025,6,1.4
882a12c1c5fffff,H3,2025,7,1.1
882a12c1c5fffff,H3,2025,8,1.0
882a12c1c5fffff,H3,2025,9,0.9
882a12c1c5fffff,H3,2025,10,1.0
882a12c1c5fffff,H3,2025,11,1.1
882a12c1c5fffff,H3,2025,12,1.4
882a12c1c5fffff,H3,2025,13,1.6
882a12c1c5fffff,H3,2025,14,1.7
882a12c1c5fffff,H3,2025,15,2.0
882a12c1c5fffff,H3,2025,16,2.5
882a12c1c5fffff,H3,2025,17,3.3
882a12c1c5fffff,H3,2025,18,3.8
882a12c1c5fffff,H3,2025,19,4.0
882a12c1c5fffff,H3,2025,20,4.2
882a12c1c5fffff,H3,2025,21,4.1
882a12c1c5fffff,H3,2025,22,3.8
882a12c1c5fffff,H3,2025,23,3.3
882a130a6dfffff,H3,2025,0,4.5
882a130a6dfffff,H3,2025,1,4.0
882a130a6dfffff,H3,2025,2,3.4
882a130a6dfffff,H3,2025,3,3.1
882a130a6dfffff,H3,2025,4,2.7
882a130a6dfffff,H3,2025,5,2.5
882a130a6dfffff,H3,2025,6,2.3
882a130a6dfffff,H3,2025,7,1.8
882a130a6dfffff,H3,2025,8,1.6
882a130a6dfffff,H3,2025,9,1.5
882a130a6dfffff,H3,2025,10,1.6
882a130a6dfffff,H3,2025,11,1.9
882a130a6dfffff,H3,2025,12,2.2
882a130a6dfffff,H3,2025,13,2.5
882a130a6dfffff,H3,2025,14,2.7
882a130a6dfffff,H3,2025,15,3.2
882a130a6dfffff,H3,2025,16,4.0
882a130a6dfffff,H3,2025,17,5.2
882a130a6dfffff,H3,2025,18,6.0
882a130a6dfffff,H3,2025,19,6.5
882a130a6dfffff,H3,2025,20,6.7
882a130a6dfffff,H3,2025,21,6.5
882a130a6dfffff,H3,2025,22,6.0
882a130a6dfffff,H3,2025,23,5.3
882a1310d1fffff,H3,2025,0,1.8
882a1310d1fffff,H3,2025,1,1.6
882a1310d1fffff,H3,2025,2,1.4
882a1310d1fffff,H3,2025,3,1.2
882a1310d1fffff,H3,2025,4,1.1
882a1310d1fffff,H3,2025,5,1.0
882a1310d1fffff,H3,2025,6,0.9
882a1310d1fffff,H3,2025,7,0.8
882a1310d1fffff,H3,2025,8,0.7
882a1310d1fffff,H3,2025,9,0.6
882a1310d1fffff,H3,2025,10,0.7
882a1310d1fffff,H3,2025,11,0.8
882a1310d1fffff,H3,2025,12,0.9
882a1310d1fffff,H3,2025,13,1.0
882a1310d1fffff,H3,2025,14,1.1
882a1310d1fffff,H3,2025,15,1.2
882a1310d1fffff,H3,2025,16,1.6
882a1310d1fffff,H3,2025,17,2.0
882a1310d1fffff,H3,2025,18,2.4
882a1310d1fffff,H3,2025,19,2.6
882a1310d1fffff,H3,2025,20,2.7
882a1310d1fffff,H3,2025,21,2.6
882a1310d1fffff,H3,2025,22,2.4
882a1310d1fffff,H3,2025,23,2.2
882a1310dbfffff,H3,2025,0,8.0
882a1310dbfffff,H3,2025,1,6.9
882a1310dbfffff,H3,2025,2,6.0
882a1310dbfffff,H3,2025,3,5.5
882a1310dbfffff,H3,2025,4,4.9
882a1310dbfffff,H3,2025,5,4.4
882a1310dbfffff,H3,2025,6,4.0
882a1310dbfffff,H3,2025,7,3.2
882a1310dbfffff,H3,2025,8,2.6
882a1310dbfffff,H3,2025,9,2.5
882a1310dbfffff,H3,2025,10,2.7
882a1310dbfffff,H3,2025,11,3.2
882a1310dbfffff,H3,2025,12,3.6
882a1310dbfffff,H3,2025,13,4.1
882a1310dbfffff,H3,2025,14,4.5
882a1310dbfffff,H3,2025,15,5.3
882a1310dbfffff,H3,2025,16,6.7
882a1310dbfffff,H3,2025,17,8.8
882a1310dbfffff,H3,2025,18,10.2
882a1310dbfffff,H3,2025,19,11.0
882a1310dbfffff,H3,2025,20,11.5
882a1310dbfffff,H3,2025,21,11.2
882a1310dbfffff,H3,2025,22,10.5
882a1310dbfffff,H3,2025,23,9.3
882a1318a9fffff,H3,2025,0,8.3
882a1318a9fffff,H3,2025,1,7.3
882a1318a9fffff,H3,2025,2,6.4
882a1318a9fffff,H3,2025,3,5.7
882a1318a9fffff,H3,2025,4,5.1
882a1318a9fffff,H3,2025,5,4.7
882a1318a9fffff,H3,2025,6,4.2
882a1318a9fffff,H3,2025,7,3.4
882a1318a9fffff,H3,2025,8,3.0
882a1318a9fffff,H3,2025,9,2.8
882a1318a9fffff,H3,2025,10,3.1
882a1318a9fffff,H3,2025,11,3.5
882a1318a9fffff,H3,2025,12,4.1
882a1318a9fffff,H3,2025,13,4.5
882a1318a9fffff,H3,2025,14,5.1
882a1318a9fffff,H3,2025,15,5.9
882a1318a9fffff,H3,2025,16,7.4
882a1318a9fffff,H3,2025,17,9.5
882a1318a9fffff,H3,2025,18,11.1
882a1318a9fffff,H3,2025,19,11.9
882a1318a9fffff,H3,2025,20,12.4
882a1318a9fffff,H3,2025,21,12.0
882a1318a9fffff,H3,2025,22,11.1
882a1318a9fffff,H3,2025,23,9.9
882a1318edfffff,H3,2025,0,10.3
882a1318edfffff,H3,2025,1,9.1
882a1318edfffff,H3,2025,2,7.8
882a1318edfffff,H3,2025,3,7.0
882a1318edfffff,H3,2025,4,6.4
882a1318edfffff,H3,2025,5,5.8
882a1318edfffff,H3,2025,6,5.2
882a1318edfffff,H3,2025,7,4.2
882a1318edfffff,H3,2025,8,3.6
882a1318edfffff,H3,2025,9,3.5
882a1318edfffff,H3,2025,10,3.8
882a1318edfffff,H3,2025,11,4.3
882a1318edfffff,H3,2025,12,5.0
882a1318edfffff,H3,2025,13,5.6
882a1318edfffff,H3,2025,14,6.2
882a1318edfffff,H3,2025,15,7.4
882a1318edfffff,H3,2025,16,9.1
882a1318edfffff,H3,2025,17,11.8
882a1318edfffff,H3,2025,18,13.9
882a1318edfffff,H3,2025,19,14.8
882a1318edfffff,H3,2025,20,15.3
882a1318edfffff,H3,2025,21,15.0
882a1318edfffff,H3,2025,22,13.9
882a1318edfffff,H3,2025,23,12.3
882a132c83fffff,H3,2025,0,1.2
882a132c83fffff,H3,2025,1,1.0
882a132c83fffff,H3,2025,2,0.9
882a132c83fffff,H3,2025,3,0.8
882a132c83fffff,H3,2025,4,0.8
882a132c83fffff,H3,2025,5,0.7
882a132c83fffff,H3,2025,6,0.6
882a132c83fffff,H3,2025,7,0.5
882a132c83fffff,H3,2025,8,0.5
882a132c83fffff,H3,2025,9,0.5
882a132c83fffff,H3,2025,10,0.5
882a132c83fffff,H3,2025,11,0.5
882a132c83fffff,H3,2025,12,0.6
882a132c83fffff,H3,2025,13,0.7
882a132c83fffff,H3,2025,14,0.7
882a132c83fffff,H3,2025,15,0.9
882a132c83fffff,H3,2025,16,1.0
882a132c83fffff,H3,2025,17,1.4
882a132c83fffff,H3,2025,18,1.6
882a132c83fffff,H3,2025,19,1.7
882a132c83fffff,H3,2025,20,1.8
882a132c83fffff,H3,2025,21,1.7
882a132c83fffff,H3,2025,22,1.6
882a132c83fffff,H3,2025,23,1.5
882a132da9fffff,H3,2025,0,2.4
882a132da9fffff,H3,2025,1,2.2
882a132da9fffff,H3,2025,2,1.8
882a132da9fffff,H3,2025,3,1.7
882a132da9fffff,H3,2025,4,1.5
882a132da9fffff,H3,2025,5,1.4
882a132da9fffff,H3,2025,6,1.2
882a132da9fffff,H3,2025,7,0.9
882a132da9fffff,H3,2025,8,0.8
882a132da9fffff,H3,2025,9,0.8
882a132da9fffff,H3,2025,10,0.8
882a132da9fffff,H3,2025,11,0.9
882a132da9fffff,H3,2025,12,1.1
882a132da9fffff,H3,2025,13,1.2
882a132da9fffff,H3,2025,14,1.4
882a132da9fffff,H3,2025,15,1.6
882a132da9fffff,H3,2025,16,2.0
882a132da9fffff,H3,2025,17,2.7
882a132da9fffff,H3,2025,18,3.2
882a132da9fffff,H3,2025,19,3.4
882a132da9fffff,H3,2025,20,3.5
882a132da9fffff,H3,2025,21,3.4
882a132da9fffff,H3,2025,22,3.2
882a132da9fffff,H3,2025,23,2.8
882a134107fffff,H3,2025,0,1.7
882a134107fffff,H3,2025,1,1.5
882a134107fffff,H3,2025,2,1.2
882a134107fffff,H3,2025,3,1.1
882a134107fffff,H3,2025,4,1.0
882a134107fffff,H3,2025,5,0.9
882a134107fffff,H3,2025,6,0.8
882a134107fffff,H3,2025,7,0.7
882a134107fffff,H3,2025,8,0.6
882a134107fffff,H3,2025,9,0.6
882a134107fffff,H3,2025,10,0.6
882a134107fffff,H3,2025,11,0.7
882a134107fffff,H3,2025,12,0.8
882a134107fffff,H3,2025,13,0.9
882a134107fffff,H3,2025,14,0.9
882a134107fffff,H3,2025,15,1.1
882a134107fffff,H3,2025,16,1.4
882a134107fffff,H3,2025,17,1.8
882a134107fffff,H3,2025,18,2.2
882a134107fffff,H3,2025,19,2.3
882a134107fffff,H3,2025,20,2.4
882a134107fffff,H3,2025,21,2.4
882a134107fffff,H3,2025,22,2.2
882a134107fffff,H3,2025,23,1.9
882a13416bfffff,H3,2025,0,3.4
882a13416bfffff,H3,2025,1,3.1
882a13416bfffff,H3,2025,2,2.6
882a13416bfffff,H3,2025,3,2.4
882a13416bfffff,H3,2025,4,2.2
882a13416bfffff,H3,2025,5,1.9
882a13416bfffff,H3,2025,6,1.7
882a13416bfffff,H3,2025,7,1.4
882a13416bfffff,H3,2025,8,1.1
882a13416bfffff,H3,2025,9,1.1
882a13416bfffff,H3,2025,10,1.2
882a13416bfffff,H3,2025,11,1.4
882a13416bfffff,H3,2025,12,1.6
882a13416bfffff,H3,2025,13,1.8
882a13416bfffff,H3,2025,14,1.9
882a13416bfffff,H3,2025,15,2.3
882a13416bfffff,H3,2025,16,2.8
882a13416bfffff,H3,2025,17,3.9
882a13416bfffff,H3,2025,18,4.4
882a13416bfffff,H3,2025,19,4.8
882a13416bfffff,H3,2025,20,5.0
882a13416bfffff,H3,2025,21,4.9
882a13416bfffff,H3,2025,22,4.5
882a13416bfffff,H3,2025,23,4.1
882a134819fffff,H3,2025,0,1.5
882a134819fffff,H3,2025,1,1.2
882a134819fffff,H3,2025,2,1.1
882a134819fffff,H3,2025,3,1.0
882a134819fffff,H3,2025,4,0.9
882a134819fffff,H3,2025,5,0.8
882a134819fffff,H3,2025,6,0.7
882a134819fffff,H3,2025,7,0.6
882a134819fffff,H3,2025,8,0.5
882a134819fffff,H3,2025,9,0.5
882a134819fffff,H3,2025,10,0.5
882a134819fffff,H3,2025,11,0.6
882a134819fffff,H3,2025,12,0.7
882a134819fffff,H3,2025,13,0.8
882a134819fffff,H3,2025,14,0.8
882a134819fffff,H3,2025,15,0.9
882a134819fffff,H3,2025,16,1.2
882a134819fffff,H3,2025,17,1.6
882a134819fffff,H3,2025,18,1.8
882a134819fffff,H3,2025,19,2.0
882a134819fffff,H3,2025,20,2.0
882a134819fffff,H3,2025,21,2.0
882a134819fffff,H3,2025,22,1.9
882a134819fffff,H3,2025,23,1.7
882a1348b7fffff,H3,2025,0,2.2
882a1348b7fffff,H3,2025,1,1.8
882a1348b7fffff,H3,2025,2,1.6
882a1348b7fffff,H3,2025,3,1.5
882a1348b7fffff,H3,2025,4,1.4
882a1348b7fffff,H3,2025,5,1.2
882a1348b7fffff,H3,2025,6,1.0
882a1348b7fffff,H3,2025,7,0.9
882a1348b7fffff,H3,2025,8,0.8
882a1348b7fffff,H3,2025,9,0.7
882a1348b7fffff,H3,2025,10,0.8
882a1348b7fffff,H3,2025,11,0.9
882a1348b7fffff,H3,2025,12,1.0
882a1348b7fffff,H3,2025,13,1.1
882a1348b7fffff,H3,2025,14,1.2
882a1348b7fffff,H3,2025,15,1.5
882a1348b7fffff,H3,2025,16,1.9
882a1348b7fffff,H3,2025,17,2.5
882a1348b7fffff,H3,2025,18,2.8
882a1348b7fffff,H3,2025,19,3.1
882a1348b7fffff,H3,2025,20,3.2
882a1348b7fffff,H3,2025,21,3.1
882a1348b7fffff,H3,2025,22,2.8
882a1348b7fffff,H3,2025,23,2.5
882a134d41fffff,H3,2025,0,26.5
882a134d41fffff,H3,2025,1,23.3
882a134d41fffff,H3,2025,2,20.3
882a134d41fffff,H3,2025,3,18.3
882a134d41fffff,H3,2025,4,16.6
882a134d41fffff,H3,2025,5,15.0
882a134d41fffff,H3,2025,6,13.3
882a134d41fffff,H3,2025,7,10.6
882a134d41fffff,H3,2025,8,8.9
882a134d41fffff,H3,2025,9,8.5
882a134d41fffff,H3,2025,10,9.2
882a134d41fffff,H3,2025,11,10.6
882a134d41fffff,H3,2025,12,12.3
882a134d41fffff,H3,2025,13,13.6
882a134d41fffff,H3,2025,14,15.2
882a134d41fffff,H3,2025,15,18.0
882a134d41fffff,H3,2025,16,22.3
882a134d41fffff,H3,2025,17,29.3
882a134d41fffff,H3,2025,18,34.3
882a134d41fffff,H3,2025,19,36.9
882a134d41fffff,H3,2025,20,38.5
882a134d41fffff,H3,2025,21,37.7
882a134d41fffff,H3,2025,22,35.1
882a134d41fffff,H3,2025,23,31.2
882a134d69fffff,H3,2025,0,3.2
882a134d69fffff,H3,2025,1,2.8
882a134d69fffff,H3,2025,2,2.5
882a134d69fffff,H3,2025,3,2.2
882a134d69fffff,H3,2025,4,2.0
882a134d69fffff,H3,2025,5,1.8
882a134d69fffff,H3,2025,6,1.6
882a134d69fffff,H3,2025,7,1.2
882a134d69fffff,H3,2025,8,1.0
882a134d69fffff,H3,2025,9,1.0
882a134d69fffff,H3,2025,10,1.1
882a134d69fffff,H3,2025,11,1.2
882a134d69fffff,H3,2025,12,1.5
882a134d69fffff,H3,2025,13,1.7
882a134d69fffff,H3,2025,14,1.8
882a134d69fffff,H3,2025,15,2.2
882a134d69fffff,H3,2025,16,2.7
882a134d69fffff,H3,2025,17,3.5
882a134d69fffff,H3,2025,18,4.2
882a134d69fffff,H3,2025,19,4.5
882a134d69fffff,H3,2025,20,4.7
882a134d69fffff,H3,2025,21,4.5
882a134d69fffff,H3,2025,22,4.3
882a134d69fffff,H3,2025,23,3.8
882a134de7fffff,H3,2025,0,5.2
882a134de7fffff,H3,2025,1,4.5
882a134de7fffff,H3,2025,2,4.0
882a134de7fffff,H3,2025,3,3.5
882a134de7fffff,H3,2025,4,3.2
882a134de7fffff,H3,2025,5,3.0
882a134de7fffff,H3,2025,6,2.6
882a134de7fffff,H3,2025,7,2.2
882a134de7fffff,H3,2025,8,1.8
882a134de7fffff,H3,2025,9,1.7
882a134de7fffff,H3,2025,10,1.9
882a134de7fffff,H3,2025,11,2.2
882a134de7fffff,H3,2025,12,2.5
882a134de7fffff,H3,2025,13,2.8
882a134de7fffff,H3,2025,14,3.2
882a134de7fffff,H3,2025,15,3.6
882a134de7fffff,H3,2025,16,4.5
882a134de7fffff,H3,2025,17,6.0
882a134de7fffff,H3,2025,18,7.0
882a134de7fffff,H3,2025,19,7.5
882a134de7fffff,H3,2025,20,7.7
882a134de7fffff,H3,2025,21,7.5
882a134de7fffff,H3,2025,22,7.0
882a134de7fffff,H3,2025,23,6.1
882a13930dfffff,H3,2025,0,1.8
882a13930dfffff,H3,2025,1,1.6
882a13930dfffff,H3,2025,2,1.4
882a13930dfffff,H3,2025,3,1.2
882a13930dfffff,H3,2025,4,1.1
882a13930dfffff,H3,2025,5,1.0
882a13930dfffff,H3,2025,6,0.9
882a13930dfffff,H3,2025,7,0.7
882a13930dfffff,H3,2025,8,0.6
882a13930dfffff,H3,2025,9,0.6
882a13930dfffff,H3,2025,10,0.6
882a13930dfffff,H3,2025,11,0.7
882a13930dfffff,H3,2025,12,0.8
882a13930dfffff,H3,2025,13,0.9
882a13930dfffff,H3,2025,14,1.0
882a13930dfffff,H3,2025,15,1.2
882a13930dfffff,H3,2025,16,1.5
882a13930dfffff,H3,2025,17,1.9
882a13930dfffff,H3,2025,18,2.3
882a13930dfffff,H3,2025,19,2.5
882a13930dfffff,H3,2025,20,2.6
882a13930dfffff,H3,2025,21,2.5
882a13930dfffff,H3,2025,22,2.4
882a13930dfffff,H3,2025,23,2.0
882a139885fffff,H3,2025,0,1.1
882a139885fffff,H3,2025,1,1.0
882a139885fffff,H3,2025,2,0.9
882a139885fffff,H3,2025,3,0.8
882a139885fffff,H3,2025,4,0.7
882a139885fffff,H3,2025,5,0.7
882a139885fffff,H3,2025,6,0.6
882a139885fffff,H3,2025,7,0.5
882a139885fffff,H3,2025,8,0.5
882a139885fffff,H3,2025,9,0.5
882a139885fffff,H3,2025,10,0.5
882a139885fffff,H3,2025,11,0.6
882a139885fffff,H3,2025,12,0.6
882a139885fffff,H3,2025,13,0.7
882a139885fffff,H3,2025,14,0.8
882a139885fffff,H3,2025,15,0.9
882a139885fffff,H3,2025,16,1.1
882a139885fffff,H3,2025,17,1.5
882a139885fffff,H3,2025,18,1.6
882a139885fffff,H3,2025,19,1.7
882a139885fffff,H3,2025,20,1.8
882a139885fffff,H3,2025,21,1.7
882a139885fffff,H3,2025,22,1.6
882a139885fffff,H3,2025,23,1.4
882a13988dfffff,H3,2025,0,13.8
882a13988dfffff,H3,2025,1,12.0
882a13988dfffff,H3,2025,2,10.5
882a13988dfffff,H3,2025,3,9.4
882a13988dfffff,H3,2025,4,8.5
882a13988dfffff,H3,2025,5,7.7
882a13988dfffff,H3,2025,6,6.9
882a13988dfffff,H3,2025,7,5.6
882a13988dfffff,H3,2025,8,4.7
882a13988dfffff,H3,2025,9,4.5
882a13988dfffff,H3,2025,10,4.9
882a13988dfffff,H3,2025,11,5.6
882a13988dfffff,H3,2025,12,6.5
882a13988dfffff,H3,2025,13,7.2
882a13988dfffff,H3,2025,14,8.1
882a13988dfffff,H3,2025,15,9.4
882a13988dfffff,H3,2025,16,11.8
882a13988dfffff,H3,2025,17,15.5
882a13988dfffff,H3,2025,18,18.1
882a13988dfffff,H3,2025,19,19.4
882a13988dfffff,H3,2025,20,20.2
882a13988dfffff,H3,2025,21,19.8
882a13988dfffff,H3,2025,22,18.3
882a13988dfffff,H3,2025,23,16.2
882a13cd6bfffff,H3,2025,0,2.4
882a13cd6bfffff,H3,2025,1,2.2
882a13cd6bfffff,H3,2025,2,1.8
882a13cd6bfffff,H3,2025,3,1.7
882a13cd6bfffff,H3,2025,4,1.5
882a13cd6bfffff,H3,2025,5,1.4
882a13cd6bfffff,H3,2025,6,1.2
882a13cd6bfffff,H3,2025,7,1.0
882a13cd6bfffff,H3,2025,8,0.8
882a13cd6bfffff,H3,2025,9,0.8
882a13cd6bfffff,H3,2025,10,0.9
882a13cd6bfffff,H3,2025,11,1.0
882a13cd6bfffff,H3,2025,12,1.1
882a13cd6bfffff,H3,2025,13,1.2
882a13cd6bfffff,H3,2025,14,1.4
882a13cd6bfffff,H3,2025,15,1.6
882a13cd6bfffff,H3,2025,16,2.0
882a13cd6bfffff,H3,2025,17,2.7
882a13cd6bfffff,H3,2025,18,3.2
882a13cd6bfffff,H3,2025,19,3.4
882a13cd6bfffff,H3,2025,20,3.5
882a13cd6bfffff,H3,2025,21,3.5
882a13cd6bfffff,H3,2025,22,3.3
882a13cd6bfffff,H3,2025,23,2.8
882a13cf19fffff,H3,2025,0,250.8
882a13cf19fffff,H3,2025,1,219.8
882a13cf19fffff,H3,2025,2,191.7
882a13cf19fffff,H3,2025,3,172.6
882a13cf19fffff,H3,2025,4,156.4
882a13cf19fffff,H3,2025,5,141.8
882a13cf19fffff,H3,2025,6,125.7
882a13cf19fffff,H3,2025,7,100.3
882a13cf19fffff,H3,2025,8,84.4
882a13cf19fffff,H3,2025,9,81.5
882a13cf19fffff,H3,2025,10,88.0
882a13cf19fffff,H3,2025,11,100.7
882a13cf19fffff,H3,2025,12,116.4
882a13cf19fffff,H3,2025,13,129.4
882a13cf19fffff,H3,2025,14,144.9
882a13cf19fffff,H3,2025,15,169.9
882a13cf19fffff,H3,2025,16,211.5
882a13cf19fffff,H3,2025,17,277.3
882a13cf19fffff,H3,2025,18,325.5
882a13cf19fffff,H3,2025,19,349.7
882a13cf19fffff,H3,2025,20,364.7
882a13cf19fffff,H3,2025,21,357.0
882a13cf19fffff,H3,2025,22,331.9
882a13cf19fffff,H3,2025,23,295.8
882a142561fffff,H3,2025,0,4.1
882a142561fffff,H3,2025,1,3.5
882a142561fffff,H3,2025,2,3.1
882a142561fffff,H3,2025,3,2.8
882a142561fffff,H3,2025,4,2.5
882a142561fffff,H3,2025,5,2.3
882a142561fffff,H3,2025,6,2.0
882a142561fffff,H3,2025,7,1.6
882a142561fffff,H3,2025,8,1.4
882a142561fffff,H3,2025,9,1.2
882a142561fffff,H3,2025,10,1.4
882a142561fffff,H3,2025,11,1.6
882a142561fffff,H3,2025,12,1.8
882a142561fffff,H3,2025,13,2.0
882a142561fffff,H3,2025,14,2.3
882a142561fffff,H3,2025,15,2.7
882a142561fffff,H3,2025,16,3.4
882a142561fffff,H3,2025,17,4.4
882a142561fffff,H3,2025,18,5.2
882a142561fffff,H3,2025,19,5.7
882a142561fffff,H3,2025,20,5.9
882a142561fffff,H3,2025,21,5.8
882a142561fffff,H3,2025,22,5.3
882a142561fffff,H3,2025,23,4.8
882a142ecdfffff,H3,2025,0,4.8
882a142ecdfffff,H3,2025,1,4.2
882a142ecdfffff,H3,2025,2,3.6
882a142ecdfffff,H3,2025,3,3.3
882a142ecdfffff,H3,2025,4,3.0
882a142ecdfffff,H3,2025,5,2.7
882a142ecdfffff,H3,2025,6,2.5
882a142ecdfffff,H3,2025,7,2.0
882a142ecdfffff,H3,2025,8,1.7
882a142ecdfffff,H3,2025,9,1.6
882a142ecdfffff,H3,2025,10,1.8
882a142ecdfffff,H3,2025,11,2.0
882a142ecdfffff,H3,2025,12,2.4
882a142ecdfffff,H3,2025,13,2.7
882a142ecdfffff,H3,2025,14,3.0
882a142ecdfffff,H3,2025,15,3.5
882a142ecdfffff,H3,2025,16,4.4
882a142ecdfffff,H3,2025,17,5.7
882a142ecdfffff,H3,2025,18,6.6
882a142ecdfffff,H3,2025,19,7.0
882a142ecdfffff,H3,2025,20,7.2
882a142ecdfffff,H3,2025,21,7.0
882a142ecdfffff,H3,2025,22,6.5
882a142ecdfffff,H3,2025,23,5.7
882a146505fffff,H3,2025,0,1.7
882a146505fffff,H3,2025,1,1.5
882a146505fffff,H3,2025,2,1.2
882a146505fffff,H3,2025,3,1.1
882a146505fffff,H3,2025,4,1.0
882a146505fffff,H3,2025,5,0.9
882a146505fffff,H3,2025,6,0.8
882a146505fffff,H3,2025,7,0.7
882a146505fffff,H3,2025,8,0.6
882a146505fffff,H3,2025,9,0.6
882a146505fffff,H3,2025,10,0.6
882a146505fffff,H3,2025,11,0.7
882a146505fffff,H3,2025,12,0.8
882a146505fffff,H3,2025,13,0.9
882a146505fffff,H3,2025,14,1.0
882a146505fffff,H3,2025,15,1.1
882a146505fffff,H3,2025,16,1.5
882a146505fffff,H3,2025,17,1.8
882a146505fffff,H3,2025,18,2.2
882a146505fffff,H3,2025,19,2.4
882a146505fffff,H3,2025,20,2.5
882a146505fffff,H3,2025,21,2.4
882a146505fffff,H3,2025,22,2.3
882a146505fffff,H3,2025,23,1.9
882a148c41fffff,H3,2025,0,2.2
882a148c41fffff,H3,2025,1,1.8
882a148c41fffff,H3,2025,2,1.6
882a148c41fffff,H3,2025,3,1.5
882a148c41fffff,H3,2025,4,1.4
882a148c41fffff,H3,2025,5,1.2
882a148c41fffff,H3,2025,6,1.0
882a148c41fffff,H3,2025,7,0.9
882a148c41fffff,H3,2025,8,0.8
882a148c41fffff,H3,2025,9,0.7
882a148c41fffff,H3,2025,10,0.8
882a148c41fffff,H3,2025,11,0.9
882a148c41fffff,H3,2025,12,1.0
882a148c41fffff,H3,2025,13,1.1
882a148c41fffff,H3,2025,14,1.2
882a148c41fffff,H3,2025,15,1.5
882a148c41fffff,H3,2025,16,1.8
882a148c41fffff,H3,2025,17,2.4
882a148c41fffff,H3,2025,18,2.8
882a148c41fffff,H3,2025,19,3.1
882a148c41fffff,H3,2025,20,3.2
882a148c41fffff,H3,2025,21,3.1
882a148c41fffff,H3,2025,22,2.8
882a148c41fffff,H3,2025,23,2.5
882a149005fffff,H3,2025,0,1.9
882a149005fffff,H3,2025,1,1.7
882a149005fffff,H3,2025,2,1.5
882a149005fffff,H3,2025,3,1.2
882a149005fffff,H3,2025,4,1.1
882a149005fffff,H3,2025,5,1.0
882a149005fffff,H3,2025,6,0.9
882a149005fffff,H3,2025,7,0.8
882a149005fffff,H3,2025,8,0.7
882a149005fffff,H3,2025,9,0.7
882a149005fffff,H3,2025,10,0.7
882a149005fffff,H3,2025,11,0.8
882a149005fffff,H3,2025,12,0.9
882a149005fffff,H3,2025,13,1.0
882a149005fffff,H3,2025,14,1.1
882a149005fffff,H3,2025,15,1.4
882a149005fffff,H3,2025,16,1.7
882a149005fffff,H3,2025,17,2.2
882a149005fffff,H3,2025,18,2.5
882a149005fffff,H3,2025,19,2.7
882a149005fffff,H3,2025,20,2.8
882a149005fffff,H3,2025,21,2.7
882a149005fffff,H3,2025,22,2.6
882a149005fffff,H3,2025,23,2.3
882a149185fffff,H3,2025,0,7.4
882a149185fffff,H3,2025,1,6.5
882a149185fffff,H3,2025,2,5.7
882a149185fffff,H3,2025,3,5.1
882a149185fffff,H3,2025,4,4.7
882a149185fffff,H3,2025,5,4.2
882a149185fffff,H3,2025,6,3.8
882a149185fffff,H3,2025,7,3.0
882a149185fffff,H3,2025,8,2.5
882a149185fffff,H3,2025,9,2.4
882a149185fffff,H3,2025,10,2.6
882a149185fffff,H3,2025,11,3.0
882a149185fffff,H3,2025,12,3.4
882a149185fffff,H3,2025,13,3.8
882a149185fffff,H3,2025,14,4.2
882a149185fffff,H3,2025,15,5.0
882a149185fffff,H3,2025,16,6.2
882a149185fffff,H3,2025,17,8.2
882a149185fffff,H3,2025,18,9.5
882a149185fffff,H3,2025,19,10.3
882a149185fffff,H3,2025,20,10.8
882a149185fffff,H3,2025,21,10.6
882a149185fffff,H3,2025,22,9.8
882a149185fffff,H3,2025,23,8.8
882a14a85dfffff,H3,2025,0,10.2
882a14a85dfffff,H3,2025,1,9.0
882a14a85dfffff,H3,2025,2,7.8
882a14a85dfffff,H3,2025,3,7.0
882a14a85dfffff,H3,2025,4,6.4
882a14a85dfffff,H3,2025,5,5.8
882a14a85dfffff,H3,2025,6,5.1
882a14a85dfffff,H3,2025,7,4.1
882a14a85dfffff,H3,2025,8,3.4
882a14a85dfffff,H3,2025,9,3.3
882a14a85dfffff,H3,2025,10,3.5
882a14a85dfffff,H3,2025,11,4.1
882a14a85dfffff,H3,2025,12,4.7
882a14a85dfffff,H3,2025,13,5.2
882a14a85dfffff,H3,2025,14,5.9
882a14a85dfffff,H3,2025,15,6.8
882a14a85dfffff,H3,2025,16,8.5
882a14a85dfffff,H3,2025,17,11.2
882a14a85dfffff,H3,2025,18,13.2
882a14a85dfffff,H3,2025,19,14.2
882a14a85dfffff,H3,2025,20,14.8
882a14a85dfffff,H3,2025,21,14.5
882a14a85dfffff,H3,2025,22,13.5
882a14a85dfffff,H3,2025,23,12.0
882a14af3bfffff,H3,2025,0,2.2
882a14af3bfffff,H3,2025,1,1.8
882a14af3bfffff,H3,2025,2,1.6
882a14af3bfffff,H3,2025,3,1.5
882a14af3bfffff,H3,2025,4,1.4
882a14af3bfffff,H3,2025,5,1.2
882a14af3bfffff,H3,2025,6,1.0
882a14af3bfffff,H3,2025,7,0.9
882a14af3bfffff,H3,2025,8,0.7
882a14af3bfffff,H3,2025,9,0.7
882a14af3bfffff,H3,2025,10,0.8
882a14af3bfffff,H3,2025,11,0.9
882a14af3bfffff,H3,2025,12,1.0
882a14af3bfffff,H3,2025,13,1.1
882a14af3bfffff,H3,2025,14,1.2
882a14af3bfffff,H3,2025,15,1.5
882a14af3bfffff,H3,2025,16,1.8
882a14af3bfffff,H3,2025,17,2.4
882a14af3bfffff,H3,2025,18,2.7
882a14af3bfffff,H3,2025,19,3.0
882a14af3bfffff,H3,2025,20,3.1
882a14af3bfffff,H3,2025,21,3.1
882a14af3bfffff,H3,2025,22,2.8
882a14af3bfffff,H3,2025,23,2.5
882a14b9cbfffff,H3,2025,0,79.9
882a14b9cbfffff,H3,2025,1,70.0
882a14b9cbfffff,H3,2025,2,61.1
882a14b9cbfffff,H3,2025,3,55.0
882a14b9cbfffff,H3,2025,4,49.9
882a14b9cbfffff,H3,2025,5,45.2
882a14b9cbfffff,H3,2025,6,40.0
882a14b9cbfffff,H3,2025,7,31.8
882a14b9cbfffff,H3,2025,8,26.7
882a14b9cbfffff,H3,2025,9,25.7
882a14b9cbfffff,H3,2025,10,27.7
882a14b9cbfffff,H3,2025,11,31.8
882a14b9cbfffff,H3,2025,12,36.7
882a14b9cbfffff,H3,2025,13,40.8
882a14b9cbfffff,H3,2025,14,45.8
882a14b9cbfffff,H3,2025,15,53.8
882a14b9cbfffff,H3,2025,16,66.9
882a14b9cbfffff,H3,2025,17,87.8
882a14b9cbfffff,H3,2025,18,103.2
882a14b9cbfffff,H3,2025,19,111.0
882a14b9cbfffff,H3,2025,20,115.9
882a14b9cbfffff,H3,2025,21,113.5
882a14b9cbfffff,H3,2025,22,105.6
882a14b9cbfffff,H3,2025,23,94.1
882a14b9e9fffff,H3,2025,0,1.4
882a14b9e9fffff,H3,2025,1,1.2
882a14b9e9fffff,H3,2025,2,1.0
882a14b9e9fffff,H3,2025,3,0.9
882a14b9e9fffff,H3,2025,4,0.9
882a14b9e9fffff,H3,2025,5,0.8
882a14b9e9fffff,H3,2025,6,0.7
882a14b9e9fffff,H3,2025,7,0.6
882a14b9e9fffff,H3,2025,8,0.5
882a14b9e9fffff,H3,2025,9,0.5
882a14b9e9fffff,H3,2025,10,0.6
882a14b9e9fffff,H3,2025,11,0.6
882a14b9e9fffff,H3,2025,12,0.7
882a14b9e9fffff,H3,2025,13,0.8
882a14b9e9fffff,H3,2025,14,0.8
882a14b9e9fffff,H3,2025,15,1.0
882a14b9e9fffff,H3,2025,16,1.2
882a14b9e9fffff,H3,2025,17,1.6
882a14b9e9fffff,H3,2025,18,1.8
882a14b9e9fffff,H3,2025,19,2.0
882a14b9e9fffff,H3,2025,20,2.0
882a14b9e9fffff,H3,2025,21,2.0
882a14b9e9fffff,H3,2025,22,1.8
882a14b9e9fffff,H3,2025,23,1.7
882a154ee3fffff,H3,2025,0,4.3
882a154ee3fffff,H3,2025,1,3.8
882a154ee3fffff,H3,2025,2,3.2
882a154ee3fffff,H3,2025,3,2.8
882a154ee3fffff,H3,2025,4,2.6
882a154ee3fffff,H3,2025,5,2.4
882a154ee3fffff,H3,2025,6,2.3
882a154ee3fffff,H3,2025,7,1.8
882a154ee3fffff,H3,2025,8,1.6
882a154ee3fffff,H3,2025,9,1.6
882a154ee3fffff,H3,2025,10,1.7
882a154ee3fffff,H3,2025,11,1.9
882a154ee3fffff,H3,2025,12,2.3
882a154ee3fffff,H3,2025,13,2.5
882a154ee3fffff,H3,2025,14,2.7
882a154ee3fffff,H3,2025,15,3.3
882a154ee3fffff,H3,2025,16,4.1
882a154ee3fffff,H3,2025,17,5.3
882a154ee3fffff,H3,2025,18,6.1
882a154ee3fffff,H3,2025,19,6.5
882a154ee3fffff,H3,2025,20,6.6
882a154ee3fffff,H3,2025,21,6.4
882a154ee3fffff,H3,2025,22,5.9
882a154ee3fffff,H3,2025,23,5.1
882a162de9fffff,H3,2025,0,1.2
882a162de9fffff,H3,2025,1,1.1
882a162de9fffff,H3,2025,2,0.9
882a162de9fffff,H3,2025,3,0.9
882a162de9fffff,H3,2025,4,0.8
882a162de9fffff,H3,2025,5,0.7
882a162de9fffff,H3,2025,6,0.7
882a162de9fffff,H3,2025,7,0.5
882a162de9fffff,H3,2025,8,0.5
882a162de9fffff,H3,2025,9,0.5
882a162de9fffff,H3,2025,10,0.5
882a162de9fffff,H3,2025,11,0.5
882a162de9fffff,H3,2025,12,0.6
882a162de9fffff,H3,2025,13,0.7
882a162de9fffff,H3,2025,14,0.7
882a162de9fffff,H3,2025,15,0.9
882a162de9fffff,H3,2025,16,1.0
882a162de9fffff,H3,2025,17,1.4
882a162de9fffff,H3,2025,18,1.6
882a162de9fffff,H3,2025,19,1.7
882a162de9fffff,H3,2025,20,1.8
882a162de9fffff,H3,2025,21,1.8
882a162de9fffff,H3,2025,22,1.7
882a162de9fffff,H3,2025,23,1.5
882a1631a3fffff,H3,2025,0,1.2
882a1631a3fffff,H3,2025,1,1.1
882a1631a3fffff,H3,2025,2,1.0
882a1631a3fffff,H3,2025,3,0.9
882a1631a3fffff,H3,2025,4,0.8
882a1631a3fffff,H3,2025,5,0.7
882a1631a3fffff,H3,2025,6,0.7
882a1631a3fffff,H3,2025,7,0.6
882a1631a3fffff,H3,2025,8,0.5
882a1631a3fffff,H3,2025,9,0.5
882a1631a3fffff,H3,2025,10,0.5
882a1631a3fffff,H3,2025,11,0.6
882a1631a3fffff,H3,2025,12,0.6
882a1631a3fffff,H3,2025,13,0.7
882a1631a3fffff,H3,2025,14,0.8
882a1631a3fffff,H3,2025,15,0.9
882a1631a3fffff,H3,2025,16,1.0
882a1631a3fffff,H3,2025,17,1.4
882a1631a3fffff,H3,2025,18,1.7
882a1631a3fffff,H3,2025,19,1.8
882a1631a3fffff,H3,2025,20,1.8
882a1631a3fffff,H3,2025,21,1.8
882a1631a3fffff,H3,2025,22,1.7
882a1631a3fffff,H3,2025,23,1.5
882a163817fffff,H3,2025,0,2.5
882a163817fffff,H3,2025,1,2.2
882a163817fffff,H3,2025,2,1.9
882a163817fffff,H3,2025,3,1.7
882a163817fffff,H3,2025,4,1.6
882a163817fffff,H3,2025,5,1.4
882a163817fffff,H3,2025,6,1.2
882a163817fffff,H3,2025,7,1.0
882a163817fffff,H3,2025,8,0.8
882a163817fffff,H3,2025,9,0.8
882a163817fffff,H3,2025,10,0.9
882a163817fffff,H3,2025,11,1.0
882a163817fffff,H3,2025,12,1.1
882a163817fffff,H3,2025,13,1.2
882a163817fffff,H3,2025,14,1.5
882a163817fffff,H3,2025,15,1.7
882a163817fffff,H3,2025,16,2.2
882a163817fffff,H3,2025,17,2.7
882a163817fffff,H3,2025,18,3.3
882a163817fffff,H3,2025,19,3.5
882a163817fffff,H3,2025,20,3.6
882a163817fffff,H3,2025,21,3.5
882a163817fffff,H3,2025,22,3.3
882a163817fffff,H3,2025,23,3.0
882a164583fffff,H3,2025,0,1.8
882a164583fffff,H3,2025,1,1.6
882a164583fffff,H3,2025,2,1.4
882a164583fffff,H3,2025,3,1.2
882a164583fffff,H3,2025,4,1.1
882a164583fffff,H3,2025,5,1.0
882a164583fffff,H3,2025,6,0.9
882a164583fffff,H3,2025,7,0.8
882a164583fffff,H3,2025,8,0.6
882a164583fffff,H3,2025,9,0.6
882a164583fffff,H3,2025,10,0.7
882a164583fffff,H3,2025,11,0.7
882a164583fffff,H3,2025,12,0.8
882a164583fffff,H3,2025,13,0.9
882a164583fffff,H3,2025,14,1.0
882a164583fffff,H3,2025,15,1.2
882a164583fffff,H3,2025,16,1.6
882a164583fffff,H3,2025,17,2.0
882a164583fffff,H3,2025,18,2.4
882a164583fffff,H3,2025,19,2.5
882a164583fffff,H3,2025,20,2.7
882a164583fffff,H3,2025,21,2.6
882a164583fffff,H3,2025,22,2.4
882a164583fffff,H3,2025,23,2.2
882a16a29bfffff,H3,2025,0,1.1
882a16a29bfffff,H3,2025,1,1.0
882a16a29bfffff,H3,2025,2,0.9
882a16a29bfffff,H3,2025,3,0.8
882a16a29bfffff,H3,2025,4,0.7
882a16a29bfffff,H3,2025,5,0.7
882a16a29bfffff,H3,2025,6,0.6
882a16a29bfffff,H3,2025,7,0.5
882a16a29bfffff,H3,2025,8,0.5
882a16a29bfffff,H3,2025,9,0.5
882a16a29bfffff,H3,2025,10,0.5
882a16a29bfffff,H3,2025,11,0.6
882a16a29bfffff,H3,2025,12,0.6
882a16a29bfffff,H3,2025,13,0.7
882a16a29bfffff,H3,2025,14,0.8
882a16a29bfffff,H3,2025,15,0.9
882a16a29bfffff,H3,2025,16,1.1
882a16a29bfffff,H3,2025,17,1.4
882a16a29bfffff,H3,2025,18,1.6
882a16a29bfffff,H3,2025,19,1.7
882a16a29bfffff,H3,2025,20,1.8
882a16a29bfffff,H3,2025,21,1.7
882a16a29bfffff,H3,2025,22,1.6
882a16a29bfffff,H3,2025,23,1.4
882a16ae0bfffff,H3,2025,0,2.0
882a16ae0bfffff,H3,2025,1,1.7
882a16ae0bfffff,H3,2025,2,1.5
882a16ae0bfffff,H3,2025,3,1.4
882a16ae0bfffff,H3,2025,4,1.2
882a16ae0bfffff,H3,2025,5,1.1
882a16ae0bfffff,H3,2025,6,1.0
882a16ae0bfffff,H3,2025,7,0.8
882a16ae0bfffff,H3,2025,8,0.7
882a16ae0bfffff,H3,2025,9,0.7
882a16ae0bfffff,H3,2025,10,0.7
882a16ae0bfffff,H3,2025,11,0.8
882a16ae0bfffff,H3,2025,12,0.9
882a16ae0bfffff,H3,2025,13,1.0
882a16ae0bfffff,H3,2025,14,1.1
882a16ae0bfffff,H3,2025,15,1.4
882a16ae0bfffff,H3,2025,16,1.7
882a16ae0bfffff,H3,2025,17,2.2
882a16ae0bfffff,H3,2025,18,2.6
882a16ae0bfffff,H3,2025,19,2.8
882a16ae0bfffff,H3,2025,20,2.8
882a16ae0bfffff,H3,2025,21,2.8
882a16ae0bfffff,H3,2025,22,2.6
882a16ae0bfffff,H3,2025,23,2.4
882a30582bfffff,H3,2025,0,1.9
882a30582bfffff,H3,2025,1,1.6
882a30582bfffff,H3,2025,2,1.5
882a30582bfffff,H3,2025,3,1.2
882a30582bfffff,H3,2025,4,1.1
882a30582bfffff,H3,2025,5,1.0
882a30582bfffff,H3,2025,6,0.9
882a30582bfffff,H3,2025,7,0.8
882a30582bfffff,H3,2025,8,0.7
882a30582bfffff,H3,2025,9,0.6
882a30582bfffff,H3,2025,10,0.7
882a30582bfffff,H3,2025,11,0.8
882a30582bfffff,H3,2025,12,0.9
882a30582bfffff,H3,2025,13,0.9
882a30582bfffff,H3,2025,14,1.0
882a30582bfffff,H3,2025,15,1.2
882a30582bfffff,H3,2025,16,1.6
882a30582bfffff,H3,2025,17,2.0
882a30582bfffff,H3,2025,18,2.4
882a30582bfffff,H3,2025,19,2.6
882a30582bfffff,H3,2025,20,2.7
882a30582bfffff,H3,2025,21,2.7
882a30582bfffff,H3,2025,22,2.5
882a30582bfffff,H3,2025,23,2.2
882a305865fffff,H3,2025,0,2.2
882a305865fffff,H3,2025,1,1.9
882a305865fffff,H3,2025,2,1.6
882a305865fffff,H3,2025,3,1.5
882a305865fffff,H3,2025,4,1.4
882a305865fffff,H3,2025,5,1.2
882a305865fffff,H3,2025,6,1.0
882a305865fffff,H3,2025,7,0.9
882a305865fffff,H3,2025,8,0.8
882a305865fffff,H3,2025,9,0.7
882a305865fffff,H3,2025,10,0.8
882a305865fffff,H3,2025,11,0.9
882a305865fffff,H3,2025,12,1.0
882a305865fffff,H3,2025,13,1.1
882a305865fffff,H3,2025,14,1.2
882a305865fffff,H3,2025,15,1.5
882a305865fffff,H3,2025,16,1.8
882a305865fffff,H3,2025,17,2.4
882a305865fffff,H3,2025,18,2.8
882a305865fffff,H3,2025,19,3.1
882a305865fffff,H3,2025,20,3.2
882a305865fffff,H3,2025,21,3.1
882a305865fffff,H3,2025,22,2.8
882a305865fffff,H3,2025,23,2.5
882a30611bfffff,H3,2025,0,8.0
882a30611bfffff,H3,2025,1,6.9
882a30611bfffff,H3,2025,2,6.0
882a30611bfffff,H3,2025,3,5.5
882a30611bfffff,H3,2025,4,4.9
882a30611bfffff,H3,2025,5,4.4
882a30611bfffff,H3,2025,6,4.0
882a30611bfffff,H3,2025,7,3.3
882a30611bfffff,H3,2025,8,2.8
882a30611bfffff,H3,2025,9,2.7
882a30611bfffff,H3,2025,10,3.0
882a30611bfffff,H3,2025,11,3.3
882a30611bfffff,H3,2025,12,3.9
882a30611bfffff,H3,2025,13,4.3
882a30611bfffff,H3,2025,14,4.8
882a30611bfffff,H3,2025,15,5.7
882a30611bfffff,H3,2025,16,7.0
882a30611bfffff,H3,2025,17,9.1
882a30611bfffff,H3,2025,18,10.7
882a30611bfffff,H3,2025,19,11.4
882a30611bfffff,H3,2025,20,11.8
882a30611bfffff,H3,2025,21,11.5
882a30611bfffff,H3,2025,22,10.7
882a30611bfffff,H3,2025,23,9.4
882a30615bfffff,H3,2025,0,3.6
882a30615bfffff,H3,2025,1,3.2
882a30615bfffff,H3,2025,2,2.7
882a30615bfffff,H3,2025,3,2.4
882a30615bfffff,H3,2025,4,2.2
882a30615bfffff,H3,2025,5,1.9
882a30615bfffff,H3,2025,6,1.8
882a30615bfffff,H3,2025,7,1.5
882a30615bfffff,H3,2025,8,1.2
882a30615bfffff,H3,2025,9,1.2
882a30615bfffff,H3,2025,10,1.2
882a30615bfffff,H3,2025,11,1.5
882a30615bfffff,H3,2025,12,1.7
882a30615bfffff,H3,2025,13,1.9
882a30615bfffff,H3,2025,14,2.2
882a30615bfffff,H3,2025,15,2.5
882a30615bfffff,H3,2025,16,3.2
882a30615bfffff,H3,2025,17,4.1
882a30615bfffff,H3,2025,18,4.9
882a30615bfffff,H3,2025,19,5.5
882a30615bfffff,H3,2025,20,5.6
882a30615bfffff,H3,2025,21,5.5
882a30615bfffff,H3,2025,22,4.9
882a30615bfffff,H3,2025,23,4.3
882a306411fffff,H3,2025,0,1.2
882a306411fffff,H3,2025,1,1.0
882a306411fffff,H3,2025,2,0.9
882a306411fffff,H3,2025,3,0.8
882a306411fffff,H3,2025,4,0.7
882a306411fffff,H3,2025,5,0.7
882a306411fffff,H3,2025,6,0.6
882a306411fffff,H3,2025,7,0.6
882a306411fffff,H3,2025,8,0.5
882a306411fffff,H3,2025,9,0.6
882a306411fffff,H3,2025,10,0.6
882a306411fffff,H3,2025,11,0.7
882a306411fffff,H3,2025,12,0.7
882a306411fffff,H3,2025,13,0.8
882a306411fffff,H3,2025,14,0.9
882a306411fffff,H3,2025,15,1.0
882a306411fffff,H3,2025,16,1.2
882a306411fffff,H3,2025,17,1.5
882a306411fffff,H3,2025,18,1.7
882a306411fffff,H3,2025,19,1.8
882a306411fffff,H3,2025,20,1.8
882a306411fffff,H3,2025,21,1.8
882a306411fffff,H3,2025,22,1.6
882a306411fffff,H3,2025,23,1.5
882a306603fffff,H3,2025,0,69.2
882a306603fffff,H3,2025,0,17.3
882a306603fffff,H3,2025,1,60.7
882a306603fffff,H3,2025,1,15.1
882a306603fffff,H3,2025,2,53.0
882a306603fffff,H3,2025,2,13.2
882a306603fffff,H3,2025,3,47.7
882a306603fffff,H3,2025,3,11.9
882a306603fffff,H3,2025,4,43.2
882a306603fffff,H3,2025,4,10.8
882a306603fffff,H3,2025,5,39.2
882a306603fffff,H3,2025,5,9.8
882a306603fffff,H3,2025,6,34.7
882a306603fffff,H3,2025,6,8.6
882a306603fffff,H3,2025,7,27.6
882a306603fffff,H3,2025,7,6.9
882a306603fffff,H3,2025,8,23.2
882a306603fffff,H3,2025,8,5.8
882a306603fffff,H3,2025,9,22.3
882a306603fffff,H3,2025,9,5.6
882a306603fffff,H3,2025,10,24.0
882a306603fffff,H3,2025,10,6.0
882a306603fffff,H3,2025,11,27.5
882a306603fffff,H3,2025,11,6.8
882a306603fffff,H3,2025,12,31.8
882a306603fffff,H3,2025,12,8.0
882a306603fffff,H3,2025,13,35.3
882a306603fffff,H3,2025,13,8.9
882a306603fffff,H3,2025,14,39.7
882a306603fffff,H3,2025,14,9.9
882a306603fffff,H3,2025,15,46.6
882a306603fffff,H3,2025,15,11.6
882a306603fffff,H3,2025,16,58.0
882a306603fffff,H3,2025,16,14.5
882a306603fffff,H3,2025,17,76.1
882a306603fffff,H3,2025,17,19.0
882a306603fffff,H3,2025,18,89.4
882a306603fffff,H3,2025,18,22.3
882a306603fffff,H3,2025,19,96.1
882a306603fffff,H3,2025,19,24.0
882a306603fffff,H3,2025,20,100.3
882a306603fffff,H3,2025,20,25.1
882a306603fffff,H3,2025,21,98.3
882a306603fffff,H3,2025,21,24.5
882a306603fffff,H3,2025,22,91.5
882a306603fffff,H3,2025,22,22.8
882a306603fffff,H3,2025,23,81.6
882a306603fffff,H3,2025,23,20.3
882a30660bfffff,H3,2025,0,1.5
882a30660bfffff,H3,2025,1,1.2
882a30660bfffff,H3,2025,2,1.1
882a30660bfffff,H3,2025,3,1.0
882a30660bfffff,H3,2025,4,0.9
882a30660bfffff,H3,2025,5,0.8
882a30660bfffff,H3,2025,6,0.7
882a30660bfffff,H3,2025,7,0.6
882a30660bfffff,H3,2025,8,0.5
882a30660bfffff,H3,2025,9,0.5
882a30660bfffff,H3,2025,10,0.6
882a30660bfffff,H3,2025,11,0.6
882a30660bfffff,H3,2025,12,0.7
882a30660bfffff,H3,2025,13,0.8
882a30660bfffff,H3,2025,14,0.8
882a30660bfffff,H3,2025,15,1.0
882a30660bfffff,H3,2025,16,1.2
882a30660bfffff,H3,2025,17,1.6
882a30660bfffff,H3,2025,18,1.9
882a30660bfffff,H3,2025,19,2.0
882a30660bfffff,H3,2025,20,2.2
882a30660bfffff,H3,2025,21,2.0
882a30660bfffff,H3,2025,22,1.9
882a30660bfffff,H3,2025,23,1.7
882a30661bfffff,H3,2025,0,7.4
882a30661bfffff,H3,2025,1,6.5
882a30661bfffff,H3,2025,2,5.7
882a30661bfffff,H3,2025,3,5.1
882a30661bfffff,H3,2025,4,4.5
882a30661bfffff,H3,2025,5,4.2
882a30661bfffff,H3,2025,6,3.6
882a30661bfffff,H3,2025,7,3.0
882a30661bfffff,H3,2025,8,2.5
882a30661bfffff,H3,2025,9,2.4
882a30661bfffff,H3,2025,10,2.5
882a30661bfffff,H3,2025,11,3.0
882a30661bfffff,H3,2025,12,3.4
882a30661bfffff,H3,2025,13,3.8
882a30661bfffff,H3,2025,14,4.2
882a30661bfffff,H3,2025,15,5.0
882a30661bfffff,H3,2025,16,6.1
882a30661bfffff,H3,2025,17,8.1
882a30661bfffff,H3,2025,18,9.5
882a30661bfffff,H3,2025,19,10.2
882a30661bfffff,H3,2025,20,10.7
882a30661bfffff,H3,2025,21,10.5
882a30661bfffff,H3,2025,22,9.8
882a30661bfffff,H3,2025,23,8.6
882a306659fffff,H3,2025,0,1.8
882a306659fffff,H3,2025,1,1.6
882a306659fffff,H3,2025,2,1.4
882a306659fffff,H3,2025,3,1.2
882a306659fffff,H3,2025,4,1.1
882a306659fffff,H3,2025,5,1.0
882a306659fffff,H3,2025,6,0.9
882a306659fffff,H3,2025,7,0.7
882a306659fffff,H3,2025,8,0.6
882a306659fffff,H3,2025,9,0.6
882a306659fffff,H3,2025,10,0.6
882a306659fffff,H3,2025,11,0.7
882a306659fffff,H3,2025,12,0.8
882a306659fffff,H3,2025,13,0.9
882a306659fffff,H3,2025,14,1.0
882a306659fffff,H3,2025,15,1.2
882a306659fffff,H3,2025,16,1.5
882a306659fffff,H3,2025,17,1.9
882a306659fffff,H3,2025,18,2.3
882a306659fffff,H3,2025,19,2.5
882a306659fffff,H3,2025,20,2.6
882a306659fffff,H3,2025,21,2.5
882a306659fffff,H3,2025,22,2.4
882a306659fffff,H3,2025,23,2.0
882a30d585fffff,H3,2025,0,1.6
882a30d585fffff,H3,2025,1,1.5
882a30d585fffff,H3,2025,2,1.2
882a30d585fffff,H3,2025,3,1.1
882a30d585fffff,H3,2025,4,1.0
882a30d585fffff,H3,2025,5,0.9
882a30d585fffff,H3,2025,6,0.8
882a30d585fffff,H3,2025,7,0.7
882a30d585fffff,H3,2025,8,0.6
882a30d585fffff,H3,2025,9,0.6
882a30d585fffff,H3,2025,10,0.6
882a30d585fffff,H3,2025,11,0.7
882a30d585fffff,H3,2025,12,0.8
882a30d585fffff,H3,2025,13,0.9
882a30d585fffff,H3,2025,14,0.9
882a30d585fffff,H3,2025,15,1.1
882a30d585fffff,H3,2025,16,1.4
882a30d585fffff,H3,2025,17,1.8
882a30d585fffff,H3,2025,18,2.2
882a30d585fffff,H3,2025,19,2.3
882a30d585fffff,H3,2025,20,2.4
882a30d585fffff,H3,2025,21,2.4
882a30d585fffff,H3,2025,22,2.2
882a30d585fffff,H3,2025,23,1.9
882a30d5bdfffff,H3,2025,0,12.0
882a30d5bdfffff,H3,2025,1,10.5
882a30d5bdfffff,H3,2025,2,9.1
882a30d5bdfffff,H3,2025,3,8.2
882a30d5bdfffff,H3,2025,4,7.4
882a30d5bdfffff,H3,2025,5,6.7
882a30d5bdfffff,H3,2025,6,6.0
882a30d5bdfffff,H3,2025,7,4.9
882a30d5bdfffff,H3,2025,8,4.2
882a30d5bdfffff,H3,2025,9,4.0
882a30d5bdfffff,H3,2025,10,4.3
882a30d5bdfffff,H3,2025,11,5.0
882a30d5bdfffff,H3,2025,12,5.8
882a30d5bdfffff,H3,2025,13,6.5
882a30d5bdfffff,H3,2025,14,7.2
882a30d5bdfffff,H3,2025,15,8.5
882a30d5bdfffff,H3,2025,16,10.6
882a30d5bdfffff,H3,2025,17,13.8
882a30d5bdfffff,H3,2025,18,16.0
882a30d5bdfffff,H3,2025,19,17.2
882a30d5bdfffff,H3,2025,20,17.7
882a30d5bdfffff,H3,2025,21,17.3
882a30d5bdfffff,H3,2025,22,16.0
882a30d5bdfffff,H3,2025,23,14.2
882a317aa5fffff,H3,2025,0,4.0
882a317aa5fffff,H3,2025,1,3.4
882a317aa5fffff,H3,2025,2,3.0
882a317aa5fffff,H3,2025,3,2.6
882a317aa5fffff,H3,2025,4,2.4
882a317aa5fffff,H3,2025,5,2.2
882a317aa5fffff,H3,2025,6,2.0
882a317aa5fffff,H3,2025,7,1.6
882a317aa5fffff,H3,2025,8,1.4
882a317aa5fffff,H3,2025,9,1.4
882a317aa5fffff,H3,2025,10,1.5
882a317aa5fffff,H3,2025,11,1.6
882a317aa5fffff,H3,2025,12,1.9
882a317aa5fffff,H3,2025,13,2.2
882a317aa5fffff,H3,2025,14,2.4
882a317aa5fffff,H3,2025,15,2.8
882a317aa5fffff,H3,2025,16,3.5
882a317aa5fffff,H3,2025,17,4.5
882a317aa5fffff,H3,2025,18,5.3
882a317aa5fffff,H3,2025,19,5.7
882a317aa5fffff,H3,2025,20,5.9
882a317aa5fffff,H3,2025,21,5.7
882a317aa5fffff,H3,2025,22,5.2
882a317aa5fffff,H3,2025,23,4.7
882a32654bfffff,H3,2025,0,5.1
882a32654bfffff,H3,2025,1,4.4
882a32654bfffff,H3,2025,2,3.9
882a32654bfffff,H3,2025,3,3.4
882a32654bfffff,H3,2025,4,3.2
882a32654bfffff,H3,2025,5,2.8
882a32654bfffff,H3,2025,6,2.6
882a32654bfffff,H3,2025,7,2.2
882a32654bfffff,H3,2025,8,1.8
882a32654bfffff,H3,2025,9,1.8
882a32654bfffff,H3,2025,10,1.9
882a32654bfffff,H3,2025,11,2.2
882a32654bfffff,H3,2025,12,2.5
882a32654bfffff,H3,2025,13,2.8
882a32654bfffff,H3,2025,14,3.2
882a32654bfffff,H3,2025,15,3.8
882a32654bfffff,H3,2025,16,4.5
882a32654bfffff,H3,2025,17,5.9
882a32654bfffff,H3,2025,18,6.9
882a32654bfffff,H3,2025,19,7.4
882a32654bfffff,H3,2025,20,7.6
882a32654bfffff,H3,2025,21,7.4
882a32654bfffff,H3,2025,22,6.8
882a32654bfffff,H3,2025,23,6.0
882a32665dfffff,H3,2025,0,2.2
882a32665dfffff,H3,2025,1,1.9
882a32665dfffff,H3,2025,2,1.7
882a32665dfffff,H3,2025,3,1.5
882a32665dfffff,H3,2025,4,1.4
882a32665dfffff,H3,2025,5,1.2
882a32665dfffff,H3,2025,6,1.1
882a32665dfffff,H3,2025,7,0.9
882a32665dfffff,H3,2025,8,0.7
882a32665dfffff,H3,2025,9,0.7
882a32665dfffff,H3,2025,10,0.8
882a32665dfffff,H3,2025,11,0.9
882a32665dfffff,H3,2025,12,1.0
882a32665dfffff,H3,2025,13,1.1
882a32665dfffff,H3,2025,14,1.2
882a32665dfffff,H3,2025,15,1.5
882a32665dfffff,H3,2025,16,1.8
882a32665dfffff,H3,2025,17,2.4
882a32665dfffff,H3,2025,18,2.8
882a32665dfffff,H3,2025,19,3.1
882a32665dfffff,H3,2025,20,3.2
882a32665dfffff,H3,2025,21,3.1
882a32665dfffff,H3,2025,22,2.8
882a32665dfffff,H3,2025,23,2.6
882a3274abfffff,H3,2025,0,1.2
882a3274abfffff,H3,2025,1,1.1
882a3274abfffff,H3,2025,2,0.9
882a3274abfffff,H3,2025,3,0.9
882a3274abfffff,H3,2025,4,0.8
882a3274abfffff,H3,2025,5,0.7
882a3274abfffff,H3,2025,6,0.7
882a3274abfffff,H3,2025,7,0.5
882a3274abfffff,H3,2025,8,0.5
882a3274abfffff,H3,2025,9,0.5
882a3274abfffff,H3,2025,10,0.5
882a3274abfffff,H3,2025,11,0.5
882a3274abfffff,H3,2025,12,0.6
882a3274abfffff,H3,2025,13,0.7
882a3274abfffff,H3,2025,14,0.7
882a3274abfffff,H3,2025,15,0.9
882a3274abfffff,H3,2025,16,1.0
882a3274abfffff,H3,2025,17,1.4
882a3274abfffff,H3,2025,18,1.6
882a3274abfffff,H3,2025,19,1.8
882a3274abfffff,H3,2025,20,1.8
882a3274abfffff,H3,2025,21,1.8
882a3274abfffff,H3,2025,22,1.7
882a3274abfffff,H3,2025,23,1.5
882a32b4edfffff,H3,2025,0,2.6
882a32b4edfffff,H3,2025,1,2.3
882a32b4edfffff,H3,2025,2,1.9
882a32b4edfffff,H3,2025,3,1.7
882a32b4edfffff,H3,2025,4,1.6
882a32b4edfffff,H3,2025,5,1.5
882a32b4edfffff,H3,2025,6,1.4
882a32b4edfffff,H3,2025,7,1.0
882a32b4edfffff,H3,2025,8,0.9
882a32b4edfffff,H3,2025,9,0.9
882a32b4edfffff,H3,2025,10,0.9
882a32b4edfffff,H3,2025,11,1.1
882a32b4edfffff,H3,2025,12,1.2
882a32b4edfffff,H3,2025,13,1.5
882a32b4edfffff,H3,2025,14,1.6
882a32b4edfffff,H3,2025,15,1.8
882a32b4edfffff,H3,2025,16,2.4
882a32b4edfffff,H3,2025,17,3.1
882a32b4edfffff,H3,2025,18,3.5
882a32b4edfffff,H3,2025,19,3.8
882a32b4edfffff,H3,2025,20,3.9
882a32b4edfffff,H3,2025,21,3.8
882a32b4edfffff,H3,2025,22,3.4
882a32b4edfffff,H3,2025,23,3.1
882a32b595fffff,H3,2025,0,3.5
882a32b595fffff,H3,2025,1,3.1
882a32b595fffff,H3,2025,2,2.6
882a32b595fffff,H3,2025,3,2.4
882a32b595fffff,H3,2025,4,2.2
882a32b595fffff,H3,2025,5,1.9
882a32b595fffff,H3,2025,6,1.8
882a32b595fffff,H3,2025,7,1.4
882a32b595fffff,H3,2025,8,1.2
882a32b595fffff,H3,2025,9,1.1
882a32b595fffff,H3,2025,10,1.2
882a32b595fffff,H3,2025,11,1.5
882a32b595fffff,H3,2025,12,1.7
882a32b595fffff,H3,2025,13,1.8
882a32b595fffff,H3,2025,14,2.0
882a32b595fffff,H3,2025,15,2.4
882a32b595fffff,H3,2025,16,3.1
882a32b595fffff,H3,2025,17,4.0
882a32b595fffff,H3,2025,18,4.7
882a32b595fffff,H3,2025,19,5.0
882a32b595fffff,H3,2025,20,5.1
882a32b595fffff,H3,2025,21,5.0
882a32b595fffff,H3,2025,22,4.7
882a32b595fffff,H3,2025,23,4.1
882a33041dfffff,H3,2025,0,2.2
882a33041dfffff,H3,2025,1,1.8
882a33041dfffff,H3,2025,2,1.6
882a33041dfffff,H3,2025,3,1.5
882a33041dfffff,H3,2025,4,1.2
882a33041dfffff,H3,2025,5,1.1
882a33041dfffff,H3,2025,6,1.0
882a33041dfffff,H3,2025,7,0.9
882a33041dfffff,H3,2025,8,0.8
882a33041dfffff,H3,2025,9,0.8
882a33041dfffff,H3,2025,10,0.8
882a33041dfffff,H3,2025,11,0.9
882a33041dfffff,H3,2025,12,1.0
882a33041dfffff,H3,2025,13,1.1
882a33041dfffff,H3,2025,14,1.2
882a33041dfffff,H3,2025,15,1.5
882a33041dfffff,H3,2025,16,1.8
882a33041dfffff,H3,2025,17,2.4
882a33041dfffff,H3,2025,18,2.8
882a33041dfffff,H3,2025,19,3.1
882a33041dfffff,H3,2025,20,3.2
882a33041dfffff,H3,2025,21,3.1
882a33041dfffff,H3,2025,22,2.8
882a33041dfffff,H3,2025,23,2.5
882a331543fffff,H3,2025,0,10.8
882a331543fffff,H3,2025,1,9.5
882a331543fffff,H3,2025,2,8.3
882a331543fffff,H3,2025,3,7.5
882a331543fffff,H3,2025,4,6.8
882a331543fffff,H3,2025,5,6.1
882a331543fffff,H3,2025,6,5.5
882a331543fffff,H3,2025,7,4.3
882a331543fffff,H3,2025,8,3.6
882a331543fffff,H3,2025,9,3.5
882a331543fffff,H3,2025,10,3.8
882a331543fffff,H3,2025,11,4.3
882a331543fffff,H3,2025,12,5.0
882a331543fffff,H3,2025,13,5.6
882a331543fffff,H3,2025,14,6.2
882a331543fffff,H3,2025,15,7.3
882a331543fffff,H3,2025,16,9.1
882a331543fffff,H3,2025,17,11.9
882a331543fffff,H3,2025,18,14.1
882a331543fffff,H3,2025,19,15.1
882a331543fffff,H3,2025,20,15.8
882a331543fffff,H3,2025,21,15.5
882a331543fffff,H3,2025,22,14.3
882a331543fffff,H3,2025,23,12.7
882a331547fffff,H3,2025,0,3.2
882a331547fffff,H3,2025,1,2.8
882a331547fffff,H3,2025,2,2.4
882a331547fffff,H3,2025,3,2.2
882a331547fffff,H3,2025,4,2.0
882a331547fffff,H3,2025,5,1.8
882a331547fffff,H3,2025,6,1.6
882a331547fffff,H3,2025,7,1.2
882a331547fffff,H3,2025,8,1.0
882a331547fffff,H3,2025,9,1.0
882a331547fffff,H3,2025,10,1.1
882a331547fffff,H3,2025,11,1.2
882a331547fffff,H3,2025,12,1.5
882a331547fffff,H3,2025,13,1.6
882a331547fffff,H3,2025,14,1.8
882a331547fffff,H3,2025,15,2.2
882a331547fffff,H3,2025,16,2.7
882a331547fffff,H3,2025,17,3.5
882a331547fffff,H3,2025,18,4.1
882a331547fffff,H3,2025,19,4.4
882a331547fffff,H3,2025,20,4.7
882a331547fffff,H3,2025,21,4.5
882a331547fffff,H3,2025,22,4.2
882a331547fffff,H3,2025,23,3.8
882a331557fffff,H3,2025,0,2.4
882a331557fffff,H3,2025,1,2.0
882a331557fffff,H3,2025,2,1.8
882a331557fffff,H3,2025,3,1.6
882a331557fffff,H3,2025,4,1.5
882a331557fffff,H3,2025,5,1.4
882a331557fffff,H3,2025,6,1.2
882a331557fffff,H3,2025,7,0.9
882a331557fffff,H3,2025,8,0.8
882a331557fffff,H3,2025,9,0.8
882a331557fffff,H3,2025,10,0.8
882a331557fffff,H3,2025,11,0.9
882a331557fffff,H3,2025,12,1.1
882a331557fffff,H3,2025,13,1.2
882a331557fffff,H3,2025,14,1.4
882a331557fffff,H3,2025,15,1.6
882a331557fffff,H3,2025,16,2.0
882a331557fffff,H3,2025,17,2.6
882a331557fffff,H3,2025,18,3.1
882a331557fffff,H3,2025,19,3.3
882a331557fffff,H3,2025,20,3.4
882a331557fffff,H3,2025,21,3.4
882a331557fffff,H3,2025,22,3.2
882a331557fffff,H3,2025,23,2.8
882a3330d9fffff,H3,2025,0,1.5
882a3330d9fffff,H3,2025,1,1.2
882a3330d9fffff,H3,2025,2,1.1
882a3330d9fffff,H3,2025,3,1.0
882a3330d9fffff,H3,2025,4,0.9
882a3330d9fffff,H3,2025,5,0.8
882a3330d9fffff,H3,2025,6,0.8
882a3330d9fffff,H3,2025,7,0.6
882a3330d9fffff,H3,2025,8,0.6
882a3330d9fffff,H3,2025,9,0.5
882a3330d9fffff,H3,2025,10,0.6
882a3330d9fffff,H3,2025,11,0.7
882a3330d9fffff,H3,2025,12,0.7
882a3330d9fffff,H3,2025,13,0.8
882a3330d9fffff,H3,2025,14,0.9
882a3330d9fffff,H3,2025,15,1.0
882a3330d9fffff,H3,2025,16,1.4
882a3330d9fffff,H3,2025,17,1.7
882a3330d9fffff,H3,2025,18,2.0
882a3330d9fffff,H3,2025,19,2.2
882a3330d9fffff,H3,2025,20,2.3
882a3330d9fffff,H3,2025,21,2.2
882a3330d9fffff,H3,2025,22,2.0
882a3330d9fffff,H3,2025,23,1.8
882a3332a7fffff,H3,2025,0,8.3
882a3332a7fffff,H3,2025,1,7.3
882a3332a7fffff,H3,2025,2,6.2
882a3332a7fffff,H3,2025,3,5.7
882a3332a7fffff,H3,2025,4,5.1
882a3332a7fffff,H3,2025,5,4.7
882a3332a7fffff,H3,2025,6,4.2
882a3332a7fffff,H3,2025,7,3.4
882a3332a7fffff,H3,2025,8,2.8
882a3332a7fffff,H3,2025,9,2.7
882a3332a7fffff,H3,2025,10,3.0
882a3332a7fffff,H3,2025,11,3.4
882a3332a7fffff,H3,2025,12,4.0
882a3332a7fffff,H3,2025,13,4.4
882a3332a7fffff,H3,2025,14,5.0
882a3332a7fffff,H3,2025,15,5.8
882a3332a7fffff,H3,2025,16,7.3
882a3332a7fffff,H3,2025,17,9.4
882a3332a7fffff,H3,2025,18,11.0
882a3332a7fffff,H3,2025,19,11.8
882a3332a7fffff,H3,2025,20,12.3
882a3332a7fffff,H3,2025,21,11.9
882a3332a7fffff,H3,2025,22,11.0
882a3332a7fffff,H3,2025,23,9.8
882a3332adfffff,H3,2025,0,2.2
882a3332adfffff,H3,2025,1,1.9
882a3332adfffff,H3,2025,2,1.6
882a3332adfffff,H3,2025,3,1.5
882a3332adfffff,H3,2025,4,1.4
882a3332adfffff,H3,2025,5,1.2
882a3332adfffff,H3,2025,6,1.1
882a3332adfffff,H3,2025,7,0.9
882a3332adfffff,H3,2025,8,0.8
882a3332adfffff,H3,2025,9,0.8
882a3332adfffff,H3,2025,10,0.9
882a3332adfffff,H3,2025,11,1.0
882a3332adfffff,H3,2025,12,1.1
882a3332adfffff,H3,2025,13,1.4
882a3332adfffff,H3,2025,14,1.5
882a3332adfffff,H3,2025,15,1.7
882a3332adfffff,H3,2025,16,2.2
882a3332adfffff,H3,2025,17,2.7
882a3332adfffff,H3,2025,18,3.2
882a3332adfffff,H3,2025,19,3.3
882a3332adfffff,H3,2025,20,3.4
882a3332adfffff,H3,2025,21,3.3
882a3332adfffff,H3,2025,22,3.0
882a3332adfffff,H3,2025,23,2.6
882a334c25fffff,H3,2025,0,2.0
882a334c25fffff,H3,2025,1,1.8
882a334c25fffff,H3,2025,2,1.6
882a334c25fffff,H3,2025,3,1.5
882a334c25fffff,H3,2025,4,1.2
882a334c25fffff,H3,2025,5,1.1
882a334c25fffff,H3,2025,6,1.0
882a334c25fffff,H3,2025,7,0.8
882a334c25fffff,H3,2025,8,0.7
882a334c25fffff,H3,2025,9,0.7
882a334c25fffff,H3,2025,10,0.7
882a334c25fffff,H3,2025,11,0.8
882a334c25fffff,H3,2025,12,0.9
882a334c25fffff,H3,2025,13,1.0
882a334c25fffff,H3,2025,14,1.1
882a334c25fffff,H3,2025,15,1.4
882a334c25fffff,H3,2025,16,1.7
882a334c25fffff,H3,2025,17,2.3
882a334c25fffff,H3,2025,18,2.7
882a334c25fffff,H3,2025,19,2.8
882a334c25fffff,H3,2025,20,3.0
882a334c25fffff,H3,2025,21,3.0
882a334c25fffff,H3,2025,22,2.7
882a334c25fffff,H3,2025,23,2.4
882a336c0bfffff,H3,2025,0,2.4
882a336c0bfffff,H3,2025,1,2.0
882a336c0bfffff,H3,2025,2,1.8
882a336c0bfffff,H3,2025,3,1.6
882a336c0bfffff,H3,2025,4,1.4
882a336c0bfffff,H3,2025,5,1.4
882a336c0bfffff,H3,2025,6,1.2
882a336c0bfffff,H3,2025,7,1.0
882a336c0bfffff,H3,2025,8,0.9
882a336c0bfffff,H3,2025,9,0.9
882a336c0bfffff,H3,2025,10,0.9
882a336c0bfffff,H3,2025,11,1.1
882a336c0bfffff,H3,2025,12,1.2
882a336c0bfffff,H3,2025,13,1.5
882a336c0bfffff,H3,2025,14,1.6
882a336c0bfffff,H3,2025,15,1.9
882a336c0bfffff,H3,2025,16,2.4
882a336c0bfffff,H3,2025,17,3.1
882a336c0bfffff,H3,2025,18,3.4
882a336c0bfffff,H3,2025,19,3.6
882a336c0bfffff,H3,2025,20,3.8
882a336c0bfffff,H3,2025,21,3.5
882a336c0bfffff,H3,2025,22,3.3
882a336c0bfffff,H3,2025,23,2.8
882a336c85fffff,H3,2025,0,1.6
882a336c85fffff,H3,2025,1,1.4
882a336c85fffff,H3,2025,2,1.2
882a336c85fffff,H3,2025,3,1.0
882a336c85fffff,H3,2025,4,0.9
882a336c85fffff,H3,2025,5,0.9
882a336c85fffff,H3,2025,6,0.8
882a336c85fffff,H3,2025,7,0.7
882a336c85fffff,H3,2025,8,0.6
882a336c85fffff,H3,2025,9,0.6
882a336c85fffff,H3,2025,10,0.6
882a336c85fffff,H3,2025,11,0.7
882a336c85fffff,H3,2025,12,0.8
882a336c85fffff,H3,2025,13,0.9
882a336c85fffff,H3,2025,14,1.0
882a336c85fffff,H3,2025,15,1.1
882a336c85fffff,H3,2025,16,1.5
882a336c85fffff,H3,2025,17,1.9
882a336c85fffff,H3,2025,18,2.2
882a336c85fffff,H3,2025,19,2.3
882a336c85fffff,H3,2025,20,2.4
882a336c85fffff,H3,2025,21,2.3
882a336c85fffff,H3,2025,22,2.2
882a336c85fffff,H3,2025,23,1.8
882a336c89fffff,H3,2025,0,8.0
882a336c89fffff,H3,2025,1,6.9
882a336c89fffff,H3,2025,2,5.9
882a336c89fffff,H3,2025,3,5.3
882a336c89fffff,H3,2025,4,4.8
882a336c89fffff,H3,2025,5,4.4
882a336c89fffff,H3,2025,6,4.0
882a336c89fffff,H3,2025,7,3.3
882a336c89fffff,H3,2025,8,2.8
882a336c89fffff,H3,2025,9,2.7
882a336c89fffff,H3,2025,10,3.0
882a336c89fffff,H3,2025,11,3.4
882a336c89fffff,H3,2025,12,4.0
882a336c89fffff,H3,2025,13,4.4
882a336c89fffff,H3,2025,14,4.9
882a336c89fffff,H3,2025,15,5.8
882a336c89fffff,H3,2025,16,7.3
882a336c89fffff,H3,2025,17,9.3
882a336c89fffff,H3,2025,18,10.8
882a336c89fffff,H3,2025,19,11.6
882a336c89fffff,H3,2025,20,11.9
882a336c89fffff,H3,2025,21,11.6
882a336c89fffff,H3,2025,22,10.7
882a336c89fffff,H3,2025,23,9.3
882a338469fffff,H3,2025,0,17.2
882a338469fffff,H3,2025,1,15.1
882a338469fffff,H3,2025,2,13.2
882a338469fffff,H3,2025,3,11.8
882a338469fffff,H3,2025,4,10.7
882a338469fffff,H3,2025,5,9.8
882a338469fffff,H3,2025,6,8.6
882a338469fffff,H3,2025,7,6.9
882a338469fffff,H3,2025,8,5.9
882a338469fffff,H3,2025,9,5.7
882a338469fffff,H3,2025,10,6.1
882a338469fffff,H3,2025,11,6.9
882a338469fffff,H3,2025,12,8.1
882a338469fffff,H3,2025,13,9.0
882a338469fffff,H3,2025,14,10.0
882a338469fffff,H3,2025,15,11.8
882a338469fffff,H3,2025,16,14.8
882a338469fffff,H3,2025,17,19.3
882a338469fffff,H3,2025,18,22.6
882a338469fffff,H3,2025,19,24.2
882a338469fffff,H3,2025,20,25.2
882a338469fffff,H3,2025,21,24.7
882a338469fffff,H3,2025,22,22.8
882a338469fffff,H3,2025,23,20.3
882a339537fffff,H3,2025,0,2.8
882a339537fffff,H3,2025,1,2.5
882a339537fffff,H3,2025,2,2.2
882a339537fffff,H3,2025,3,1.9
882a339537fffff,H3,2025,4,1.8
882a339537fffff,H3,2025,5,1.6
882a339537fffff,H3,2025,6,1.5
882a339537fffff,H3,2025,7,1.1
882a339537fffff,H3,2025,8,0.9
882a339537fffff,H3,2025,9,0.9
882a339537fffff,H3,2025,10,1.0
882a339537fffff,H3,2025,11,1.1
882a339537fffff,H3,2025,12,1.4
882a339537fffff,H3,2025,13,1.5
882a339537fffff,H3,2025,14,1.7
882a339537fffff,H3,2025,15,1.9
882a339537fffff,H3,2025,16,2.4
882a339537fffff,H3,2025,17,3.2
882a339537fffff,H3,2025,18,3.8
882a339537fffff,H3,2025,19,4.0
882a339537fffff,H3,2025,20,4.2
882a339537fffff,H3,2025,21,4.1
882a339537fffff,H3,2025,22,3.9
882a339537fffff,H3,2025,23,3.4
882a33d047fffff,H3,2025,0,2.5
882a33d047fffff,H3,2025,1,2.2
882a33d047fffff,H3,2025,2,1.9
882a33d047fffff,H3,2025,3,1.7
882a33d047fffff,H3,2025,4,1.6
882a33d047fffff,H3,2025,5,1.5
882a33d047fffff,H3,2025,6,1.2
882a33d047fffff,H3,2025,7,1.0
882a33d047fffff,H3,2025,8,0.9
882a33d047fffff,H3,2025,9,0.8
882a33d047fffff,H3,2025,10,0.9
882a33d047fffff,H3,2025,11,1.0
882a33d047fffff,H3,2025,12,1.1
882a33d047fffff,H3,2025,13,1.2
882a33d047fffff,H3,2025,14,1.5
882a33d047fffff,H3,2025,15,1.7
882a33d047fffff,H3,2025,16,2.2
882a33d047fffff,H3,2025,17,2.8
882a33d047fffff,H3,2025,18,3.3
882a33d047fffff,H3,2025,19,3.5
882a33d047fffff,H3,2025,20,3.6
882a33d047fffff,H3,2025,21,3.6
882a33d047fffff,H3,2025,22,3.3
882a33d047fffff,H3,2025,23,3.0
882a33d1edfffff,H3,2025,0,1.7
882a33d1edfffff,H3,2025,1,1.5
882a33d1edfffff,H3,2025,2,1.2
882a33d1edfffff,H3,2025,3,1.1
882a33d1edfffff,H3,2025,4,1.0
882a33d1edfffff,H3,2025,5,0.9
882a33d1edfffff,H3,2025,6,0.9
882a33d1edfffff,H3,2025,7,0.7
882a33d1edfffff,H3,2025,8,0.6
882a33d1edfffff,H3,2025,9,0.6
882a33d1edfffff,H3,2025,10,0.6
882a33d1edfffff,H3,2025,11,0.7
882a33d1edfffff,H3,2025,12,0.8
882a33d1edfffff,H3,2025,13,0.9
882a33d1edfffff,H3,2025,14,1.0
882a33d1edfffff,H3,2025,15,1.2
882a33d1edfffff,H3,2025,16,1.5
882a33d1edfffff,H3,2025,17,1.9
882a33d1edfffff,H3,2025,18,2.3
882a33d1edfffff,H3,2025,19,2.4
882a33d1edfffff,H3,2025,20,2.5
882a33d1edfffff,H3,2025,21,2.4
882a33d1edfffff,H3,2025,22,2.3
882a33d1edfffff,H3,2025,23,1.9
882a33d837fffff,H3,2025,0,1.7
882a33d837fffff,H3,2025,1,1.6
882a33d837fffff,H3,2025,2,1.4
882a33d837fffff,H3,2025,3,1.2
882a33d837fffff,H3,2025,4,1.1
882a33d837fffff,H3,2025,5,1.0
882a33d837fffff,H3,2025,6,0.9
882a33d837fffff,H3,2025,7,0.7
882a33d837fffff,H3,2025,8,0.6
882a33d837fffff,H3,2025,9,0.6
882a33d837fffff,H3,2025,10,0.6
882a33d837fffff,H3,2025,11,0.7
882a33d837fffff,H3,2025,12,0.8
882a33d837fffff,H3,2025,13,0.9
882a33d837fffff,H3,2025,14,1.0
882a33d837fffff,H3,2025,15,1.1
882a33d837fffff,H3,2025,16,1.5
882a33d837fffff,H3,2025,17,1.9
882a33d837fffff,H3,2025,18,2.3
882a33d837fffff,H3,2025,19,2.4
882a33d837fffff,H3,2025,20,2.5
882a33d837fffff,H3,2025,21,2.5
882a33d837fffff,H3,2025,22,2.3
882a33d837fffff,H3,2025,23,2.0
882a340823fffff,H3,2025,0,1.9
882a340823fffff,H3,2025,1,1.7
882a340823fffff,H3,2025,2,1.5
882a340823fffff,H3,2025,3,1.4
882a340823fffff,H3,2025,4,1.2
882a340823fffff,H3,2025,5,1.1
882a340823fffff,H3,2025,6,0.9
882a340823fffff,H3,2025,7,0.8
882a340823fffff,H3,2025,8,0.7
882a340823fffff,H3,2025,9,0.7
882a340823fffff,H3,2025,10,0.7
882a340823fffff,H3,2025,11,0.8
882a340823fffff,H3,2025,12,0.9
882a340823fffff,H3,2025,13,1.0
882a340823fffff,H3,2025,14,1.1
882a340823fffff,H3,2025,15,1.2
882a340823fffff,H3,2025,16,1.6
882a340823fffff,H3,2025,17,2.2
882a340823fffff,H3,2025,18,2.5
882a340823fffff,H3,2025,19,2.7
882a340823fffff,H3,2025,20,2.8
882a340823fffff,H3,2025,21,2.7
882a340823fffff,H3,2025,22,2.5
882a340823fffff,H3,2025,23,2.3
882a340919fffff,H3,2025,0,2.2
882a340919fffff,H3,2025,1,1.9
882a340919fffff,H3,2025,2,1.7
882a340919fffff,H3,2025,3,1.5
882a340919fffff,H3,2025,4,1.4
882a340919fffff,H3,2025,5,1.2
882a340919fffff,H3,2025,6,1.1
882a340919fffff,H3,2025,7,0.9
882a340919fffff,H3,2025,8,0.7
882a340919fffff,H3,2025,9,0.7
882a340919fffff,H3,2025,10,0.8
882a340919fffff,H3,2025,11,0.9
882a340919fffff,H3,2025,12,1.0
882a340919fffff,H3,2025,13,1.1
882a340919fffff,H3,2025,14,1.2
882a340919fffff,H3,2025,15,1.5
882a340919fffff,H3,2025,16,1.8
882a340919fffff,H3,2025,17,2.4
882a340919fffff,H3,2025,18,2.8
882a340919fffff,H3,2025,19,3.1
882a340919fffff,H3,2025,20,3.2
882a340919fffff,H3,2025,21,3.1
882a340919fffff,H3,2025,22,2.8
882a340919fffff,H3,2025,23,2.5
882a361b55fffff,H3,2025,0,2.0
882a361b55fffff,H3,2025,1,1.8
882a361b55fffff,H3,2025,2,1.6
882a361b55fffff,H3,2025,3,1.4
882a361b55fffff,H3,2025,4,1.2
882a361b55fffff,H3,2025,5,1.1
882a361b55fffff,H3,2025,6,1.0
882a361b55fffff,H3,2025,7,0.8
882a361b55fffff,H3,2025,8,0.7
882a361b55fffff,H3,2025,9,0.7
882a361b55fffff,H3,2025,10,0.7
882a361b55fffff,H3,2025,11,0.8
882a361b55fffff,H3,2025,12,0.9
882a361b55fffff,H3,2025,13,1.0
882a361b55fffff,H3,2025,14,1.2
882a361b55fffff,H3,2025,15,1.4
882a361b55fffff,H3,2025,16,1.8
882a361b55fffff,H3,2025,17,2.3
882a361b55fffff,H3,2025,18,2.7
882a361b55fffff,H3,2025,19,2.8
882a361b55fffff,H3,2025,20,3.0
882a361b55fffff,H3,2025,21,3.0
882a361b55fffff,H3,2025,22,2.7
882a361b55fffff,H3,2025,23,2.4
882a362f41fffff,H3,2025,0,1.9
882a362f41fffff,H3,2025,1,1.7
882a362f41fffff,H3,2025,2,1.5
882a362f41fffff,H3,2025,3,1.4
882a362f41fffff,H3,2025,4,1.2
882a362f41fffff,H3,2025,5,1.1
882a362f41fffff,H3,2025,6,1.0
882a362f41fffff,H3,2025,7,0.8
882a362f41fffff,H3,2025,8,0.8
882a362f41fffff,H3,2025,9,0.8
882a362f41fffff,H3,2025,10,0.8
882a362f41fffff,H3,2025,11,0.9
882a362f41fffff,H3,2025,12,1.0
882a362f41fffff,H3,2025,13,1.1
882a362f41fffff,H3,2025,14,1.2
882a362f41fffff,H3,2025,15,1.5
882a362f41fffff,H3,2025,16,1.8
882a362f41fffff,H3,2025,17,2.3
882a362f41fffff,H3,2025,18,2.7
882a362f41fffff,H3,2025,19,2.8
882a362f41fffff,H3,2025,20,3.0
882a362f41fffff,H3,2025,21,2.8
882a362f41fffff,H3,2025,22,2.6
882a362f41fffff,H3,2025,23,2.3
882a362f49fffff,H3,2025,0,4.9
882a362f49fffff,H3,2025,1,4.3
882a362f49fffff,H3,2025,2,3.8
882a362f49fffff,H3,2025,3,3.4
882a362f49fffff,H3,2025,4,3.1
882a362f49fffff,H3,2025,5,2.7
882a362f49fffff,H3,2025,6,2.4
882a362f49fffff,H3,2025,7,1.9
882a362f49fffff,H3,2025,8,1.6
882a362f49fffff,H3,2025,9,1.6
882a362f49fffff,H3,2025,10,1.7
882a362f49fffff,H3,2025,11,1.9
882a362f49fffff,H3,2025,12,2.3
882a362f49fffff,H3,2025,13,2.5
882a362f49fffff,H3,2025,14,2.8
882a362f49fffff,H3,2025,15,3.3
882a362f49fffff,H3,2025,16,4.1
882a362f49fffff,H3,2025,17,5.3
882a362f49fffff,H3,2025,18,6.4
882a362f49fffff,H3,2025,19,6.8
882a362f49fffff,H3,2025,20,7.0
882a362f49fffff,H3,2025,21,6.9
882a362f49fffff,H3,2025,22,6.5
882a362f49fffff,H3,2025,23,5.7
882a364d35fffff,H3,2025,0,2.8
882a364d35fffff,H3,2025,1,2.5
882a364d35fffff,H3,2025,2,2.2
882a364d35fffff,H3,2025,3,1.9
882a364d35fffff,H3,2025,4,1.7
882a364d35fffff,H3,2025,5,1.6
882a364d35fffff,H3,2025,6,1.5
882a364d35fffff,H3,2025,7,1.2
882a364d35fffff,H3,2025,8,1.0
882a364d35fffff,H3,2025,9,1.0
882a364d35fffff,H3,2025,10,1.1
882a364d35fffff,H3,2025,11,1.2
882a364d35fffff,H3,2025,12,1.5
882a364d35fffff,H3,2025,13,1.6
882a364d35fffff,H3,2025,14,1.8
882a364d35fffff,H3,2025,15,2.2
882a364d35fffff,H3,2025,16,2.7
882a364d35fffff,H3,2025,17,3.4
882a364d35fffff,H3,2025,18,4.0
882a364d35fffff,H3,2025,19,4.2
882a364d35fffff,H3,2025,20,4.3
882a364d35fffff,H3,2025,21,4.2
882a364d35fffff,H3,2025,22,3.9
882a364d35fffff,H3,2025,23,3.4
882a8016e5fffff,H3,2025,0,3.0
882a8016e5fffff,H3,2025,1,2.6
882a8016e5fffff,H3,2025,2,2.3
882a8016e5fffff,H3,2025,3,2.0
882a8016e5fffff,H3,2025,4,1.8
882a8016e5fffff,H3,2025,5,1.7
882a8016e5fffff,H3,2025,6,1.5
882a8016e5fffff,H3,2025,7,1.2
882a8016e5fffff,H3,2025,8,1.0
882a8016e5fffff,H3,2025,9,0.9
882a8016e5fffff,H3,2025,10,1.0
882a8016e5fffff,H3,2025,11,1.2
882a8016e5fffff,H3,2025,12,1.4
882a8016e5fffff,H3,2025,13,1.6
882a8016e5fffff,H3,2025,14,1.7
882a8016e5fffff,H3,2025,15,2.0
882a8016e5fffff,H3,2025,16,2.5
882a8016e5fffff,H3,2025,17,3.3
882a8016e5fffff,H3,2025,18,3.9
882a8016e5fffff,H3,2025,19,4.2
882a8016e5fffff,H3,2025,20,4.3
882a8016e5fffff,H3,2025,21,4.3
882a8016e5fffff,H3,2025,22,4.0
882a8016e5fffff,H3,2025,23,3.5
882a807483fffff,H3,2025,0,7.7
882a807483fffff,H3,2025,1,6.7
882a807483fffff,H3,2025,2,5.8
882a807483fffff,H3,2025,3,5.2
882a807483fffff,H3,2025,4,4.8
882a807483fffff,H3,2025,5,4.3
882a807483fffff,H3,2025,6,3.9
882a807483fffff,H3,2025,7,3.2
882a807483fffff,H3,2025,8,2.7
882a807483fffff,H3,2025,9,2.6
882a807483fffff,H3,2025,10,2.8
882a807483fffff,H3,2025,11,3.2
882a807483fffff,H3,2025,12,3.8
882a807483fffff,H3,2025,13,4.1
882a807483fffff,H3,2025,14,4.5
882a807483fffff,H3,2025,15,5.3
882a807483fffff,H3,2025,16,6.7
882a807483fffff,H3,2025,17,8.8
882a807483fffff,H3,2025,18,10.2
882a807483fffff,H3,2025,19,10.9
882a807483fffff,H3,2025,20,11.4
882a807483fffff,H3,2025,21,11.0
882a807483fffff,H3,2025,22,10.2
882a807483fffff,H3,2025,23,9.1
882a80b067fffff,H3,2025,0,4.4
882a80b067fffff,H3,2025,1,3.9
882a80b067fffff,H3,2025,2,3.4
882a80b067fffff,H3,2025,3,3.1
882a80b067fffff,H3,2025,4,2.7
882a80b067fffff,H3,2025,5,2.5
882a80b067fffff,H3,2025,6,2.3
882a80b067fffff,H3,2025,7,1.8
882a80b067fffff,H3,2025,8,1.6
882a80b067fffff,H3,2025,9,1.5
882a80b067fffff,H3,2025,10,1.6
882a80b067fffff,H3,2025,11,1.8
882a80b067fffff,H3,2025,12,2.2
882a80b067fffff,H3,2025,13,2.4
882a80b067fffff,H3,2025,14,2.6
882a80b067fffff,H3,2025,15,3.1
882a80b067fffff,H3,2025,16,3.9
882a80b067fffff,H3,2025,17,5.1
882a80b067fffff,H3,2025,18,5.9
882a80b067fffff,H3,2025,19,6.4
882a80b067fffff,H3,2025,20,6.6
882a80b067fffff,H3,2025,21,6.4
882a80b067fffff,H3,2025,22,5.9
882a80b067fffff,H3,2025,23,5.2
882a814267fffff,H3,2025,0,2.7
882a814267fffff,H3,2025,1,2.4
882a814267fffff,H3,2025,2,2.2
882a814267fffff,H3,2025,3,1.9
882a814267fffff,H3,2025,4,1.7
882a814267fffff,H3,2025,5,1.6
882a814267fffff,H3,2025,6,1.4
882a814267fffff,H3,2025,7,1.1
882a814267fffff,H3,2025,8,0.9
882a814267fffff,H3,2025,9,0.9
882a814267fffff,H3,2025,10,1.0
882a814267fffff,H3,2025,11,1.1
882a814267fffff,H3,2025,12,1.4
882a814267fffff,H3,2025,13,1.5
882a814267fffff,H3,2025,14,1.6
882a814267fffff,H3,2025,15,1.9
882a814267fffff,H3,2025,16,2.4
882a814267fffff,H3,2025,17,3.2
882a814267fffff,H3,2025,18,3.6
882a814267fffff,H3,2025,19,4.0
882a814267fffff,H3,2025,20,4.1
882a814267fffff,H3,2025,21,4.0
882a814267fffff,H3,2025,22,3.6
882a814267fffff,H3,2025,23,3.3
882a824f13fffff,H3,2025,0,1.2
882a824f13fffff,H3,2025,1,1.1
882a824f13fffff,H3,2025,2,1.0
882a824f13fffff,H3,2025,3,0.9
882a824f13fffff,H3,2025,4,0.8
882a824f13fffff,H3,2025,5,0.7
882a824f13fffff,H3,2025,6,0.7
882a824f13fffff,H3,2025,7,0.6
882a824f13fffff,H3,2025,8,0.5
882a824f13fffff,H3,2025,9,0.5
882a824f13fffff,H3,2025,10,0.5
882a824f13fffff,H3,2025,11,0.6
882a824f13fffff,H3,2025,12,0.6
882a824f13fffff,H3,2025,13,0.7
882a824f13fffff,H3,2025,14,0.8
882a824f13fffff,H3,2025,15,0.9
882a824f13fffff,H3,2025,16,1.1
882a824f13fffff,H3,2025,17,1.5
882a824f13fffff,H3,2025,18,1.7
882a824f13fffff,H3,2025,19,1.8
882a824f13fffff,H3,2025,20,1.8
882a824f13fffff,H3,2025,21,1.8
882a824f13fffff,H3,2025,22,1.7
882a824f13fffff,H3,2025,23,1.5
882a83c55bfffff,H3,2025,0,1.6
882a83c55bfffff,H3,2025,1,1.4
882a83c55bfffff,H3,2025,2,1.2
882a83c55bfffff,H3,2025,3,1.1
882a83c55bfffff,H3,2025,4,1.0
882a83c55bfffff,H3,2025,5,0.9
882a83c55bfffff,H3,2025,6,0.8
882a83c55bfffff,H3,2025,7,0.7
882a83c55bfffff,H3,2025,8,0.6
882a83c55bfffff,H3,2025,9,0.6
882a83c55bfffff,H3,2025,10,0.6
882a83c55bfffff,H3,2025,11,0.7
882a83c55bfffff,H3,2025,12,0.8
882a83c55bfffff,H3,2025,13,0.9
882a83c55bfffff,H3,2025,14,0.9
882a83c55bfffff,H3,2025,15,1.1
882a83c55bfffff,H3,2025,16,1.5
882a83c55bfffff,H3,2025,17,1.8
882a83c55bfffff,H3,2025,18,2.2
882a83c55bfffff,H3,2025,19,2.3
882a83c55bfffff,H3,2025,20,2.4
882a83c55bfffff,H3,2025,21,2.3
882a83c55bfffff,H3,2025,22,2.2
882a83c55bfffff,H3,2025,23,1.9
882a840983fffff,H3,2025,0,1.6
882a840983fffff,H3,2025,1,1.4
882a840983fffff,H3,2025,2,1.1
882a840983fffff,H3,2025,3,1.0
882a840983fffff,H3,2025,4,0.9
882a840983fffff,H3,2025,5,0.9
882a840983fffff,H3,2025,6,0.8
882a840983fffff,H3,2025,7,0.7
882a840983fffff,H3,2025,8,0.6
882a840983fffff,H3,2025,9,0.6
882a840983fffff,H3,2025,10,0.6
882a840983fffff,H3,2025,11,0.7
882a840983fffff,H3,2025,12,0.7
882a840983fffff,H3,2025,13,0.8
882a840983fffff,H3,2025,14,0.9
882a840983fffff,H3,2025,15,1.0
882a840983fffff,H3,2025,16,1.4
882a840983fffff,H3,2025,17,1.7
882a840983fffff,H3,2025,18,2.0
882a840983fffff,H3,2025,19,2.2
882a840983fffff,H3,2025,20,2.3
882a840983fffff,H3,2025,21,2.3
882a840983fffff,H3,2025,22,2.0
882a840983fffff,H3,2025,23,1.8
882a840985fffff,H3,2025,0,3.5
882a840985fffff,H3,2025,1,3.1
882a840985fffff,H3,2025,2,2.6
882a840985fffff,H3,2025,3,2.4
882a840985fffff,H3,2025,4,2.2
882a840985fffff,H3,2025,5,1.9
882a840985fffff,H3,2025,6,1.8
882a840985fffff,H3,2025,7,1.6
882a840985fffff,H3,2025,8,1.4
882a840985fffff,H3,2025,9,1.4
882a840985fffff,H3,2025,10,1.5
882a840985fffff,H3,2025,11,1.7
882a840985fffff,H3,2025,12,1.9
882a840985fffff,H3,2025,13,2.2
882a840985fffff,H3,2025,14,2.4
882a840985fffff,H3,2025,15,2.8
882a840985fffff,H3,2025,16,3.5
882a840985fffff,H3,2025,17,4.5
882a840985fffff,H3,2025,18,5.2
882a840985fffff,H3,2025,19,5.5
882a840985fffff,H3,2025,20,5.6
882a840985fffff,H3,2025,21,5.3
882a840985fffff,H3,2025,22,4.9
882a840985fffff,H3,2025,23,4.2
882a840c35fffff,H3,2025,0,1.6
882a840c35fffff,H3,2025,1,1.5
882a840c35fffff,H3,2025,2,1.2
882a840c35fffff,H3,2025,3,1.1
882a840c35fffff,H3,2025,4,1.0
882a840c35fffff,H3,2025,5,0.9
882a840c35fffff,H3,2025,6,0.8
882a840c35fffff,H3,2025,7,0.7
882a840c35fffff,H3,2025,8,0.6
882a840c35fffff,H3,2025,9,0.6
882a840c35fffff,H3,2025,10,0.6
882a840c35fffff,H3,2025,11,0.7
882a840c35fffff,H3,2025,12,0.8
882a840c35fffff,H3,2025,13,0.8
882a840c35fffff,H3,2025,14,0.9
882a840c35fffff,H3,2025,15,1.1
882a840c35fffff,H3,2025,16,1.4
882a840c35fffff,H3,2025,17,1.8
882a840c35fffff,H3,2025,18,2.2
882a840c35fffff,H3,2025,19,2.3
882a840c35fffff,H3,2025,20,2.4
882a840c35fffff,H3,2025,21,2.3
882a840c35fffff,H3,2025,22,2.2
882a840c35fffff,H3,2025,23,1.9
882a844581fffff,H3,2025,0,5.3
882a844581fffff,H3,2025,1,4.8
882a844581fffff,H3,2025,2,4.1
882a844581fffff,H3,2025,3,3.6
882a844581fffff,H3,2025,4,3.3
882a844581fffff,H3,2025,5,3.1
882a844581fffff,H3,2025,6,2.7
882a844581fffff,H3,2025,7,2.2
882a844581fffff,H3,2025,8,1.8
882a844581fffff,H3,2025,9,1.8
882a844581fffff,H3,2025,10,1.9
882a844581fffff,H3,2025,11,2.2
882a844581fffff,H3,2025,12,2.5
882a844581fffff,H3,2025,13,2.8
882a844581fffff,H3,2025,14,3.2
882a844581fffff,H3,2025,15,3.6
882a844581fffff,H3,2025,16,4.5
882a844581fffff,H3,2025,17,6.0
882a844581fffff,H3,2025,18,7.0
882a844581fffff,H3,2025,19,7.6
882a844581fffff,H3,2025,20,7.8
882a844581fffff,H3,2025,21,7.7
882a844581fffff,H3,2025,22,7.2
882a844581fffff,H3,2025,23,6.4
882a8470d1fffff,H3,2025,0,3.1
882a8470d1fffff,H3,2025,1,2.6
882a8470d1fffff,H3,2025,2,2.3
882a8470d1fffff,H3,2025,3,2.0
882a8470d1fffff,H3,2025,4,1.9
882a8470d1fffff,H3,2025,5,1.7
882a8470d1fffff,H3,2025,6,1.6
882a8470d1fffff,H3,2025,7,1.2
882a8470d1fffff,H3,2025,8,1.0
882a8470d1fffff,H3,2025,9,1.0
882a8470d1fffff,H3,2025,10,1.0
882a8470d1fffff,H3,2025,11,1.2
882a8470d1fffff,H3,2025,12,1.5
882a8470d1fffff,H3,2025,13,1.6
882a8470d1fffff,H3,2025,14,1.8
882a8470d1fffff,H3,2025,15,2.2
882a8470d1fffff,H3,2025,16,2.6
882a8470d1fffff,H3,2025,17,3.4
882a8470d1fffff,H3,2025,18,4.0
882a8470d1fffff,H3,2025,19,4.3
882a8470d1fffff,H3,2025,20,4.4
882a8470d1fffff,H3,2025,21,4.3
882a8470d1fffff,H3,2025,22,4.0
882a8470d1fffff,H3,2025,23,3.5
882a847145fffff,H3,2025,0,1.5
882a847145fffff,H3,2025,1,1.2
882a847145fffff,H3,2025,2,1.1
882a847145fffff,H3,2025,3,1.0
882a847145fffff,H3,2025,4,0.9
882a847145fffff,H3,2025,5,0.8
882a847145fffff,H3,2025,6,0.7
882a847145fffff,H3,2025,7,0.6
882a847145fffff,H3,2025,8,0.5
882a847145fffff,H3,2025,9,0.5
882a847145fffff,H3,2025,10,0.5
882a847145fffff,H3,2025,11,0.6
882a847145fffff,H3,2025,12,0.7
882a847145fffff,H3,2025,13,0.8
882a847145fffff,H3,2025,14,0.8
882a847145fffff,H3,2025,15,1.0
882a847145fffff,H3,2025,16,1.2
882a847145fffff,H3,2025,17,1.6
882a847145fffff,H3,2025,18,1.8
882a847145fffff,H3,2025,19,2.0
882a847145fffff,H3,2025,20,2.0
882a847145fffff,H3,2025,21,2.0
882a847145fffff,H3,2025,22,1.9
882a847145fffff,H3,2025,23,1.7
882a847323fffff,H3,2025,0,14.9
882a847323fffff,H3,2025,1,13.0
882a847323fffff,H3,2025,2,11.4
882a847323fffff,H3,2025,3,10.2
882a847323fffff,H3,2025,4,9.2
882a847323fffff,H3,2025,5,8.4
882a847323fffff,H3,2025,6,7.4
882a847323fffff,H3,2025,7,5.9
882a847323fffff,H3,2025,8,5.0
882a847323fffff,H3,2025,9,4.8
882a847323fffff,H3,2025,10,5.1
882a847323fffff,H3,2025,11,5.9
882a847323fffff,H3,2025,12,6.8
882a847323fffff,H3,2025,13,7.6
882a847323fffff,H3,2025,14,8.5
882a847323fffff,H3,2025,15,10.0
882a847323fffff,H3,2025,16,12.4
882a847323fffff,H3,2025,17,16.4
882a847323fffff,H3,2025,18,19.2
882a847323fffff,H3,2025,19,20.6
882a847323fffff,H3,2025,20,21.5
882a847323fffff,H3,2025,21,21.1
882a847323fffff,H3,2025,22,19.5
882a847323fffff,H3,2025,23,17.5
882a847339fffff,H3,2025,0,1.9
882a847339fffff,H3,2025,0,0.0
882a847339fffff,H3,2025,1,1.7
882a847339fffff,H3,2025,1,0.0
882a847339fffff,H3,2025,2,1.5
882a847339fffff,H3,2025,2,0.0
882a847339fffff,H3,2025,3,1.4
882a847339fffff,H3,2025,3,0.0
882a847339fffff,H3,2025,4,1.2
882a847339fffff,H3,2025,4,0.0
882a847339fffff,H3,2025,5,1.1
882a847339fffff,H3,2025,5,0.0
882a847339fffff,H3,2025,6,0.9
882a847339fffff,H3,2025,6,0.0
882a847339fffff,H3,2025,7,0.8
882a847339fffff,H3,2025,7,0.0
882a847339fffff,H3,2025,8,0.7
882a847339fffff,H3,2025,8,0.0
882a847339fffff,H3,2025,9,0.7
882a847339fffff,H3,2025,9,0.0
882a847339fffff,H3,2025,10,0.7
882a847339fffff,H3,2025,10,0.0
882a847339fffff,H3,2025,11,0.8
882a847339fffff,H3,2025,11,0.0
882a847339fffff,H3,2025,12,0.9
882a847339fffff,H3,2025,12,0.0
882a847339fffff,H3,2025,13,1.0
882a847339fffff,H3,2025,13,0.0
882a847339fffff,H3,2025,14,1.1
882a847339fffff,H3,2025,14,0.0
882a847339fffff,H3,2025,15,1.4
882a847339fffff,H3,2025,15,0.0
882a847339fffff,H3,2025,16,1.6
882a847339fffff,H3,2025,16,0.0
882a847339fffff,H3,2025,17,2.2
882a847339fffff,H3,2025,17,0.0
882a847339fffff,H3,2025,18,2.5
882a847339fffff,H3,2025,18,0.0
882a847339fffff,H3,2025,19,2.7
882a847339fffff,H3,2025,19,0.0
882a847339fffff,H3,2025,20,2.8
882a847339fffff,H3,2025,20,0.0
882a847339fffff,H3,2025,21,2.7
882a847339fffff,H3,2025,21,0.0
882a847339fffff,H3,2025,22,2.5
882a847339fffff,H3,2025,22,0.0
882a847339fffff,H3,2025,23,2.3
882a847339fffff,H3,2025,23,0.0
882a84733dfffff,H3,2025,0,5.5
882a84733dfffff,H3,2025,1,4.8
882a84733dfffff,H3,2025,2,4.2
882a84733dfffff,H3,2025,3,3.8
882a84733dfffff,H3,2025,4,3.4
882a84733dfffff,H3,2025,5,3.1
882a84733dfffff,H3,2025,6,2.7
882a84733dfffff,H3,2025,7,2.2
882a84733dfffff,H3,2025,8,1.8
882a84733dfffff,H3,2025,9,1.8
882a84733dfffff,H3,2025,10,1.9
882a84733dfffff,H3,2025,11,2.2
882a84733dfffff,H3,2025,12,2.5
882a84733dfffff,H3,2025,13,2.8
882a84733dfffff,H3,2025,14,3.2
882a84733dfffff,H3,2025,15,3.6
882a84733dfffff,H3,2025,16,4.5
882a84733dfffff,H3,2025,17,6.0
882a84733dfffff,H3,2025,18,7.0
882a84733dfffff,H3,2025,19,7.6
882a84733dfffff,H3,2025,20,8.0
882a84733dfffff,H3,2025,21,7.7
882a84733dfffff,H3,2025,22,7.3
882a84733dfffff,H3,2025,23,6.5
882a847ae9fffff,H3,2025,0,1.4
882a847ae9fffff,H3,2025,1,1.2
882a847ae9fffff,H3,2025,2,1.1
882a847ae9fffff,H3,2025,3,1.0
882a847ae9fffff,H3,2025,4,0.9
882a847ae9fffff,H3,2025,5,0.8
882a847ae9fffff,H3,2025,6,0.7
882a847ae9fffff,H3,2025,7,0.6
882a847ae9fffff,H3,2025,8,0.5
882a847ae9fffff,H3,2025,9,0.5
882a847ae9fffff,H3,2025,10,0.5
882a847ae9fffff,H3,2025,11,0.6
882a847ae9fffff,H3,2025,12,0.7
882a847ae9fffff,H3,2025,13,0.7
882a847ae9fffff,H3,2025,14,0.8
882a847ae9fffff,H3,2025,15,0.9
882a847ae9fffff,H3,2025,16,1.2
882a847ae9fffff,H3,2025,17,1.6
882a847ae9fffff,H3,2025,18,1.8
882a847ae9fffff,H3,2025,19,1.9
882a847ae9fffff,H3,2025,20,2.0
882a847ae9fffff,H3,2025,21,2.0
882a847ae9fffff,H3,2025,22,1.8
882a847ae9fffff,H3,2025,23,1.7
882a84cf55fffff,H3,2025,0,3.1
882a84cf55fffff,H3,2025,1,2.7
882a84cf55fffff,H3,2025,2,2.3
882a84cf55fffff,H3,2025,3,2.0
882a84cf55fffff,H3,2025,4,1.9
882a84cf55fffff,H3,2025,5,1.7
882a84cf55fffff,H3,2025,6,1.6
882a84cf55fffff,H3,2025,7,1.2
882a84cf55fffff,H3,2025,8,1.0
882a84cf55fffff,H3,2025,9,1.0
882a84cf55fffff,H3,2025,10,1.1
882a84cf55fffff,H3,2025,11,1.2
882a84cf55fffff,H3,2025,12,1.5
882a84cf55fffff,H3,2025,13,1.6
882a84cf55fffff,H3,2025,14,1.8
882a84cf55fffff,H3,2025,15,2.2
882a84cf55fffff,H3,2025,16,2.6
882a84cf55fffff,H3,2025,17,3.4
882a84cf55fffff,H3,2025,18,4.1
882a84cf55fffff,H3,2025,19,4.3
882a84cf55fffff,H3,2025,20,4.5
882a84cf55fffff,H3,2025,21,4.4
882a84cf55fffff,H3,2025,22,4.1
882a84cf55fffff,H3,2025,23,3.6
882a8500b9fffff,H3,2025,0,1.6
882a8500b9fffff,H3,2025,1,1.4
882a8500b9fffff,H3,2025,2,1.2
882a8500b9fffff,H3,2025,3,1.1
882a8500b9fffff,H3,2025,4,1.0
882a8500b9fffff,H3,2025,5,0.9
882a8500b9fffff,H3,2025,6,0.8
882a8500b9fffff,H3,2025,7,0.7
882a8500b9fffff,H3,2025,8,0.6
882a8500b9fffff,H3,2025,9,0.6
882a8500b9fffff,H3,2025,10,0.6
882a8500b9fffff,H3,2025,11,0.7
882a8500b9fffff,H3,2025,12,0.8
882a8500b9fffff,H3,2025,13,0.8
882a8500b9fffff,H3,2025,14,0.9
882a8500b9fffff,H3,2025,15,1.1
882a8500b9fffff,H3,2025,16,1.4
882a8500b9fffff,H3,2025,17,1.8
882a8500b9fffff,H3,2025,18,2.2
882a8500b9fffff,H3,2025,19,2.3
882a8500b9fffff,H3,2025,20,2.4
882a8500b9fffff,H3,2025,21,2.3
882a8500b9fffff,H3,2025,22,2.2
882a8500b9fffff,H3,2025,23,1.9
882a863431fffff,H3,2025,0,1.4
882a863431fffff,H3,2025,1,1.1
882a863431fffff,H3,2025,2,1.0
882a863431fffff,H3,2025,3,0.9
882a863431fffff,H3,2025,4,0.8
882a863431fffff,H3,2025,5,0.8
882a863431fffff,H3,2025,6,0.7
882a863431fffff,H3,2025,7,0.6
882a863431fffff,H3,2025,8,0.5
882a863431fffff,H3,2025,9,0.5
882a863431fffff,H3,2025,10,0.5
882a863431fffff,H3,2025,11,0.6
882a863431fffff,H3,2025,12,0.7
882a863431fffff,H3,2025,13,0.7
882a863431fffff,H3,2025,14,0.8
882a863431fffff,H3,2025,15,0.9
882a863431fffff,H3,2025,16,1.1
882a863431fffff,H3,2025,17,1.5
882a863431fffff,H3,2025,18,1.7
882a863431fffff,H3,2025,19,1.8
882a863431fffff,H3,2025,20,1.9
882a863431fffff,H3,2025,21,1.9
882a863431fffff,H3,2025,22,1.8
882a863431fffff,H3,2025,23,1.6
882a868323fffff,H3,2025,0,2.2
882a868323fffff,H3,2025,1,1.8
882a868323fffff,H3,2025,2,1.6
882a868323fffff,H3,2025,3,1.5
882a868323fffff,H3,2025,4,1.4
882a868323fffff,H3,2025,5,1.2
882a868323fffff,H3,2025,6,1.1
882a868323fffff,H3,2025,7,0.9
882a868323fffff,H3,2025,8,0.8
882a868323fffff,H3,2025,9,0.7
882a868323fffff,H3,2025,10,0.8
882a868323fffff,H3,2025,11,0.9
882a868323fffff,H3,2025,12,1.0
882a868323fffff,H3,2025,13,1.1
882a868323fffff,H3,2025,14,1.2
882a868323fffff,H3,2025,15,1.5
882a868323fffff,H3,2025,16,1.9
882a868323fffff,H3,2025,17,2.5
882a868323fffff,H3,2025,18,2.8
882a868323fffff,H3,2025,19,3.1
882a868323fffff,H3,2025,20,3.2
882a868323fffff,H3,2025,21,3.1
882a868323fffff,H3,2025,22,2.8
882a868323fffff,H3,2025,23,2.5
882a896511fffff,H3,2025,0,5.9
882a896511fffff,H3,2025,1,5.2
882a896511fffff,H3,2025,2,4.5
882a896511fffff,H3,2025,3,4.1
882a896511fffff,H3,2025,4,3.8
882a896511fffff,H3,2025,5,3.4
882a896511fffff,H3,2025,6,3.0
882a896511fffff,H3,2025,7,2.4
882a896511fffff,H3,2025,8,2.0
882a896511fffff,H3,2025,9,1.9
882a896511fffff,H3,2025,10,2.0
882a896511fffff,H3,2025,11,2.4
882a896511fffff,H3,2025,12,2.7
882a896511fffff,H3,2025,13,3.1
882a896511fffff,H3,2025,14,3.4
882a896511fffff,H3,2025,15,4.0
882a896511fffff,H3,2025,16,5.0
882a896511fffff,H3,2025,17,6.6
882a896511fffff,H3,2025,18,7.7
882a896511fffff,H3,2025,19,8.3
882a896511fffff,H3,2025,20,8.6
882a896511fffff,H3,2025,21,8.5
882a896511fffff,H3,2025,22,7.8
882a896511fffff,H3,2025,23,7.0
882a8965c9fffff,H3,2025,0,2.4
882a8965c9fffff,H3,2025,1,2.0
882a8965c9fffff,H3,2025,2,1.8
882a8965c9fffff,H3,2025,3,1.6
882a8965c9fffff,H3,2025,4,1.5
882a8965c9fffff,H3,2025,5,1.4
882a8965c9fffff,H3,2025,6,1.1
882a8965c9fffff,H3,2025,7,0.9
882a8965c9fffff,H3,2025,8,0.8
882a8965c9fffff,H3,2025,9,0.8
882a8965c9fffff,H3,2025,10,0.8
882a8965c9fffff,H3,2025,11,0.9
882a8965c9fffff,H3,2025,12,1.1
882a8965c9fffff,H3,2025,13,1.2
882a8965c9fffff,H3,2025,14,1.4
882a8965c9fffff,H3,2025,15,1.6
882a8965c9fffff,H3,2025,16,2.0
882a8965c9fffff,H3,2025,17,2.6
882a8965c9fffff,H3,2025,18,3.1
882a8965c9fffff,H3,2025,19,3.3
882a8965c9fffff,H3,2025,20,3.4
882a8965c9fffff,H3,2025,21,3.4
882a8965c9fffff,H3,2025,22,3.2
882a8965c9fffff,H3,2025,23,2.8
882a896cc9fffff,H3,2025,0,6.0
882a896cc9fffff,H3,2025,1,5.2
882a896cc9fffff,H3,2025,2,4.5
882a896cc9fffff,H3,2025,3,4.1
882a896cc9fffff,H3,2025,4,3.8
882a896cc9fffff,H3,2025,5,3.4
882a896cc9fffff,H3,2025,6,3.1
882a896cc9fffff,H3,2025,7,2.5
882a896cc9fffff,H3,2025,8,2.2
882a896cc9fffff,H3,2025,9,2.0
882a896cc9fffff,H3,2025,10,2.3
882a896cc9fffff,H3,2025,11,2.5
882a896cc9fffff,H3,2025,12,3.0
882a896cc9fffff,H3,2025,13,3.3
882a896cc9fffff,H3,2025,14,3.6
882a896cc9fffff,H3,2025,15,4.3
882a896cc9fffff,H3,2025,16,5.3
882a896cc9fffff,H3,2025,17,6.9
882a896cc9fffff,H3,2025,18,8.1
882a896cc9fffff,H3,2025,19,8.6
882a896cc9fffff,H3,2025,20,9.0
882a896cc9fffff,H3,2025,21,8.8
882a896cc9fffff,H3,2025,22,8.1
882a896cc9fffff,H3,2025,23,7.2
882a896ccbfffff,H3,2025,0,148.2
882a896ccbfffff,H3,2025,1,130.0
882a896ccbfffff,H3,2025,2,113.4
882a896ccbfffff,H3,2025,3,102.2
882a896ccbfffff,H3,2025,4,92.5
882a896ccbfffff,H3,2025,5,83.9
882a896ccbfffff,H3,2025,6,74.2
882a896ccbfffff,H3,2025,7,59.1
882a896ccbfffff,H3,2025,8,49.5
882a896ccbfffff,H3,2025,9,47.7
882a896ccbfffff,H3,2025,10,51.5
882a896ccbfffff,H3,2025,11,59.0
882a896ccbfffff,H3,2025,12,68.2
882a896ccbfffff,H3,2025,13,75.8
882a896ccbfffff,H3,2025,14,85.0
882a896ccbfffff,H3,2025,15,99.8
882a896ccbfffff,H3,2025,16,124.3
882a896ccbfffff,H3,2025,17,163.2
882a896ccbfffff,H3,2025,18,191.6
882a896ccbfffff,H3,2025,19,206.0
882a896ccbfffff,H3,2025,20,215.1
882a896ccbfffff,H3,2025,21,210.8
882a896ccbfffff,H3,2025,22,195.9
882a896ccbfffff,H3,2025,23,174.8
882a897b5bfffff,H3,2025,0,5.1
882a897b5bfffff,H3,2025,1,4.5
882a897b5bfffff,H3,2025,2,3.9
882a897b5bfffff,H3,2025,3,3.5
882a897b5bfffff,H3,2025,4,3.2
882a897b5bfffff,H3,2025,5,2.8
882a897b5bfffff,H3,2025,6,2.6
882a897b5bfffff,H3,2025,7,2.2
882a897b5bfffff,H3,2025,8,1.8
882a897b5bfffff,H3,2025,9,1.7
882a897b5bfffff,H3,2025,10,1.8
882a897b5bfffff,H3,2025,11,2.2
882a897b5bfffff,H3,2025,12,2.5
882a897b5bfffff,H3,2025,13,2.7
882a897b5bfffff,H3,2025,14,3.1
882a897b5bfffff,H3,2025,15,3.6
882a897b5bfffff,H3,2025,16,4.5
882a897b5bfffff,H3,2025,17,5.9
882a897b5bfffff,H3,2025,18,6.8
882a897b5bfffff,H3,2025,19,7.4
882a897b5bfffff,H3,2025,20,7.6
882a897b5bfffff,H3,2025,21,7.4
882a897b5bfffff,H3,2025,22,6.8
882a897b5bfffff,H3,2025,23,6.1
882a8a1b4bfffff,H3,2025,0,4.4
882a8a1b4bfffff,H3,2025,1,3.9
882a8a1b4bfffff,H3,2025,2,3.3
882a8a1b4bfffff,H3,2025,3,3.0
882a8a1b4bfffff,H3,2025,4,2.7
882a8a1b4bfffff,H3,2025,5,2.5
882a8a1b4bfffff,H3,2025,6,2.3
882a8a1b4bfffff,H3,2025,7,1.8
882a8a1b4bfffff,H3,2025,8,1.6
882a8a1b4bfffff,H3,2025,9,1.5
882a8a1b4bfffff,H3,2025,10,1.7
882a8a1b4bfffff,H3,2025,11,1.9
882a8a1b4bfffff,H3,2025,12,2.2
882a8a1b4bfffff,H3,2025,13,2.5
882a8a1b4bfffff,H3,2025,14,2.7
882a8a1b4bfffff,H3,2025,15,3.3
882a8a1b4bfffff,H3,2025,16,4.1
882a8a1b4bfffff,H3,2025,17,5.2
882a8a1b4bfffff,H3,2025,18,6.0
882a8a1b4bfffff,H3,2025,19,6.5
882a8a1b4bfffff,H3,2025,20,6.6
882a8a1b4bfffff,H3,2025,21,6.5
882a8a1b4bfffff,H3,2025,22,5.9
882a8a1b4bfffff,H3,2025,23,5.2
882a8a919bfffff,H3,2025,0,4.0
882a8a919bfffff,H3,2025,1,3.5
882a8a919bfffff,H3,2025,2,3.1
882a8a919bfffff,H3,2025,3,2.7
882a8a919bfffff,H3,2025,4,2.5
882a8a919bfffff,H3,2025,5,2.3
882a8a919bfffff,H3,2025,6,2.0
882a8a919bfffff,H3,2025,7,1.6
882a8a919bfffff,H3,2025,8,1.4
882a8a919bfffff,H3,2025,9,1.2
882a8a919bfffff,H3,2025,10,1.4
882a8a919bfffff,H3,2025,11,1.6
882a8a919bfffff,H3,2025,12,1.8
882a8a919bfffff,H3,2025,13,2.0
882a8a919bfffff,H3,2025,14,2.3
882a8a919bfffff,H3,2025,15,2.7
882a8a919bfffff,H3,2025,16,3.4
882a8a919bfffff,H3,2025,17,4.4
882a8a919bfffff,H3,2025,18,5.2
882a8a919bfffff,H3,2025,19,5.6
882a8a919bfffff,H3,2025,20,5.8
882a8a919bfffff,H3,2025,21,5.7
882a8a919bfffff,H3,2025,22,5.3
882a8a919bfffff,H3,2025,23,4.8
882a8a928dfffff,H3,2025,0,2.3
882a8a928dfffff,H3,2025,1,1.9
882a8a928dfffff,H3,2025,2,1.7
882a8a928dfffff,H3,2025,3,1.6
882a8a928dfffff,H3,2025,4,1.4
882a8a928dfffff,H3,2025,5,1.2
882a8a928dfffff,H3,2025,6,1.1
882a8a928dfffff,H3,2025,7,0.9
882a8a928dfffff,H3,2025,8,0.8
882a8a928dfffff,H3,2025,9,0.7
882a8a928dfffff,H3,2025,10,0.8
882a8a928dfffff,H3,2025,11,0.9
882a8a928dfffff,H3,2025,12,1.0
882a8a928dfffff,H3,2025,13,1.1
882a8a928dfffff,H3,2025,14,1.2
882a8a928dfffff,H3,2025,15,1.5
882a8a928dfffff,H3,2025,16,1.9
882a8a928dfffff,H3,2025,17,2.5
882a8a928dfffff,H3,2025,18,2.8
882a8a928dfffff,H3,2025,19,3.1
882a8a928dfffff,H3,2025,20,3.3
882a8a928dfffff,H3,2025,21,3.2
882a8a928dfffff,H3,2025,22,3.0
882a8a928dfffff,H3,2025,23,2.6
882a8a962dfffff,H3,2025,0,2.7
882a8a962dfffff,H3,2025,1,2.4
882a8a962dfffff,H3,2025,2,2.0
882a8a962dfffff,H3,2025,3,1.9
882a8a962dfffff,H3,2025,4,1.7
882a8a962dfffff,H3,2025,5,1.6
882a8a962dfffff,H3,2025,6,1.4
882a8a962dfffff,H3,2025,7,1.1
882a8a962dfffff,H3,2025,8,0.9
882a8a962dfffff,H3,2025,9,0.9
882a8a962dfffff,H3,2025,10,0.9
882a8a962dfffff,H3,2025,11,1.1
882a8a962dfffff,H3,2025,12,1.2
882a8a962dfffff,H3,2025,13,1.4
882a8a962dfffff,H3,2025,14,1.6
882a8a962dfffff,H3,2025,15,1.8
882a8a962dfffff,H3,2025,16,2.3
882a8a962dfffff,H3,2025,17,3.0
882a8a962dfffff,H3,2025,18,3.5
882a8a962dfffff,H3,2025,19,3.8
882a8a962dfffff,H3,2025,20,4.0
882a8a962dfffff,H3,2025,21,3.9
882a8a962dfffff,H3,2025,22,3.6
882a8a962dfffff,H3,2025,23,3.2
882a8a9739fffff,H3,2025,0,2.2
882a8a9739fffff,H3,2025,1,1.8
882a8a9739fffff,H3,2025,2,1.6
882a8a9739fffff,H3,2025,3,1.5
882a8a9739fffff,H3,2025,4,1.4
882a8a9739fffff,H3,2025,5,1.2
882a8a9739fffff,H3,2025,6,1.0
882a8a9739fffff,H3,2025,7,0.9
882a8a9739fffff,H3,2025,8,0.7
882a8a9739fffff,H3,2025,9,0.7
882a8a9739fffff,H3,2025,10,0.8
882a8a9739fffff,H3,2025,11,0.8
882a8a9739fffff,H3,2025,12,1.0
882a8a9739fffff,H3,2025,13,1.1
882a8a9739fffff,H3,2025,14,1.2
882a8a9739fffff,H3,2025,15,1.5
882a8a9739fffff,H3,2025,16,1.8
882a8a9739fffff,H3,2025,17,2.4
882a8a9739fffff,H3,2025,18,2.7
882a8a9739fffff,H3,2025,19,3.0
882a8a9739fffff,H3,2025,20,3.1
882a8a9739fffff,H3,2025,21,3.0
882a8a9739fffff,H3,2025,22,2.8
882a8a9739fffff,H3,2025,23,2.5
882a8ac64bfffff,H3,2025,0,2.0
882a8ac64bfffff,H3,2025,1,1.8
882a8ac64bfffff,H3,2025,2,1.6
882a8ac64bfffff,H3,2025,3,1.5
882a8ac64bfffff,H3,2025,4,1.2
882a8ac64bfffff,H3,2025,5,1.1
882a8ac64bfffff,H3,2025,6,1.0
882a8ac64bfffff,H3,2025,7,0.8
882a8ac64bfffff,H3,2025,8,0.7
882a8ac64bfffff,H3,2025,9,0.7
882a8ac64bfffff,H3,2025,10,0.8
882a8ac64bfffff,H3,2025,11,0.9
882a8ac64bfffff,H3,2025,12,1.0
882a8ac64bfffff,H3,2025,13,1.1
882a8ac64bfffff,H3,2025,14,1.2
882a8ac64bfffff,H3,2025,15,1.5
882a8ac64bfffff,H3,2025,16,1.8
882a8ac64bfffff,H3,2025,17,2.4
882a8ac64bfffff,H3,2025,18,2.7
882a8ac64bfffff,H3,2025,19,3.0
882a8ac64bfffff,H3,2025,20,3.1
882a8ac64bfffff,H3,2025,21,3.0
882a8ac64bfffff,H3,2025,22,2.8
882a8ac64bfffff,H3,2025,23,2.5
882a8b089dfffff,H3,2025,0,5.2
882a8b089dfffff,H3,2025,1,4.5
882a8b089dfffff,H3,2025,2,4.0
882a8b089dfffff,H3,2025,3,3.5
882a8b089dfffff,H3,2025,4,3.3
882a8b089dfffff,H3,2025,5,3.0
882a8b089dfffff,H3,2025,6,2.6
882a8b089dfffff,H3,2025,7,2.0
882a8b089dfffff,H3,2025,8,1.7
882a8b089dfffff,H3,2025,9,1.7
882a8b089dfffff,H3,2025,10,1.8
882a8b089dfffff,H3,2025,11,2.0
882a8b089dfffff,H3,2025,12,2.4
882a8b089dfffff,H3,2025,13,2.7
882a8b089dfffff,H3,2025,14,3.0
882a8b089dfffff,H3,2025,15,3.5
882a8b089dfffff,H3,2025,16,4.4
882a8b089dfffff,H3,2025,17,5.8
882a8b089dfffff,H3,2025,18,6.7
882a8b089dfffff,H3,2025,19,7.3
882a8b089dfffff,H3,2025,20,7.6
882a8b089dfffff,H3,2025,21,7.4
882a8b089dfffff,H3,2025,22,6.9
882a8b089dfffff,H3,2025,23,6.1
882a8b7201fffff,H3,2025,0,2.5
882a8b7201fffff,H3,2025,1,2.2
882a8b7201fffff,H3,2025,2,1.9
882a8b7201fffff,H3,2025,3,1.7
882a8b7201fffff,H3,2025,4,1.6
882a8b7201fffff,H3,2025,5,1.4
882a8b7201fffff,H3,2025,6,1.2
882a8b7201fffff,H3,2025,7,1.0
882a8b7201fffff,H3,2025,8,0.8
882a8b7201fffff,H3,2025,9,0.8
882a8b7201fffff,H3,2025,10,0.9
882a8b7201fffff,H3,2025,11,1.0
882a8b7201fffff,H3,2025,12,1.1
882a8b7201fffff,H3,2025,13,1.2
882a8b7201fffff,H3,2025,14,1.5
882a8b7201fffff,H3,2025,15,1.7
882a8b7201fffff,H3,2025,16,2.2
882a8b7201fffff,H3,2025,17,2.8
882a8b7201fffff,H3,2025,18,3.3
882a8b7201fffff,H3,2025,19,3.5
882a8b7201fffff,H3,2025,20,3.6
882a8b7201fffff,H3,2025,21,3.5
882a8b7201fffff,H3,2025,22,3.3
882a8b7201fffff,H3,2025,23,3.0
882a8ba60dfffff,H3,2025,0,2.7
882a8ba60dfffff,H3,2025,1,2.3
882a8ba60dfffff,H3,2025,2,2.0
882a8ba60dfffff,H3,2025,3,1.8
882a8ba60dfffff,H3,2025,4,1.6
882a8ba60dfffff,H3,2025,5,1.5
882a8ba60dfffff,H3,2025,6,1.4
882a8ba60dfffff,H3,2025,7,1.1
882a8ba60dfffff,H3,2025,8,0.9
882a8ba60dfffff,H3,2025,9,0.9
882a8ba60dfffff,H3,2025,10,1.0
882a8ba60dfffff,H3,2025,11,1.1
882a8ba60dfffff,H3,2025,12,1.2
882a8ba60dfffff,H3,2025,13,1.5
882a8ba60dfffff,H3,2025,14,1.6
882a8ba60dfffff,H3,2025,15,1.9
882a8ba60dfffff,H3,2025,16,2.4
882a8ba60dfffff,H3,2025,17,3.1
882a8ba60dfffff,H3,2025,18,3.6
882a8ba60dfffff,H3,2025,19,3.9
882a8ba60dfffff,H3,2025,20,4.0
882a8ba60dfffff,H3,2025,21,3.9
882a8ba60dfffff,H3,2025,22,3.5
882a8ba60dfffff,H3,2025,23,3.2
882a8c5ad7fffff,H3,2025,0,1.5
882a8c5ad7fffff,H3,2025,1,1.2
882a8c5ad7fffff,H3,2025,2,1.1
882a8c5ad7fffff,H3,2025,3,1.0
882a8c5ad7fffff,H3,2025,4,0.9
882a8c5ad7fffff,H3,2025,5,0.8
882a8c5ad7fffff,H3,2025,6,0.8
882a8c5ad7fffff,H3,2025,7,0.6
882a8c5ad7fffff,H3,2025,8,0.5
882a8c5ad7fffff,H3,2025,9,0.5
882a8c5ad7fffff,H3,2025,10,0.6
882a8c5ad7fffff,H3,2025,11,0.6
882a8c5ad7fffff,H3,2025,12,0.7
882a8c5ad7fffff,H3,2025,13,0.8
882a8c5ad7fffff,H3,2025,14,0.9
882a8c5ad7fffff,H3,2025,15,1.0
882a8c5ad7fffff,H3,2025,16,1.2
882a8c5ad7fffff,H3,2025,17,1.7
882a8c5ad7fffff,H3,2025,18,1.9
882a8c5ad7fffff,H3,2025,19,2.0
882a8c5ad7fffff,H3,2025,20,2.2
882a8c5ad7fffff,H3,2025,21,2.2
882a8c5ad7fffff,H3,2025,22,1.9
882a8c5ad7fffff,H3,2025,23,1.7
882a8cd91dfffff,H3,2025,0,1.4
882a8cd91dfffff,H3,2025,1,1.2
882a8cd91dfffff,H3,2025,2,1.0
882a8cd91dfffff,H3,2025,3,0.9
882a8cd91dfffff,H3,2025,4,0.9
882a8cd91dfffff,H3,2025,5,0.8
882a8cd91dfffff,H3,2025,6,0.7
882a8cd91dfffff,H3,2025,7,0.6
882a8cd91dfffff,H3,2025,8,0.5
882a8cd91dfffff,H3,2025,9,0.5
882a8cd91dfffff,H3,2025,10,0.5
882a8cd91dfffff,H3,2025,11,0.6
882a8cd91dfffff,H3,2025,12,0.7
882a8cd91dfffff,H3,2025,13,0.8
882a8cd91dfffff,H3,2025,14,0.8
882a8cd91dfffff,H3,2025,15,1.0
882a8cd91dfffff,H3,2025,16,1.2
882a8cd91dfffff,H3,2025,17,1.6
882a8cd91dfffff,H3,2025,18,1.8
882a8cd91dfffff,H3,2025,19,2.0
882a8cd91dfffff,H3,2025,20,2.0
882a8cd91dfffff,H3,2025,21,2.0
882a8cd91dfffff,H3,2025,22,1.8
882a8cd91dfffff,H3,2025,23,1.7
882a8d09bdfffff,H3,2025,0,3.2
882a8d09bdfffff,H3,2025,1,2.8
882a8d09bdfffff,H3,2025,2,2.4
882a8d09bdfffff,H3,2025,3,2.2
882a8d09bdfffff,H3,2025,4,1.9
882a8d09bdfffff,H3,2025,5,1.8
882a8d09bdfffff,H3,2025,6,1.6
882a8d09bdfffff,H3,2025,7,1.4
882a8d09bdfffff,H3,2025,8,1.2
882a8d09bdfffff,H3,2025,9,1.1
882a8d09bdfffff,H3,2025,10,1.2
882a8d09bdfffff,H3,2025,11,1.5
882a8d09bdfffff,H3,2025,12,1.7
882a8d09bdfffff,H3,2025,13,1.8
882a8d09bdfffff,H3,2025,14,2.0
882a8d09bdfffff,H3,2025,15,2.4
882a8d09bdfffff,H3,2025,16,3.0
882a8d09bdfffff,H3,2025,17,3.9
882a8d09bdfffff,H3,2025,18,4.4
882a8d09bdfffff,H3,2025,19,4.7
882a8d09bdfffff,H3,2025,20,4.9
882a8d09bdfffff,H3,2025,21,4.8
882a8d09bdfffff,H3,2025,22,4.3
882a8d09bdfffff,H3,2025,23,3.9
882a8d846bfffff,H3,2025,0,1.8
882a8d846bfffff,H3,2025,1,1.6
882a8d846bfffff,H3,2025,2,1.4
882a8d846bfffff,H3,2025,3,1.2
882a8d846bfffff,H3,2025,4,1.1
882a8d846bfffff,H3,2025,5,1.0
882a8d846bfffff,H3,2025,6,0.9
882a8d846bfffff,H3,2025,7,0.8
882a8d846bfffff,H3,2025,8,0.7
882a8d846bfffff,H3,2025,9,0.6
882a8d846bfffff,H3,2025,10,0.7
882a8d846bfffff,H3,2025,11,0.8
882a8d846bfffff,H3,2025,12,0.9
882a8d846bfffff,H3,2025,13,1.0
882a8d846bfffff,H3,2025,14,1.1
882a8d846bfffff,H3,2025,15,1.2
882a8d846bfffff,H3,2025,16,1.6
882a8d846bfffff,H3,2025,17,2.2
882a8d846bfffff,H3,2025,18,2.5
882a8d846bfffff,H3,2025,19,2.6
882a8d846bfffff,H3,2025,20,2.7
882a8d846bfffff,H3,2025,21,2.6
882a8d846bfffff,H3,2025,22,2.5
882a8d846bfffff,H3,2025,23,2.2
882a8d8595fffff,H3,2025,0,12.2
882a8d8595fffff,H3,2025,1,10.3
882a8d8595fffff,H3,2025,2,8.9
882a8d8595fffff,H3,2025,3,7.8
882a8d8595fffff,H3,2025,4,7.0
882a8d8595fffff,H3,2025,5,6.6
882a8d8595fffff,H3,2025,6,6.4
882a8d8595fffff,H3,2025,7,5.7
882a8d8595fffff,H3,2025,8,5.3
882a8d8595fffff,H3,2025,9,5.3
882a8d8595fffff,H3,2025,10,5.9
882a8d8595fffff,H3,2025,11,6.6
882a8d8595fffff,H3,2025,12,7.7
882a8d8595fffff,H3,2025,13,8.8
882a8d8595fffff,H3,2025,14,9.2
882a8d8595fffff,H3,2025,15,10.8
882a8d8595fffff,H3,2025,16,13.3
882a8d8595fffff,H3,2025,17,16.7
882a8d8595fffff,H3,2025,18,18.9
882a8d8595fffff,H3,2025,19,19.5
882a8d8595fffff,H3,2025,20,19.8
882a8d8595fffff,H3,2025,21,18.8
882a8d8595fffff,H3,2025,22,17.0
882a8d8595fffff,H3,2025,23,14.7
882a8d98cdfffff,H3,2025,0,3.3
882a8d98cdfffff,H3,2025,1,3.0
882a8d98cdfffff,H3,2025,2,2.5
882a8d98cdfffff,H3,2025,3,2.3
882a8d98cdfffff,H3,2025,4,2.0
882a8d98cdfffff,H3,2025,5,1.8
882a8d98cdfffff,H3,2025,6,1.7
882a8d98cdfffff,H3,2025,7,1.4
882a8d98cdfffff,H3,2025,8,1.1
882a8d98cdfffff,H3,2025,9,1.1
882a8d98cdfffff,H3,2025,10,1.2
882a8d98cdfffff,H3,2025,11,1.4
882a8d98cdfffff,H3,2025,12,1.6
882a8d98cdfffff,H3,2025,13,1.8
882a8d98cdfffff,H3,2025,14,1.9
882a8d98cdfffff,H3,2025,15,2.3
882a8d98cdfffff,H3,2025,16,2.8
882a8d98cdfffff,H3,2025,17,3.8
882a8d98cdfffff,H3,2025,18,4.4
882a8d98cdfffff,H3,2025,19,4.7
882a8d98cdfffff,H3,2025,20,4.9
882a8d98cdfffff,H3,2025,21,4.8
882a8d98cdfffff,H3,2025,22,4.4
882a8d98cdfffff,H3,2025,23,4.0
882a8d9a05fffff,H3,2025,0,190.0
882a8d9a05fffff,H3,2025,1,166.6
882a8d9a05fffff,H3,2025,2,145.2
882a8d9a05fffff,H3,2025,3,130.8
882a8d9a05fffff,H3,2025,4,118.4
882a8d9a05fffff,H3,2025,5,107.4
882a8d9a05fffff,H3,2025,6,95.3
882a8d9a05fffff,H3,2025,7,76.1
882a8d9a05fffff,H3,2025,8,64.0
882a8d9a05fffff,H3,2025,9,61.5
882a8d9a05fffff,H3,2025,10,66.5
882a8d9a05fffff,H3,2025,11,76.1
882a8d9a05fffff,H3,2025,12,88.0
882a8d9a05fffff,H3,2025,13,98.0
882a8d9a05fffff,H3,2025,14,109.7
882a8d9a05fffff,H3,2025,15,128.9
882a8d9a05fffff,H3,2025,16,160.6
882a8d9a05fffff,H3,2025,17,210.5
882a8d9a05fffff,H3,2025,18,246.9
882a8d9a05fffff,H3,2025,19,265.3
882a8d9a05fffff,H3,2025,20,276.6
882a8d9a05fffff,H3,2025,21,270.8
882a8d9a05fffff,H3,2025,22,251.6
882a8d9a05fffff,H3,2025,23,224.1
882a8d9a17fffff,H3,2025,0,7.4
882a8d9a17fffff,H3,2025,1,6.5
882a8d9a17fffff,H3,2025,2,5.7
882a8d9a17fffff,H3,2025,3,5.1
882a8d9a17fffff,H3,2025,4,4.7
882a8d9a17fffff,H3,2025,5,4.2
882a8d9a17fffff,H3,2025,6,3.8
882a8d9a17fffff,H3,2025,7,3.0
882a8d9a17fffff,H3,2025,8,2.5
882a8d9a17fffff,H3,2025,9,2.4
882a8d9a17fffff,H3,2025,10,2.6
882a8d9a17fffff,H3,2025,11,3.0
882a8d9a17fffff,H3,2025,12,3.4
882a8d9a17fffff,H3,2025,13,3.9
882a8d9a17fffff,H3,2025,14,4.3
882a8d9a17fffff,H3,2025,15,5.0
882a8d9a17fffff,H3,2025,16,6.2
882a8d9a17fffff,H3,2025,17,8.2
882a8d9a17fffff,H3,2025,18,9.7
882a8d9a17fffff,H3,2025,19,10.3
882a8d9a17fffff,H3,2025,20,10.8
882a8d9a17fffff,H3,2025,21,10.6
882a8d9a17fffff,H3,2025,22,9.9
882a8d9a17fffff,H3,2025,23,8.8
882a8d9a39fffff,H3,2025,0,1.2
882a8d9a39fffff,H3,2025,0,0.0
882a8d9a39fffff,H3,2025,1,1.1
882a8d9a39fffff,H3,2025,1,0.0
882a8d9a39fffff,H3,2025,2,1.0
882a8d9a39fffff,H3,2025,2,0.0
882a8d9a39fffff,H3,2025,3,0.9
882a8d9a39fffff,H3,2025,3,0.0
882a8d9a39fffff,H3,2025,4,0.8
882a8d9a39fffff,H3,2025,4,0.0
882a8d9a39fffff,H3,2025,5,0.7
882a8d9a39fffff,H3,2025,5,0.0
882a8d9a39fffff,H3,2025,6,0.7
882a8d9a39fffff,H3,2025,6,0.0
882a8d9a39fffff,H3,2025,7,0.6
882a8d9a39fffff,H3,2025,7,0.0
882a8d9a39fffff,H3,2025,8,0.5
882a8d9a39fffff,H3,2025,8,0.0
882a8d9a39fffff,H3,2025,9,0.5
882a8d9a39fffff,H3,2025,9,0.0
882a8d9a39fffff,H3,2025,10,0.5
882a8d9a39fffff,H3,2025,10,0.0
882a8d9a39fffff,H3,2025,11,0.6
882a8d9a39fffff,H3,2025,11,0.0
882a8d9a39fffff,H3,2025,12,0.6
882a8d9a39fffff,H3,2025,12,0.0
882a8d9a39fffff,H3,2025,13,0.7
882a8d9a39fffff,H3,2025,13,0.0
882a8d9a39fffff,H3,2025,14,0.8
882a8d9a39fffff,H3,2025,14,0.0
882a8d9a39fffff,H3,2025,15,0.9
882a8d9a39fffff,H3,2025,15,0.0
882a8d9a39fffff,H3,2025,16,1.1
882a8d9a39fffff,H3,2025,16,0.0
882a8d9a39fffff,H3,2025,17,1.5
882a8d9a39fffff,H3,2025,17,0.0
882a8d9a39fffff,H3,2025,18,1.7
882a8d9a39fffff,H3,2025,18,0.0
882a8d9a39fffff,H3,2025,19,1.8
882a8d9a39fffff,H3,2025,19,0.0
882a8d9a39fffff,H3,2025,20,1.8
882a8d9a39fffff,H3,2025,20,0.0
882a8d9a39fffff,H3,2025,21,1.8
882a8d9a39fffff,H3,2025,21,0.0
882a8d9a39fffff,H3,2025,22,1.7
882a8d9a39fffff,H3,2025,22,0.0
882a8d9a39fffff,H3,2025,23,1.5
882a8d9a39fffff,H3,2025,23,0.0
882a8dc639fffff,H3,2025,0,3.0
882a8dc639fffff,H3,2025,1,2.6
882a8dc639fffff,H3,2025,2,2.3
882a8dc639fffff,H3,2025,3,2.0
882a8dc639fffff,H3,2025,4,1.8
882a8dc639fffff,H3,2025,5,1.7
882a8dc639fffff,H3,2025,6,1.5
882a8dc639fffff,H3,2025,7,1.2
882a8dc639fffff,H3,2025,8,1.0
882a8dc639fffff,H3,2025,9,0.9
882a8dc639fffff,H3,2025,10,1.0
882a8dc639fffff,H3,2025,11,1.2
882a8dc639fffff,H3,2025,12,1.4
882a8dc639fffff,H3,2025,13,1.5
882a8dc639fffff,H3,2025,14,1.7
882a8dc639fffff,H3,2025,15,2.0
882a8dc639fffff,H3,2025,16,2.5
882a8dc639fffff,H3,2025,17,3.3
882a8dc639fffff,H3,2025,18,3.9
882a8dc639fffff,H3,2025,19,4.1
882a8dc639fffff,H3,2025,20,4.3
882a8dc639fffff,H3,2025,21,4.2
882a8dc639fffff,H3,2025,22,4.0
882a8dc639fffff,H3,2025,23,3.5
882a8dd6dbfffff,H3,2025,0,10.8
882a8dd6dbfffff,H3,2025,1,9.4
882a8dd6dbfffff,H3,2025,2,8.3
882a8dd6dbfffff,H3,2025,3,7.4
882a8dd6dbfffff,H3,2025,4,6.7
882a8dd6dbfffff,H3,2025,5,6.1
882a8dd6dbfffff,H3,2025,6,5.5
882a8dd6dbfffff,H3,2025,7,4.3
882a8dd6dbfffff,H3,2025,8,3.6
882a8dd6dbfffff,H3,2025,9,3.5
882a8dd6dbfffff,H3,2025,10,3.8
882a8dd6dbfffff,H3,2025,11,4.3
882a8dd6dbfffff,H3,2025,12,5.0
882a8dd6dbfffff,H3,2025,13,5.6
882a8dd6dbfffff,H3,2025,14,6.2
882a8dd6dbfffff,H3,2025,15,7.3
882a8dd6dbfffff,H3,2025,16,9.1
882a8dd6dbfffff,H3,2025,17,11.9
882a8dd6dbfffff,H3,2025,18,14.0
882a8dd6dbfffff,H3,2025,19,15.0
882a8dd6dbfffff,H3,2025,20,15.7
882a8dd6dbfffff,H3,2025,21,15.3
882a8dd6dbfffff,H3,2025,22,14.3
882a8dd6dbfffff,H3,2025,23,12.7
882a8eadd3fffff,H3,2025,0,1.6
882a8eadd3fffff,H3,2025,1,1.4
882a8eadd3fffff,H3,2025,2,1.2
882a8eadd3fffff,H3,2025,3,1.0
882a8eadd3fffff,H3,2025,4,1.0
882a8eadd3fffff,H3,2025,5,0.9
882a8eadd3fffff,H3,2025,6,0.8
882a8eadd3fffff,H3,2025,7,0.7
882a8eadd3fffff,H3,2025,8,0.6
882a8eadd3fffff,H3,2025,9,0.6
882a8eadd3fffff,H3,2025,10,0.6
882a8eadd3fffff,H3,2025,11,0.7
882a8eadd3fffff,H3,2025,12,0.8
882a8eadd3fffff,H3,2025,13,0.8
882a8eadd3fffff,H3,2025,14,0.9
882a8eadd3fffff,H3,2025,15,1.0
882a8eadd3fffff,H3,2025,16,1.4
882a8eadd3fffff,H3,2025,17,1.8
882a8eadd3fffff,H3,2025,18,2.0
882a8eadd3fffff,H3,2025,19,2.2
882a8eadd3fffff,H3,2025,20,2.3
882a8eadd3fffff,H3,2025,21,2.3
882a8eadd3fffff,H3,2025,22,2.0
882a8eadd3fffff,H3,2025,23,1.8
882a906529fffff,H3,2025,0,1.5
882a906529fffff,H3,2025,1,1.2
882a906529fffff,H3,2025,2,1.0
882a906529fffff,H3,2025,3,0.9
882a906529fffff,H3,2025,4,0.9
882a906529fffff,H3,2025,5,0.8
882a906529fffff,H3,2025,6,0.7
882a906529fffff,H3,2025,7,0.6
882a906529fffff,H3,2025,8,0.5
882a906529fffff,H3,2025,9,0.5
882a906529fffff,H3,2025,10,0.6
882a906529fffff,H3,2025,11,0.6
882a906529fffff,H3,2025,12,0.7
882a906529fffff,H3,2025,13,0.8
882a906529fffff,H3,2025,14,0.8
882a906529fffff,H3,2025,15,1.0
882a906529fffff,H3,2025,16,1.2
882a906529fffff,H3,2025,17,1.6
882a906529fffff,H3,2025,18,1.9
882a906529fffff,H3,2025,19,2.2
882a906529fffff,H3,2025,20,2.2
882a906529fffff,H3,2025,21,2.2
882a906529fffff,H3,2025,22,1.9
882a906529fffff,H3,2025,23,1.7
882a906733fffff,H3,2025,0,3.3
882a906733fffff,H3,2025,1,2.8
882a906733fffff,H3,2025,2,2.5
882a906733fffff,H3,2025,3,2.3
882a906733fffff,H3,2025,4,2.0
882a906733fffff,H3,2025,5,1.8
882a906733fffff,H3,2025,6,1.6
882a906733fffff,H3,2025,7,1.2
882a906733fffff,H3,2025,8,1.1
882a906733fffff,H3,2025,9,1.0
882a906733fffff,H3,2025,10,1.1
882a906733fffff,H3,2025,11,1.2
882a906733fffff,H3,2025,12,1.5
882a906733fffff,H3,2025,13,1.7
882a906733fffff,H3,2025,14,1.9
882a906733fffff,H3,2025,15,2.2
882a906733fffff,H3,2025,16,2.7
882a906733fffff,H3,2025,17,3.6
882a906733fffff,H3,2025,18,4.2
882a906733fffff,H3,2025,19,4.5
882a906733fffff,H3,2025,20,4.8
882a906733fffff,H3,2025,21,4.7
882a906733fffff,H3,2025,22,4.3
882a906733fffff,H3,2025,23,3.9
882a907499fffff,H3,2025,0,6.8
882a907499fffff,H3,2025,1,5.9
882a907499fffff,H3,2025,2,5.2
882a907499fffff,H3,2025,3,4.7
882a907499fffff,H3,2025,4,4.2
882a907499fffff,H3,2025,5,3.9
882a907499fffff,H3,2025,6,3.4
882a907499fffff,H3,2025,7,2.8
882a907499fffff,H3,2025,8,2.4
882a907499fffff,H3,2025,9,2.3
882a907499fffff,H3,2025,10,2.5
882a907499fffff,H3,2025,11,2.8
882a907499fffff,H3,2025,12,3.3
882a907499fffff,H3,2025,13,3.6
882a907499fffff,H3,2025,14,4.1
882a907499fffff,H3,2025,15,4.8
882a907499fffff,H3,2025,16,6.0
882a907499fffff,H3,2025,17,7.8
882a907499fffff,H3,2025,18,9.1
882a907499fffff,H3,2025,19,9.8
882a907499fffff,H3,2025,20,10.1
882a907499fffff,H3,2025,21,9.9
882a907499fffff,H3,2025,22,9.1
882a907499fffff,H3,2025,23,8.1
882a9102abfffff,H3,2025,0,5.2
882a9102abfffff,H3,2025,1,4.5
882a9102abfffff,H3,2025,2,4.0
882a9102abfffff,H3,2025,3,3.6
882a9102abfffff,H3,2025,4,3.3
882a9102abfffff,H3,2025,5,3.0
882a9102abfffff,H3,2025,6,2.6
882a9102abfffff,H3,2025,7,2.2
882a9102abfffff,H3,2025,8,1.8
882a9102abfffff,H3,2025,9,1.7
882a9102abfffff,H3,2025,10,1.8
882a9102abfffff,H3,2025,11,2.2
882a9102abfffff,H3,2025,12,2.5
882a9102abfffff,H3,2025,13,2.7
882a9102abfffff,H3,2025,14,3.1
882a9102abfffff,H3,2025,15,3.6
882a9102abfffff,H3,2025,16,4.5
882a9102abfffff,H3,2025,17,5.9
882a9102abfffff,H3,2025,18,6.9
882a9102abfffff,H3,2025,19,7.4
882a9102abfffff,H3,2025,20,7.7
882a9102abfffff,H3,2025,21,7.5
882a9102abfffff,H3,2025,22,7.0
882a9102abfffff,H3,2025,23,6.2
882a913327fffff,H3,2025,0,1.6
882a913327fffff,H3,2025,1,1.4
882a913327fffff,H3,2025,2,1.1
882a913327fffff,H3,2025,3,1.0
882a913327fffff,H3,2025,4,0.9
882a913327fffff,H3,2025,5,0.9
882a913327fffff,H3,2025,6,0.8
882a913327fffff,H3,2025,7,0.7
882a913327fffff,H3,2025,8,0.6
882a913327fffff,H3,2025,9,0.6
882a913327fffff,H3,2025,10,0.6
882a913327fffff,H3,2025,11,0.7
882a913327fffff,H3,2025,12,0.8
882a913327fffff,H3,2025,13,0.8
882a913327fffff,H3,2025,14,0.9
882a913327fffff,H3,2025,15,1.1
882a913327fffff,H3,2025,16,1.4
882a913327fffff,H3,2025,17,1.8
882a913327fffff,H3,2025,18,2.0
882a913327fffff,H3,2025,19,2.2
882a913327fffff,H3,2025,20,2.3
882a913327fffff,H3,2025,21,2.3
882a913327fffff,H3,2025,22,2.0
882a913327fffff,H3,2025,23,1.8
882a9139c3fffff,H3,2025,0,15.6
882a9139c3fffff,H3,2025,1,13.6
882a9139c3fffff,H3,2025,2,11.9
882a9139c3fffff,H3,2025,3,10.7
882a9139c3fffff,H3,2025,4,9.7
882a9139c3fffff,H3,2025,5,8.9
882a9139c3fffff,H3,2025,6,7.8
882a9139c3fffff,H3,2025,7,6.2
882a9139c3fffff,H3,2025,8,5.3
882a9139c3fffff,H3,2025,9,5.1
882a9139c3fffff,H3,2025,10,5.5
882a9139c3fffff,H3,2025,11,6.2
882a9139c3fffff,H3,2025,12,7.3
882a9139c3fffff,H3,2025,13,8.1
882a9139c3fffff,H3,2025,14,9.1
882a9139c3fffff,H3,2025,15,10.7
882a9139c3fffff,H3,2025,16,13.3
882a9139c3fffff,H3,2025,17,17.4
882a9139c3fffff,H3,2025,18,20.3
882a9139c3fffff,H3,2025,19,21.9
882a9139c3fffff,H3,2025,20,22.8
882a9139c3fffff,H3,2025,21,22.3
882a9139c3fffff,H3,2025,22,20.7
882a9139c3fffff,H3,2025,23,18.4
882a924d81fffff,H3,2025,0,1.7
882a924d81fffff,H3,2025,1,1.5
882a924d81fffff,H3,2025,2,1.2
882a924d81fffff,H3,2025,3,1.1
882a924d81fffff,H3,2025,4,1.0
882a924d81fffff,H3,2025,5,0.9
882a924d81fffff,H3,2025,6,0.8
882a924d81fffff,H3,2025,7,0.7
882a924d81fffff,H3,2025,8,0.6
882a924d81fffff,H3,2025,9,0.6
882a924d81fffff,H3,2025,10,0.6
882a924d81fffff,H3,2025,11,0.7
882a924d81fffff,H3,2025,12,0.8
882a924d81fffff,H3,2025,13,0.9
882a924d81fffff,H3,2025,14,0.9
882a924d81fffff,H3,2025,15,1.1
882a924d81fffff,H3,2025,16,1.4
882a924d81fffff,H3,2025,17,1.8
882a924d81fffff,H3,2025,18,2.2
882a924d81fffff,H3,2025,19,2.3
882a924d81fffff,H3,2025,20,2.4
882a924d81fffff,H3,2025,21,2.4
882a924d81fffff,H3,2025,22,2.2
882a924d81fffff,H3,2025,23,1.9
882a924d8bfffff,H3,2025,0,7.6
882a924d8bfffff,H3,2025,1,6.6
882a924d8bfffff,H3,2025,2,5.8
882a924d8bfffff,H3,2025,3,5.2
882a924d8bfffff,H3,2025,4,4.8
882a924d8bfffff,H3,2025,5,4.3
882a924d8bfffff,H3,2025,6,3.9
882a924d8bfffff,H3,2025,7,3.1
882a924d8bfffff,H3,2025,8,2.6
882a924d8bfffff,H3,2025,9,2.5
882a924d8bfffff,H3,2025,10,2.7
882a924d8bfffff,H3,2025,11,3.1
882a924d8bfffff,H3,2025,12,3.5
882a924d8bfffff,H3,2025,13,4.0
882a924d8bfffff,H3,2025,14,4.4
882a924d8bfffff,H3,2025,15,5.1
882a924d8bfffff,H3,2025,16,6.5
882a924d8bfffff,H3,2025,17,8.4
882a924d8bfffff,H3,2025,18,9.9
882a924d8bfffff,H3,2025,19,10.6
882a924d8bfffff,H3,2025,20,11.0
882a924d8bfffff,H3,2025,21,10.8
882a924d8bfffff,H3,2025,22,10.0
882a924d8bfffff,H3,2025,23,9.0
882a930f0bfffff,H3,2025,0,5.0
882a930f0bfffff,H3,2025,1,4.4
882a930f0bfffff,H3,2025,2,3.9
882a930f0bfffff,H3,2025,3,3.4
882a930f0bfffff,H3,2025,4,3.2
882a930f0bfffff,H3,2025,5,2.8
882a930f0bfffff,H3,2025,6,2.5
882a930f0bfffff,H3,2025,7,2.0
882a930f0bfffff,H3,2025,8,1.7
882a930f0bfffff,H3,2025,9,1.6
882a930f0bfffff,H3,2025,10,1.7
882a930f0bfffff,H3,2025,11,2.0
882a930f0bfffff,H3,2025,12,2.3
882a930f0bfffff,H3,2025,13,2.6
882a930f0bfffff,H3,2025,14,2.8
882a930f0bfffff,H3,2025,15,3.4
882a930f0bfffff,H3,2025,16,4.2
882a930f0bfffff,H3,2025,17,5.6
882a930f0bfffff,H3,2025,18,6.5
882a930f0bfffff,H3,2025,19,7.0
882a930f0bfffff,H3,2025,20,7.3
882a930f0bfffff,H3,2025,21,7.2
882a930f0bfffff,H3,2025,22,6.6
882a930f0bfffff,H3,2025,23,5.9
882a930f4dfffff,H3,2025,0,2.2
882a930f4dfffff,H3,2025,0,0.0
882a930f4dfffff,H3,2025,1,1.8
882a930f4dfffff,H3,2025,1,0.0
882a930f4dfffff,H3,2025,2,1.6
882a930f4dfffff,H3,2025,2,0.0
882a930f4dfffff,H3,2025,3,1.5
882a930f4dfffff,H3,2025,3,0.0
882a930f4dfffff,H3,2025,4,1.4
882a930f4dfffff,H3,2025,4,0.0
882a930f4dfffff,H3,2025,5,1.2
882a930f4dfffff,H3,2025,5,0.0
882a930f4dfffff,H3,2025,6,1.0
882a930f4dfffff,H3,2025,6,0.0
882a930f4dfffff,H3,2025,7,0.9
882a930f4dfffff,H3,2025,7,0.0
882a930f4dfffff,H3,2025,8,0.7
882a930f4dfffff,H3,2025,8,0.0
882a930f4dfffff,H3,2025,9,0.7
882a930f4dfffff,H3,2025,9,0.0
882a930f4dfffff,H3,2025,10,0.8
882a930f4dfffff,H3,2025,10,0.0
882a930f4dfffff,H3,2025,11,0.9
882a930f4dfffff,H3,2025,11,0.0
882a930f4dfffff,H3,2025,12,1.0
882a930f4dfffff,H3,2025,12,0.0
882a930f4dfffff,H3,2025,13,1.1
882a930f4dfffff,H3,2025,13,0.0
882a930f4dfffff,H3,2025,14,1.2
882a930f4dfffff,H3,2025,14,0.0
882a930f4dfffff,H3,2025,15,1.5
882a930f4dfffff,H3,2025,15,0.0
882a930f4dfffff,H3,2025,16,1.8
882a930f4dfffff,H3,2025,16,0.0
882a930f4dfffff,H3,2025,17,2.4
882a930f4dfffff,H3,2025,17,0.0
882a930f4dfffff,H3,2025,18,2.8
882a930f4dfffff,H3,2025,18,0.0
882a930f4dfffff,H3,2025,19,3.1
882a930f4dfffff,H3,2025,19,0.0
882a930f4dfffff,H3,2025,20,3.2
882a930f4dfffff,H3,2025,20,0.0
882a930f4dfffff,H3,2025,21,3.1
882a930f4dfffff,H3,2025,21,0.0
882a930f4dfffff,H3,2025,22,2.8
882a930f4dfffff,H3,2025,22,0.0
882a930f4dfffff,H3,2025,23,2.5
882a930f4dfffff,H3,2025,23,0.0
882a93728bfffff,H3,2025,0,1.5
882a93728bfffff,H3,2025,1,1.4
882a93728bfffff,H3,2025,2,1.1
882a93728bfffff,H3,2025,3,1.0
882a93728bfffff,H3,2025,4,0.9
882a93728bfffff,H3,2025,5,0.9
882a93728bfffff,H3,2025,6,0.8
882a93728bfffff,H3,2025,7,0.6
882a93728bfffff,H3,2025,8,0.6
882a93728bfffff,H3,2025,9,0.5
882a93728bfffff,H3,2025,10,0.6
882a93728bfffff,H3,2025,11,0.6
882a93728bfffff,H3,2025,12,0.7
882a93728bfffff,H3,2025,13,0.8
882a93728bfffff,H3,2025,14,0.9
882a93728bfffff,H3,2025,15,1.0
882a93728bfffff,H3,2025,16,1.2
882a93728bfffff,H3,2025,17,1.7
882a93728bfffff,H3,2025,18,1.9
882a93728bfffff,H3,2025,19,2.2
882a93728bfffff,H3,2025,20,2.2
882a93728bfffff,H3,2025,21,2.2
882a93728bfffff,H3,2025,22,2.0
882a93728bfffff,H3,2025,23,1.8
882a949767fffff,H3,2025,0,6.6
882a949767fffff,H3,2025,1,5.8
882a949767fffff,H3,2025,2,5.1
882a949767fffff,H3,2025,3,4.5
882a949767fffff,H3,2025,4,4.1
882a949767fffff,H3,2025,5,3.8
882a949767fffff,H3,2025,6,3.3
882a949767fffff,H3,2025,7,2.6
882a949767fffff,H3,2025,8,2.3
882a949767fffff,H3,2025,9,2.2
882a949767fffff,H3,2025,10,2.3
882a949767fffff,H3,2025,11,2.6
882a949767fffff,H3,2025,12,3.1
882a949767fffff,H3,2025,13,3.4
882a949767fffff,H3,2025,14,3.9
882a949767fffff,H3,2025,15,4.4
882a949767fffff,H3,2025,16,5.6
882a949767fffff,H3,2025,17,7.3
882a949767fffff,H3,2025,18,8.6
882a949767fffff,H3,2025,19,9.2
882a949767fffff,H3,2025,20,9.7
882a949767fffff,H3,2025,21,9.4
882a949767fffff,H3,2025,22,8.8
882a949767fffff,H3,2025,23,7.8
882a94cecdfffff,H3,2025,0,1.8
882a94cecdfffff,H3,2025,0,0.1
882a94cecdfffff,H3,2025,1,1.6
882a94cecdfffff,H3,2025,1,0.1
882a94cecdfffff,H3,2025,2,1.4
882a94cecdfffff,H3,2025,2,0.1
882a94cecdfffff,H3,2025,3,1.2
882a94cecdfffff,H3,2025,3,0.1
882a94cecdfffff,H3,2025,4,1.1
882a94cecdfffff,H3,2025,4,0.1
882a94cecdfffff,H3,2025,5,1.0
882a94cecdfffff,H3,2025,5,0.1
882a94cecdfffff,H3,2025,6,0.9
882a94cecdfffff,H3,2025,6,0.1
882a94cecdfffff,H3,2025,7,0.8
882a94cecdfffff,H3,2025,7,0.1
882a94cecdfffff,H3,2025,8,0.7
882a94cecdfffff,H3,2025,8,0.0
882a94cecdfffff,H3,2025,9,0.6
882a94cecdfffff,H3,2025,9,0.0
882a94cecdfffff,H3,2025,10,0.7
882a94cecdfffff,H3,2025,10,0.0
882a94cecdfffff,H3,2025,11,0.8
882a94cecdfffff,H3,2025,11,0.1
882a94cecdfffff,H3,2025,12,0.9
882a94cecdfffff,H3,2025,12,0.1
882a94cecdfffff,H3,2025,13,1.0
882a94cecdfffff,H3,2025,13,0.1
882a94cecdfffff,H3,2025,14,1.1
882a94cecdfffff,H3,2025,14,0.1
882a94cecdfffff,H3,2025,15,1.2
882a94cecdfffff,H3,2025,15,0.1
882a94cecdfffff,H3,2025,16,1.6
882a94cecdfffff,H3,2025,16,0.1
882a94cecdfffff,H3,2025,17,2.2
882a94cecdfffff,H3,2025,17,0.1
882a94cecdfffff,H3,2025,18,2.5
882a94cecdfffff,H3,2025,18,0.2
882a94cecdfffff,H3,2025,19,2.6
882a94cecdfffff,H3,2025,19,0.2
882a94cecdfffff,H3,2025,20,2.7
882a94cecdfffff,H3,2025,20,0.2
882a94cecdfffff,H3,2025,21,2.6
882a94cecdfffff,H3,2025,21,0.2
882a94cecdfffff,H3,2025,22,2.4
882a94cecdfffff,H3,2025,22,0.1
882a94cecdfffff,H3,2025,23,2.2
882a94cecdfffff,H3,2025,23,0.1
882a94d233fffff,H3,2025,0,1.2
882a94d233fffff,H3,2025,1,1.1
882a94d233fffff,H3,2025,2,1.0
882a94d233fffff,H3,2025,3,0.9
882a94d233fffff,H3,2025,4,0.8
882a94d233fffff,H3,2025,5,0.7
882a94d233fffff,H3,2025,6,0.7
882a94d233fffff,H3,2025,7,0.6
882a94d233fffff,H3,2025,8,0.5
882a94d233fffff,H3,2025,9,0.5
882a94d233fffff,H3,2025,10,0.5
882a94d233fffff,H3,2025,11,0.6
882a94d233fffff,H3,2025,12,0.6
882a94d233fffff,H3,2025,13,0.7
882a94d233fffff,H3,2025,14,0.8
882a94d233fffff,H3,2025,15,0.9
882a94d233fffff,H3,2025,16,1.0
882a94d233fffff,H3,2025,17,1.4
882a94d233fffff,H3,2025,18,1.6
882a94d233fffff,H3,2025,19,1.8
882a94d233fffff,H3,2025,20,1.8
882a94d233fffff,H3,2025,21,1.8
882a94d233fffff,H3,2025,22,1.7
882a94d233fffff,H3,2025,23,1.5
882a94da9dfffff,H3,2025,0,1.8
882a94da9dfffff,H3,2025,1,1.6
882a94da9dfffff,H3,2025,2,1.4
882a94da9dfffff,H3,2025,3,1.2
882a94da9dfffff,H3,2025,4,1.1
882a94da9dfffff,H3,2025,5,1.0
882a94da9dfffff,H3,2025,6,0.9
882a94da9dfffff,H3,2025,7,0.8
882a94da9dfffff,H3,2025,8,0.7
882a94da9dfffff,H3,2025,9,0.6
882a94da9dfffff,H3,2025,10,0.7
882a94da9dfffff,H3,2025,11,0.8
882a94da9dfffff,H3,2025,12,0.9
882a94da9dfffff,H3,2025,13,0.9
882a94da9dfffff,H3,2025,14,1.0
882a94da9dfffff,H3,2025,15,1.2
882a94da9dfffff,H3,2025,16,1.6
882a94da9dfffff,H3,2025,17,2.0
882a94da9dfffff,H3,2025,18,2.4
882a94da9dfffff,H3,2025,19,2.6
882a94da9dfffff,H3,2025,20,2.7
882a94da9dfffff,H3,2025,21,2.6
882a94da9dfffff,H3,2025,22,2.5
882a94da9dfffff,H3,2025,23,2.2
882a95615dfffff,H3,2025,0,3.5
882a95615dfffff,H3,2025,1,3.1
882a95615dfffff,H3,2025,2,2.7
882a95615dfffff,H3,2025,3,2.4
882a95615dfffff,H3,2025,4,2.2
882a95615dfffff,H3,2025,5,2.0
882a95615dfffff,H3,2025,6,1.8
882a95615dfffff,H3,2025,7,1.5
882a95615dfffff,H3,2025,8,1.2
882a95615dfffff,H3,2025,9,1.2
882a95615dfffff,H3,2025,10,1.4
882a95615dfffff,H3,2025,11,1.5
882a95615dfffff,H3,2025,12,1.8
882a95615dfffff,H3,2025,13,1.9
882a95615dfffff,H3,2025,14,2.2
882a95615dfffff,H3,2025,15,2.6
882a95615dfffff,H3,2025,16,3.2
882a95615dfffff,H3,2025,17,4.2
882a95615dfffff,H3,2025,18,4.9
882a95615dfffff,H3,2025,19,5.1
882a95615dfffff,H3,2025,20,5.3
882a95615dfffff,H3,2025,21,5.2
882a95615dfffff,H3,2025,22,4.8
882a95615dfffff,H3,2025,23,4.2
882a9561d5fffff,H3,2025,0,7.0
882a9561d5fffff,H3,2025,1,6.1
882a9561d5fffff,H3,2025,2,5.3
882a9561d5fffff,H3,2025,3,4.9
882a9561d5fffff,H3,2025,4,4.4
882a9561d5fffff,H3,2025,5,4.0
882a9561d5fffff,H3,2025,6,3.5
882a9561d5fffff,H3,2025,7,2.8
882a9561d5fffff,H3,2025,8,2.4
882a9561d5fffff,H3,2025,9,2.3
882a9561d5fffff,H3,2025,10,2.5
882a9561d5fffff,H3,2025,11,2.8
882a9561d5fffff,H3,2025,12,3.3
882a9561d5fffff,H3,2025,13,3.6
882a9561d5fffff,H3,2025,14,4.1
882a9561d5fffff,H3,2025,15,4.8
882a9561d5fffff,H3,2025,16,5.9
882a9561d5fffff,H3,2025,17,7.8
882a9561d5fffff,H3,2025,18,9.2
882a9561d5fffff,H3,2025,19,9.9
882a9561d5fffff,H3,2025,20,10.2
882a9561d5fffff,H3,2025,21,10.0
882a9561d5fffff,H3,2025,22,9.3
882a9561d5fffff,H3,2025,23,8.3
882a9569c3fffff,H3,2025,0,20.3
882a9569c3fffff,H3,2025,1,17.8
882a9569c3fffff,H3,2025,2,15.6
882a9569c3fffff,H3,2025,3,14.0
882a9569c3fffff,H3,2025,4,12.6
882a9569c3fffff,H3,2025,5,11.5
882a9569c3fffff,H3,2025,6,10.2
882a9569c3fffff,H3,2025,7,8.3
882a9569c3fffff,H3,2025,8,6.9
882a9569c3fffff,H3,2025,9,6.7
882a9569c3fffff,H3,2025,10,7.3
882a9569c3fffff,H3,2025,11,8.3
882a9569c3fffff,H3,2025,12,9.5
882a9569c3fffff,H3,2025,13,10.7
882a9569c3fffff,H3,2025,14,11.9
882a9569c3fffff,H3,2025,15,14.1
882a9569c3fffff,H3,2025,16,17.5
882a9569c3fffff,H3,2025,17,23.0
882a9569c3fffff,H3,2025,18,26.8
882a9569c3fffff,H3,2025,19,28.8
882a9569c3fffff,H3,2025,20,29.9
882a9569c3fffff,H3,2025,21,29.2
882a9569c3fffff,H3,2025,22,27.0
882a9569c3fffff,H3,2025,23,24.1
882a956a31fffff,H3,2025,0,6.4
882a956a31fffff,H3,2025,1,5.6
882a956a31fffff,H3,2025,2,4.8
882a956a31fffff,H3,2025,3,4.3
882a956a31fffff,H3,2025,4,3.9
882a956a31fffff,H3,2025,5,3.5
882a956a31fffff,H3,2025,6,3.2
882a956a31fffff,H3,2025,7,2.7
882a956a31fffff,H3,2025,8,2.5
882a956a31fffff,H3,2025,9,2.5
882a956a31fffff,H3,2025,10,2.7
882a956a31fffff,H3,2025,11,3.1
882a956a31fffff,H3,2025,12,3.5
882a956a31fffff,H3,2025,13,4.0
882a956a31fffff,H3,2025,14,4.3
882a956a31fffff,H3,2025,15,4.9
882a956a31fffff,H3,2025,16,5.9
882a956a31fffff,H3,2025,17,7.6
882a956a31fffff,H3,2025,18,8.9
882a956a31fffff,H3,2025,19,9.4
882a956a31fffff,H3,2025,20,9.7
882a956a31fffff,H3,2025,21,9.3
882a956a31fffff,H3,2025,22,8.6
882a956a31fffff,H3,2025,23,7.7
882a956a95fffff,H3,2025,0,5.9
882a956a95fffff,H3,2025,1,5.2
882a956a95fffff,H3,2025,2,4.5
882a956a95fffff,H3,2025,3,4.1
882a956a95fffff,H3,2025,4,3.6
882a956a95fffff,H3,2025,5,3.3
882a956a95fffff,H3,2025,6,3.0
882a956a95fffff,H3,2025,7,2.4
882a956a95fffff,H3,2025,8,1.9
882a956a95fffff,H3,2025,9,1.9
882a956a95fffff,H3,2025,10,2.0
882a956a95fffff,H3,2025,11,2.4
882a956a95fffff,H3,2025,12,2.7
882a956a95fffff,H3,2025,13,3.1
882a956a95fffff,H3,2025,14,3.4
882a956a95fffff,H3,2025,15,4.0
882a956a95fffff,H3,2025,16,5.0
882a956a95fffff,H3,2025,17,6.5
882a956a95fffff,H3,2025,18,7.6
882a956a95fffff,H3,2025,19,8.2
882a956a95fffff,H3,2025,20,8.5
882a956a95fffff,H3,2025,21,8.4
882a956a95fffff,H3,2025,22,7.8
882a956a95fffff,H3,2025,23,6.9
882a9579b5fffff,H3,2025,0,13.2
882a9579b5fffff,H3,2025,1,11.5
882a9579b5fffff,H3,2025,2,10.0
882a9579b5fffff,H3,2025,3,9.0
882a9579b5fffff,H3,2025,4,8.1
882a9579b5fffff,H3,2025,5,7.4
882a9579b5fffff,H3,2025,6,6.7
882a9579b5fffff,H3,2025,7,5.5
882a9579b5fffff,H3,2025,8,4.8
882a9579b5fffff,H3,2025,9,4.7
882a9579b5fffff,H3,2025,10,5.0
882a9579b5fffff,H3,2025,11,5.7
882a9579b5fffff,H3,2025,12,6.6
882a9579b5fffff,H3,2025,13,7.4
882a9579b5fffff,H3,2025,14,8.2
882a9579b5fffff,H3,2025,15,9.5
882a9579b5fffff,H3,2025,16,11.9
882a9579b5fffff,H3,2025,17,15.5
882a9579b5fffff,H3,2025,18,18.0
882a9579b5fffff,H3,2025,19,19.1
882a9579b5fffff,H3,2025,20,19.8
882a9579b5fffff,H3,2025,21,19.2
882a9579b5fffff,H3,2025,22,17.7
882a9579b5fffff,H3,2025,23,15.7
882a9579e5fffff,H3,2025,0,1.2
882a9579e5fffff,H3,2025,1,1.0
882a9579e5fffff,H3,2025,2,0.9
882a9579e5fffff,H3,2025,3,0.8
882a9579e5fffff,H3,2025,4,0.8
882a9579e5fffff,H3,2025,5,0.7
882a9579e5fffff,H3,2025,6,0.6
882a9579e5fffff,H3,2025,7,0.5
882a9579e5fffff,H3,2025,8,0.5
882a9579e5fffff,H3,2025,9,0.3
882a9579e5fffff,H3,2025,10,0.5
882a9579e5fffff,H3,2025,11,0.5
882a9579e5fffff,H3,2025,12,0.6
882a9579e5fffff,H3,2025,13,0.7
882a9579e5fffff,H3,2025,14,0.7
882a9579e5fffff,H3,2025,15,0.8
882a9579e5fffff,H3,2025,16,1.0
882a9579e5fffff,H3,2025,17,1.4
882a9579e5fffff,H3,2025,18,1.6
882a9579e5fffff,H3,2025,19,1.7
882a9579e5fffff,H3,2025,20,1.8
882a9579e5fffff,H3,2025,21,1.7
882a9579e5fffff,H3,2025,22,1.6
882a9579e5fffff,H3,2025,23,1.4
882a95c239fffff,H3,2025,0,1.8
882a95c239fffff,H3,2025,1,1.6
882a95c239fffff,H3,2025,2,1.4
882a95c239fffff,H3,2025,3,1.2
882a95c239fffff,H3,2025,4,1.1
882a95c239fffff,H3,2025,5,1.0
882a95c239fffff,H3,2025,6,0.9
882a95c239fffff,H3,2025,7,0.7
882a95c239fffff,H3,2025,8,0.6
882a95c239fffff,H3,2025,9,0.6
882a95c239fffff,H3,2025,10,0.7
882a95c239fffff,H3,2025,11,0.7
882a95c239fffff,H3,2025,12,0.8
882a95c239fffff,H3,2025,13,0.9
882a95c239fffff,H3,2025,14,1.0
882a95c239fffff,H3,2025,15,1.2
882a95c239fffff,H3,2025,16,1.5
882a95c239fffff,H3,2025,17,1.9
882a95c239fffff,H3,2025,18,2.3
882a95c239fffff,H3,2025,19,2.5
882a95c239fffff,H3,2025,20,2.6
882a95c239fffff,H3,2025,21,2.5
882a95c239fffff,H3,2025,22,2.4
882a95c239fffff,H3,2025,23,2.2
882a961963fffff,H3,2025,0,2.8
882a961963fffff,H3,2025,1,2.4
882a961963fffff,H3,2025,2,2.2
882a961963fffff,H3,2025,3,1.9
882a961963fffff,H3,2025,4,1.7
882a961963fffff,H3,2025,5,1.6
882a961963fffff,H3,2025,6,1.5
882a961963fffff,H3,2025,7,1.2
882a961963fffff,H3,2025,8,1.0
882a961963fffff,H3,2025,9,1.0
882a961963fffff,H3,2025,10,1.0
882a961963fffff,H3,2025,11,1.2
882a961963fffff,H3,2025,12,1.5
882a961963fffff,H3,2025,13,1.6
882a961963fffff,H3,2025,14,1.8
882a961963fffff,H3,2025,15,2.2
882a961963fffff,H3,2025,16,2.6
882a961963fffff,H3,2025,17,3.4
882a961963fffff,H3,2025,18,4.0
882a961963fffff,H3,2025,19,4.2
882a961963fffff,H3,2025,20,4.3
882a961963fffff,H3,2025,21,4.1
882a961963fffff,H3,2025,22,3.9
882a961963fffff,H3,2025,23,3.3
882a9656b1fffff,H3,2025,0,1.5
882a9656b1fffff,H3,2025,1,1.4
882a9656b1fffff,H3,2025,2,1.1
882a9656b1fffff,H3,2025,3,1.0
882a9656b1fffff,H3,2025,4,0.9
882a9656b1fffff,H3,2025,5,0.9
882a9656b1fffff,H3,2025,6,0.8
882a9656b1fffff,H3,2025,7,0.6
882a9656b1fffff,H3,2025,8,0.6
882a9656b1fffff,H3,2025,9,0.5
882a9656b1fffff,H3,2025,10,0.6
882a9656b1fffff,H3,2025,11,0.7
882a9656b1fffff,H3,2025,12,0.7
882a9656b1fffff,H3,2025,13,0.8
882a9656b1fffff,H3,2025,14,0.9
882a9656b1fffff,H3,2025,15,1.0
882a9656b1fffff,H3,2025,16,1.4
882a9656b1fffff,H3,2025,17,1.7
882a9656b1fffff,H3,2025,18,2.0
882a9656b1fffff,H3,2025,19,2.2
882a9656b1fffff,H3,2025,20,2.3
882a9656b1fffff,H3,2025,21,2.2
882a9656b1fffff,H3,2025,22,2.0
882a9656b1fffff,H3,2025,23,1.8
882a96cca5fffff,H3,2025,0,1.6
882a96cca5fffff,H3,2025,1,1.4
882a96cca5fffff,H3,2025,2,1.1
882a96cca5fffff,H3,2025,3,1.0
882a96cca5fffff,H3,2025,4,0.9
882a96cca5fffff,H3,2025,5,0.9
882a96cca5fffff,H3,2025,6,0.8
882a96cca5fffff,H3,2025,7,0.7
882a96cca5fffff,H3,2025,8,0.6
882a96cca5fffff,H3,2025,9,0.6
882a96cca5fffff,H3,2025,10,0.6
882a96cca5fffff,H3,2025,11,0.7
882a96cca5fffff,H3,2025,12,0.7
882a96cca5fffff,H3,2025,13,0.8
882a96cca5fffff,H3,2025,14,0.9
882a96cca5fffff,H3,2025,15,1.0
882a96cca5fffff,H3,2025,16,1.4
882a96cca5fffff,H3,2025,17,1.7
882a96cca5fffff,H3,2025,18,2.0
882a96cca5fffff,H3,2025,19,2.2
882a96cca5fffff,H3,2025,20,2.3
882a96cca5fffff,H3,2025,21,2.3
882a96cca5fffff,H3,2025,22,2.0
882a96cca5fffff,H3,2025,23,1.8
882a988827fffff,H3,2025,0,2.6
882a988827fffff,H3,2025,1,2.3
882a988827fffff,H3,2025,2,1.9
882a988827fffff,H3,2025,3,1.8
882a988827fffff,H3,2025,4,1.6
882a988827fffff,H3,2025,5,1.5
882a988827fffff,H3,2025,6,1.2
882a988827fffff,H3,2025,7,1.0
882a988827fffff,H3,2025,8,0.9
882a988827fffff,H3,2025,9,0.8
882a988827fffff,H3,2025,10,0.9
882a988827fffff,H3,2025,11,1.0
882a988827fffff,H3,2025,12,1.2
882a988827fffff,H3,2025,13,1.4
882a988827fffff,H3,2025,14,1.5
882a988827fffff,H3,2025,15,1.7
882a988827fffff,H3,2025,16,2.2
882a988827fffff,H3,2025,17,2.8
882a988827fffff,H3,2025,18,3.4
882a988827fffff,H3,2025,19,3.6
882a988827fffff,H3,2025,20,3.8
882a988827fffff,H3,2025,21,3.6
882a988827fffff,H3,2025,22,3.4
882a988827fffff,H3,2025,23,3.1
882a9a220dfffff,H3,2025,0,2.0
882a9a220dfffff,H3,2025,1,1.8
882a9a220dfffff,H3,2025,2,1.6
882a9a220dfffff,H3,2025,3,1.4
882a9a220dfffff,H3,2025,4,1.2
882a9a220dfffff,H3,2025,5,1.1
882a9a220dfffff,H3,2025,6,1.0
882a9a220dfffff,H3,2025,7,0.8
882a9a220dfffff,H3,2025,8,0.7
882a9a220dfffff,H3,2025,9,0.7
882a9a220dfffff,H3,2025,10,0.8
882a9a220dfffff,H3,2025,11,0.8
882a9a220dfffff,H3,2025,12,0.9
882a9a220dfffff,H3,2025,13,1.0
882a9a220dfffff,H3,2025,14,1.2
882a9a220dfffff,H3,2025,15,1.4
882a9a220dfffff,H3,2025,16,1.8
882a9a220dfffff,H3,2025,17,2.3
882a9a220dfffff,H3,2025,18,2.7
882a9a220dfffff,H3,2025,19,3.0
882a9a220dfffff,H3,2025,20,3.1
882a9a220dfffff,H3,2025,21,3.0
882a9a220dfffff,H3,2025,22,2.7
882a9a220dfffff,H3,2025,23,2.4
882a9a7495fffff,H3,2025,0,2.3
882a9a7495fffff,H3,2025,1,2.0
882a9a7495fffff,H3,2025,2,1.7
882a9a7495fffff,H3,2025,3,1.6
882a9a7495fffff,H3,2025,4,1.4
882a9a7495fffff,H3,2025,5,1.2
882a9a7495fffff,H3,2025,6,1.1
882a9a7495fffff,H3,2025,7,0.9
882a9a7495fffff,H3,2025,8,0.8
882a9a7495fffff,H3,2025,9,0.8
882a9a7495fffff,H3,2025,10,0.8
882a9a7495fffff,H3,2025,11,0.9
882a9a7495fffff,H3,2025,12,1.0
882a9a7495fffff,H3,2025,13,1.2
882a9a7495fffff,H3,2025,14,1.4
882a9a7495fffff,H3,2025,15,1.6
882a9a7495fffff,H3,2025,16,1.9
882a9a7495fffff,H3,2025,17,2.5
882a9a7495fffff,H3,2025,18,3.0
882a9a7495fffff,H3,2025,19,3.2
882a9a7495fffff,H3,2025,20,3.4
882a9a7495fffff,H3,2025,21,3.3
882a9a7495fffff,H3,2025,22,3.1
882a9a7495fffff,H3,2025,23,2.7
882a9acc2bfffff,H3,2025,0,14.7
882a9acc2bfffff,H3,2025,1,12.8
882a9acc2bfffff,H3,2025,2,11.1
882a9acc2bfffff,H3,2025,3,10.0
882a9acc2bfffff,H3,2025,4,9.1
882a9acc2bfffff,H3,2025,5,8.3
882a9acc2bfffff,H3,2025,6,7.4
882a9acc2bfffff,H3,2025,7,5.9
882a9acc2bfffff,H3,2025,8,5.0
882a9acc2bfffff,H3,2025,9,4.8
882a9acc2bfffff,H3,2025,10,5.2
882a9acc2bfffff,H3,2025,11,5.9
882a9acc2bfffff,H3,2025,12,6.9
882a9acc2bfffff,H3,2025,13,7.7
882a9acc2bfffff,H3,2025,14,8.6
882a9acc2bfffff,H3,2025,15,10.1
882a9acc2bfffff,H3,2025,16,12.6
882a9acc2bfffff,H3,2025,17,16.5
882a9acc2bfffff,H3,2025,18,19.2
882a9acc2bfffff,H3,2025,19,20.7
882a9acc2bfffff,H3,2025,20,21.5
882a9acc2bfffff,H3,2025,21,20.9
882a9acc2bfffff,H3,2025,22,19.4
882a9acc2bfffff,H3,2025,23,17.3
882a9acf67fffff,H3,2025,0,4.0
882a9acf67fffff,H3,2025,1,3.5
882a9acf67fffff,H3,2025,2,3.1
882a9acf67fffff,H3,2025,3,2.7
882a9acf67fffff,H3,2025,4,2.5
882a9acf67fffff,H3,2025,5,2.3
882a9acf67fffff,H3,2025,6,2.0
882a9acf67fffff,H3,2025,7,1.6
882a9acf67fffff,H3,2025,8,1.4
882a9acf67fffff,H3,2025,9,1.4
882a9acf67fffff,H3,2025,10,1.5
882a9acf67fffff,H3,2025,11,1.7
882a9acf67fffff,H3,2025,12,1.9
882a9acf67fffff,H3,2025,13,2.2
882a9acf67fffff,H3,2025,14,2.4
882a9acf67fffff,H3,2025,15,2.8
882a9acf67fffff,H3,2025,16,3.5
882a9acf67fffff,H3,2025,17,4.5
882a9acf67fffff,H3,2025,18,5.3
882a9acf67fffff,H3,2025,19,5.7
882a9acf67fffff,H3,2025,20,5.9
882a9acf67fffff,H3,2025,21,5.8
882a9acf67fffff,H3,2025,22,5.3
882a9acf67fffff,H3,2025,23,4.8
882a9b1083fffff,H3,2025,0,1.7
882a9b1083fffff,H3,2025,1,1.5
882a9b1083fffff,H3,2025,2,1.2
882a9b1083fffff,H3,2025,3,1.1
882a9b1083fffff,H3,2025,4,1.0
882a9b1083fffff,H3,2025,5,0.9
882a9b1083fffff,H3,2025,6,0.8
882a9b1083fffff,H3,2025,7,0.7
882a9b1083fffff,H3,2025,8,0.6
882a9b1083fffff,H3,2025,9,0.6
882a9b1083fffff,H3,2025,10,0.6
882a9b1083fffff,H3,2025,11,0.7
882a9b1083fffff,H3,2025,12,0.8
882a9b1083fffff,H3,2025,13,0.9
882a9b1083fffff,H3,2025,14,0.9
882a9b1083fffff,H3,2025,15,1.1
882a9b1083fffff,H3,2025,16,1.5
882a9b1083fffff,H3,2025,17,1.8
882a9b1083fffff,H3,2025,18,2.2
882a9b1083fffff,H3,2025,19,2.4
882a9b1083fffff,H3,2025,20,2.4
882a9b1083fffff,H3,2025,21,2.4
882a9b1083fffff,H3,2025,22,2.2
882a9b1083fffff,H3,2025,23,1.9
882a9c4ed5fffff,H3,2025,0,3.0
882a9c4ed5fffff,H3,2025,1,2.6
882a9c4ed5fffff,H3,2025,2,2.3
882a9c4ed5fffff,H3,2025,3,2.0
882a9c4ed5fffff,H3,2025,4,1.8
882a9c4ed5fffff,H3,2025,5,1.7
882a9c4ed5fffff,H3,2025,6,1.5
882a9c4ed5fffff,H3,2025,7,1.1
882a9c4ed5fffff,H3,2025,8,1.0
882a9c4ed5fffff,H3,2025,9,0.9
882a9c4ed5fffff,H3,2025,10,1.0
882a9c4ed5fffff,H3,2025,11,1.1
882a9c4ed5fffff,H3,2025,12,1.4
882a9c4ed5fffff,H3,2025,13,1.5
882a9c4ed5fffff,H3,2025,14,1.7
882a9c4ed5fffff,H3,2025,15,1.9
882a9c4ed5fffff,H3,2025,16,2.5
882a9c4ed5fffff,H3,2025,17,3.3
882a9c4ed5fffff,H3,2025,18,3.9
882a9c4ed5fffff,H3,2025,19,4.1
882a9c4ed5fffff,H3,2025,20,4.3
882a9c4ed5fffff,H3,2025,21,4.2
882a9c4ed5fffff,H3,2025,22,3.9
882a9c4ed5fffff,H3,2025,23,3.4
882a9c7041fffff,H3,2025,0,1.7
882a9c7041fffff,H3,2025,1,1.5
882a9c7041fffff,H3,2025,2,1.2
882a9c7041fffff,H3,2025,3,1.1
882a9c7041fffff,H3,2025,4,1.0
882a9c7041fffff,H3,2025,5,0.9
882a9c7041fffff,H3,2025,6,0.9
882a9c7041fffff,H3,2025,7,0.7
882a9c7041fffff,H3,2025,8,0.6
882a9c7041fffff,H3,2025,9,0.6
882a9c7041fffff,H3,2025,10,0.6
882a9c7041fffff,H3,2025,11,0.7
882a9c7041fffff,H3,2025,12,0.8
882a9c7041fffff,H3,2025,13,0.9
882a9c7041fffff,H3,2025,14,0.9
882a9c7041fffff,H3,2025,15,1.1
882a9c7041fffff,H3,2025,16,1.4
882a9c7041fffff,H3,2025,17,1.8
882a9c7041fffff,H3,2025,18,2.2
882a9c7041fffff,H3,2025,19,2.4
882a9c7041fffff,H3,2025,20,2.5
882a9c7041fffff,H3,2025,21,2.4
882a9c7041fffff,H3,2025,22,2.3
882a9c7041fffff,H3,2025,23,2.0
882a9c7129fffff,H3,2025,0,6.2
882a9c7129fffff,H3,2025,1,5.6
882a9c7129fffff,H3,2025,2,4.8
882a9c7129fffff,H3,2025,3,4.3
882a9c7129fffff,H3,2025,4,4.0
882a9c7129fffff,H3,2025,5,3.5
882a9c7129fffff,H3,2025,6,3.2
882a9c7129fffff,H3,2025,7,2.5
882a9c7129fffff,H3,2025,8,2.2
882a9c7129fffff,H3,2025,9,2.0
882a9c7129fffff,H3,2025,10,2.2
882a9c7129fffff,H3,2025,11,2.5
882a9c7129fffff,H3,2025,12,3.0
882a9c7129fffff,H3,2025,13,3.3
882a9c7129fffff,H3,2025,14,3.6
882a9c7129fffff,H3,2025,15,4.3
882a9c7129fffff,H3,2025,16,5.3
882a9c7129fffff,H3,2025,17,7.0
882a9c7129fffff,H3,2025,18,8.2
882a9c7129fffff,H3,2025,19,8.9
882a9c7129fffff,H3,2025,20,9.2
882a9c7129fffff,H3,2025,21,9.0
882a9c7129fffff,H3,2025,22,8.3
882a9c7129fffff,H3,2025,23,7.4
882a9c733bfffff,H3,2025,0,5.1
882a9c733bfffff,H3,2025,1,4.4
882a9c733bfffff,H3,2025,2,3.9
882a9c733bfffff,H3,2025,3,3.5
882a9c733bfffff,H3,2025,4,3.2
882a9c733bfffff,H3,2025,5,2.8
882a9c733bfffff,H3,2025,6,2.5
882a9c733bfffff,H3,2025,7,2.0
882a9c733bfffff,H3,2025,8,1.7
882a9c733bfffff,H3,2025,9,1.6
882a9c733bfffff,H3,2025,10,1.8
882a9c733bfffff,H3,2025,11,2.0
882a9c733bfffff,H3,2025,12,2.4
882a9c733bfffff,H3,2025,13,2.6
882a9c733bfffff,H3,2025,14,3.0
882a9c733bfffff,H3,2025,15,3.4
882a9c733bfffff,H3,2025,16,4.3
882a9c733bfffff,H3,2025,17,5.6
882a9c733bfffff,H3,2025,18,6.6
882a9c733bfffff,H3,2025,19,7.0
882a9c733bfffff,H3,2025,20,7.4
882a9c733bfffff,H3,2025,21,7.2
882a9c733bfffff,H3,2025,22,6.7
882a9c733bfffff,H3,2025,23,5.9
882a9cae13fffff,H3,2025,0,6.2
882a9cae13fffff,H3,2025,1,5.5
882a9cae13fffff,H3,2025,2,4.8
882a9cae13fffff,H3,2025,3,4.3
882a9cae13fffff,H3,2025,4,3.9
882a9cae13fffff,H3,2025,5,3.5
882a9cae13fffff,H3,2025,6,3.2
882a9cae13fffff,H3,2025,7,2.5
882a9cae13fffff,H3,2025,8,2.2
882a9cae13fffff,H3,2025,9,2.0
882a9cae13fffff,H3,2025,10,2.2
882a9cae13fffff,H3,2025,11,2.5
882a9cae13fffff,H3,2025,12,2.8
882a9cae13fffff,H3,2025,13,3.2
882a9cae13fffff,H3,2025,14,3.6
882a9cae13fffff,H3,2025,15,4.2
882a9cae13fffff,H3,2025,16,5.2
882a9cae13fffff,H3,2025,17,6.9
882a9cae13fffff,H3,2025,18,8.1
882a9cae13fffff,H3,2025,19,8.8
882a9cae13fffff,H3,2025,20,9.1
882a9cae13fffff,H3,2025,21,8.9
882a9cae13fffff,H3,2025,22,8.3
882a9cae13fffff,H3,2025,23,7.4
882a9caec1fffff,H3,2025,0,2.7
882a9caec1fffff,H3,2025,1,2.4
882a9caec1fffff,H3,2025,2,2.0
882a9caec1fffff,H3,2025,3,1.9
882a9caec1fffff,H3,2025,4,1.7
882a9caec1fffff,H3,2025,5,1.6
882a9caec1fffff,H3,2025,6,1.4
882a9caec1fffff,H3,2025,7,1.1
882a9caec1fffff,H3,2025,8,0.9
882a9caec1fffff,H3,2025,9,0.9
882a9caec1fffff,H3,2025,10,0.9
882a9caec1fffff,H3,2025,11,1.1
882a9caec1fffff,H3,2025,12,1.2
882a9caec1fffff,H3,2025,13,1.4
882a9caec1fffff,H3,2025,14,1.6
882a9caec1fffff,H3,2025,15,1.8
882a9caec1fffff,H3,2025,16,2.3
882a9caec1fffff,H3,2025,17,3.1
882a9caec1fffff,H3,2025,18,3.5
882a9caec1fffff,H3,2025,19,3.9
882a9caec1fffff,H3,2025,20,4.0
882a9caec1fffff,H3,2025,21,3.9
882a9caec1fffff,H3,2025,22,3.6
882a9caec1fffff,H3,2025,23,3.2
882a9caecbfffff,H3,2025,0,51.2
882a9caecbfffff,H3,2025,1,44.9
882a9caecbfffff,H3,2025,2,39.2
882a9caecbfffff,H3,2025,3,35.2
882a9caecbfffff,H3,2025,4,31.9
882a9caecbfffff,H3,2025,5,29.0
882a9caecbfffff,H3,2025,6,25.7
882a9caecbfffff,H3,2025,7,20.5
882a9caecbfffff,H3,2025,8,17.3
882a9caecbfffff,H3,2025,9,16.6
882a9caecbfffff,H3,2025,10,18.0
882a9caecbfffff,H3,2025,11,20.5
882a9caecbfffff,H3,2025,12,23.6
882a9caecbfffff,H3,2025,13,26.4
882a9caecbfffff,H3,2025,14,29.5
882a9caecbfffff,H3,2025,15,34.7
882a9caecbfffff,H3,2025,16,43.2
882a9caecbfffff,H3,2025,17,56.7
882a9caecbfffff,H3,2025,18,66.5
882a9caecbfffff,H3,2025,19,71.5
882a9caecbfffff,H3,2025,20,74.5
882a9caecbfffff,H3,2025,21,73.0
882a9caecbfffff,H3,2025,22,67.8
882a9caecbfffff,H3,2025,23,60.5
882a9d025bfffff,H3,2025,0,6.2
882a9d025bfffff,H3,2025,1,5.5
882a9d025bfffff,H3,2025,2,4.8
882a9d025bfffff,H3,2025,3,4.3
882a9d025bfffff,H3,2025,4,3.9
882a9d025bfffff,H3,2025,5,3.5
882a9d025bfffff,H3,2025,6,3.2
882a9d025bfffff,H3,2025,7,2.5
882a9d025bfffff,H3,2025,8,2.2
882a9d025bfffff,H3,2025,9,2.0
882a9d025bfffff,H3,2025,10,2.2
882a9d025bfffff,H3,2025,11,2.5
882a9d025bfffff,H3,2025,12,2.8
882a9d025bfffff,H3,2025,13,3.2
882a9d025bfffff,H3,2025,14,3.6
882a9d025bfffff,H3,2025,15,4.2
882a9d025bfffff,H3,2025,16,5.2
882a9d025bfffff,H3,2025,17,6.9
882a9d025bfffff,H3,2025,18,8.1
882a9d025bfffff,H3,2025,19,8.8
882a9d025bfffff,H3,2025,20,9.1
882a9d025bfffff,H3,2025,21,8.9
882a9d025bfffff,H3,2025,22,8.3
882a9d025bfffff,H3,2025,23,7.4
882a9d1247fffff,H3,2025,0,1.5
882a9d1247fffff,H3,2025,1,1.4
882a9d1247fffff,H3,2025,2,1.1
882a9d1247fffff,H3,2025,3,1.0
882a9d1247fffff,H3,2025,4,0.9
882a9d1247fffff,H3,2025,5,0.9
882a9d1247fffff,H3,2025,6,0.8
882a9d1247fffff,H3,2025,7,0.7
882a9d1247fffff,H3,2025,8,0.6
882a9d1247fffff,H3,2025,9,0.6
882a9d1247fffff,H3,2025,10,0.6
882a9d1247fffff,H3,2025,11,0.7
882a9d1247fffff,H3,2025,12,0.7
882a9d1247fffff,H3,2025,13,0.8
882a9d1247fffff,H3,2025,14,0.9
882a9d1247fffff,H3,2025,15,1.0
882a9d1247fffff,H3,2025,16,1.4
882a9d1247fffff,H3,2025,17,1.7
882a9d1247fffff,H3,2025,18,2.0
882a9d1247fffff,H3,2025,19,2.2
882a9d1247fffff,H3,2025,20,2.3
882a9d1247fffff,H3,2025,21,2.2
882a9d1247fffff,H3,2025,22,2.0
882a9d1247fffff,H3,2025,23,1.8
882a9d60c9fffff,H3,2025,0,1.7
882a9d60c9fffff,H3,2025,1,1.5
882a9d60c9fffff,H3,2025,2,1.2
882a9d60c9fffff,H3,2025,3,1.1
882a9d60c9fffff,H3,2025,4,1.0
882a9d60c9fffff,H3,2025,5,0.9
882a9d60c9fffff,H3,2025,6,0.9
882a9d60c9fffff,H3,2025,7,0.7
882a9d60c9fffff,H3,2025,8,0.6
882a9d60c9fffff,H3,2025,9,0.6
882a9d60c9fffff,H3,2025,10,0.7
882a9d60c9fffff,H3,2025,11,0.7
882a9d60c9fffff,H3,2025,12,0.8
882a9d60c9fffff,H3,2025,13,0.9
882a9d60c9fffff,H3,2025,14,1.0
882a9d60c9fffff,H3,2025,15,1.2
882a9d60c9fffff,H3,2025,16,1.5
882a9d60c9fffff,H3,2025,17,1.9
882a9d60c9fffff,H3,2025,18,2.3
882a9d60c9fffff,H3,2025,19,2.5
882a9d60c9fffff,H3,2025,20,2.5
882a9d60c9fffff,H3,2025,21,2.5
882a9d60c9fffff,H3,2025,22,2.3
882a9d60c9fffff,H3,2025,23,2.0
882a9d8a4dfffff,H3,2025,0,1.6
882a9d8a4dfffff,H3,2025,1,1.4
882a9d8a4dfffff,H3,2025,2,1.2
882a9d8a4dfffff,H3,2025,3,1.0
882a9d8a4dfffff,H3,2025,4,1.0
882a9d8a4dfffff,H3,2025,5,0.9
882a9d8a4dfffff,H3,2025,6,0.8
882a9d8a4dfffff,H3,2025,7,0.7
882a9d8a4dfffff,H3,2025,8,0.6
882a9d8a4dfffff,H3,2025,9,0.5
882a9d8a4dfffff,H3,2025,10,0.6
882a9d8a4dfffff,H3,2025,11,0.7
882a9d8a4dfffff,H3,2025,12,0.7
882a9d8a4dfffff,H3,2025,13,0.8
882a9d8a4dfffff,H3,2025,14,0.9
882a9d8a4dfffff,H3,2025,15,1.0
882a9d8a4dfffff,H3,2025,16,1.4
882a9d8a4dfffff,H3,2025,17,1.7
882a9d8a4dfffff,H3,2025,18,2.0
882a9d8a4dfffff,H3,2025,19,2.2
882a9d8a4dfffff,H3,2025,20,2.3
882a9d8a4dfffff,H3,2025,21,2.3
882a9d8a4dfffff,H3,2025,22,2.0
882a9d8a4dfffff,H3,2025,23,1.8
882a9d8db9fffff,H3,2025,0,2.5
882a9d8db9fffff,H3,2025,1,2.2
882a9d8db9fffff,H3,2025,2,1.8
882a9d8db9fffff,H3,2025,3,1.7
882a9d8db9fffff,H3,2025,4,1.6
882a9d8db9fffff,H3,2025,5,1.4
882a9d8db9fffff,H3,2025,6,1.2
882a9d8db9fffff,H3,2025,7,1.0
882a9d8db9fffff,H3,2025,8,0.8
882a9d8db9fffff,H3,2025,9,0.8
882a9d8db9fffff,H3,2025,10,0.9
882a9d8db9fffff,H3,2025,11,1.0
882a9d8db9fffff,H3,2025,12,1.1
882a9d8db9fffff,H3,2025,13,1.2
882a9d8db9fffff,H3,2025,14,1.4
882a9d8db9fffff,H3,2025,15,1.7
882a9d8db9fffff,H3,2025,16,2.0
882a9d8db9fffff,H3,2025,17,2.7
882a9d8db9fffff,H3,2025,18,3.2
882a9d8db9fffff,H3,2025,19,3.4
882a9d8db9fffff,H3,2025,20,3.5
882a9d8db9fffff,H3,2025,21,3.5
882a9d8db9fffff,H3,2025,22,3.3
882a9d8db9fffff,H3,2025,23,2.8
882a9e3a23fffff,H3,2025,0,1.8
882a9e3a23fffff,H3,2025,1,1.6
882a9e3a23fffff,H3,2025,2,1.4
882a9e3a23fffff,H3,2025,3,1.2
882a9e3a23fffff,H3,2025,4,1.1
882a9e3a23fffff,H3,2025,5,1.0
882a9e3a23fffff,H3,2025,6,0.9
882a9e3a23fffff,H3,2025,7,0.8
882a9e3a23fffff,H3,2025,8,0.7
882a9e3a23fffff,H3,2025,9,0.6
882a9e3a23fffff,H3,2025,10,0.7
882a9e3a23fffff,H3,2025,11,0.8
882a9e3a23fffff,H3,2025,12,0.9
882a9e3a23fffff,H3,2025,13,0.9
882a9e3a23fffff,H3,2025,14,1.0
882a9e3a23fffff,H3,2025,15,1.2
882a9e3a23fffff,H3,2025,16,1.6
882a9e3a23fffff,H3,2025,17,2.0
882a9e3a23fffff,H3,2025,18,2.4
882a9e3a23fffff,H3,2025,19,2.6
882a9e3a23fffff,H3,2025,20,2.7
882a9e3a23fffff,H3,2025,21,2.6
882a9e3a23fffff,H3,2025,22,2.4
882a9e3a23fffff,H3,2025,23,2.2
882aa122b1fffff,H3,2025,0,15.5
882aa122b1fffff,H3,2025,1,13.5
882aa122b1fffff,H3,2025,2,11.7
882aa122b1fffff,H3,2025,3,10.5
882aa122b1fffff,H3,2025,4,9.5
882aa122b1fffff,H3,2025,5,8.6
882aa122b1fffff,H3,2025,6,7.8
882aa122b1fffff,H3,2025,7,6.4
882aa122b1fffff,H3,2025,8,5.5
882aa122b1fffff,H3,2025,9,5.3
882aa122b1fffff,H3,2025,10,5.8
882aa122b1fffff,H3,2025,11,6.6
882aa122b1fffff,H3,2025,12,7.6
882aa122b1fffff,H3,2025,13,8.5
882aa122b1fffff,H3,2025,14,9.4
882aa122b1fffff,H3,2025,15,11.0
882aa122b1fffff,H3,2025,16,13.8
882aa122b1fffff,H3,2025,17,17.8
882aa122b1fffff,H3,2025,18,20.8
882aa122b1fffff,H3,2025,19,22.2
882aa122b1fffff,H3,2025,20,23.0
882aa122b1fffff,H3,2025,21,22.4
882aa122b1fffff,H3,2025,22,20.7
882aa122b1fffff,H3,2025,23,18.3
882aa12d85fffff,H3,2025,0,1.8
882aa12d85fffff,H3,2025,1,1.6
882aa12d85fffff,H3,2025,2,1.4
882aa12d85fffff,H3,2025,3,1.2
882aa12d85fffff,H3,2025,4,1.1
882aa12d85fffff,H3,2025,5,1.0
882aa12d85fffff,H3,2025,6,0.9
882aa12d85fffff,H3,2025,7,0.7
882aa12d85fffff,H3,2025,8,0.6
882aa12d85fffff,H3,2025,9,0.6
882aa12d85fffff,H3,2025,10,0.7
882aa12d85fffff,H3,2025,11,0.7
882aa12d85fffff,H3,2025,12,0.8
882aa12d85fffff,H3,2025,13,0.9
882aa12d85fffff,H3,2025,14,1.0
882aa12d85fffff,H3,2025,15,1.2
882aa12d85fffff,H3,2025,16,1.6
882aa12d85fffff,H3,2025,17,2.0
882aa12d85fffff,H3,2025,18,2.4
882aa12d85fffff,H3,2025,19,2.5
882aa12d85fffff,H3,2025,20,2.6
882aa12d85fffff,H3,2025,21,2.6
882aa12d85fffff,H3,2025,22,2.4
882aa12d85fffff,H3,2025,23,2.2
882aa13581fffff,H3,2025,0,8.1
882aa13581fffff,H3,2025,1,7.0
882aa13581fffff,H3,2025,2,6.1
882aa13581fffff,H3,2025,3,5.5
882aa13581fffff,H3,2025,4,5.0
882aa13581fffff,H3,2025,5,4.5
882aa13581fffff,H3,2025,6,4.1
882aa13581fffff,H3,2025,7,3.3
882aa13581fffff,H3,2025,8,2.7
882aa13581fffff,H3,2025,9,2.6
882aa13581fffff,H3,2025,10,2.8
882aa13581fffff,H3,2025,11,3.3
882aa13581fffff,H3,2025,12,3.9
882aa13581fffff,H3,2025,13,4.2
882aa13581fffff,H3,2025,14,4.8
882aa13581fffff,H3,2025,15,5.6
882aa13581fffff,H3,2025,16,6.9
882aa13581fffff,H3,2025,17,9.1
882aa13581fffff,H3,2025,18,10.6
882aa13581fffff,H3,2025,19,11.4
882aa13581fffff,H3,2025,20,11.8
882aa13581fffff,H3,2025,21,11.6
882aa13581fffff,H3,2025,22,10.7
882aa13581fffff,H3,2025,23,9.5
882aa1359bfffff,H3,2025,0,1.9
882aa1359bfffff,H3,2025,1,1.7
882aa1359bfffff,H3,2025,2,1.5
882aa1359bfffff,H3,2025,3,1.4
882aa1359bfffff,H3,2025,4,1.2
882aa1359bfffff,H3,2025,5,1.1
882aa1359bfffff,H3,2025,6,1.0
882aa1359bfffff,H3,2025,7,0.8
882aa1359bfffff,H3,2025,8,0.7
882aa1359bfffff,H3,2025,9,0.7
882aa1359bfffff,H3,2025,10,0.7
882aa1359bfffff,H3,2025,11,0.8
882aa1359bfffff,H3,2025,12,0.9
882aa1359bfffff,H3,2025,13,1.0
882aa1359bfffff,H3,2025,14,1.1
882aa1359bfffff,H3,2025,15,1.4
882aa1359bfffff,H3,2025,16,1.7
882aa1359bfffff,H3,2025,17,2.2
882aa1359bfffff,H3,2025,18,2.5
882aa1359bfffff,H3,2025,19,2.7
882aa1359bfffff,H3,2025,20,2.8
882aa1359bfffff,H3,2025,21,2.8
882aa1359bfffff,H3,2025,22,2.6
882aa1359bfffff,H3,2025,23,2.3
882aa1b893fffff,H3,2025,0,1.9
882aa1b893fffff,H3,2025,1,1.7
882aa1b893fffff,H3,2025,2,1.5
882aa1b893fffff,H3,2025,3,1.4
882aa1b893fffff,H3,2025,4,1.2
882aa1b893fffff,H3,2025,5,1.1
882aa1b893fffff,H3,2025,6,1.0
882aa1b893fffff,H3,2025,7,0.8
882aa1b893fffff,H3,2025,8,0.7
882aa1b893fffff,H3,2025,9,0.7
882aa1b893fffff,H3,2025,10,0.7
882aa1b893fffff,H3,2025,11,0.8
882aa1b893fffff,H3,2025,12,0.9
882aa1b893fffff,H3,2025,13,1.0
882aa1b893fffff,H3,2025,14,1.1
882aa1b893fffff,H3,2025,15,1.4
882aa1b893fffff,H3,2025,16,1.7
882aa1b893fffff,H3,2025,17,2.3
882aa1b893fffff,H3,2025,18,2.6
882aa1b893fffff,H3,2025,19,2.8
882aa1b893fffff,H3,2025,20,3.0
882aa1b893fffff,H3,2025,21,2.8
882aa1b893fffff,H3,2025,22,2.6
882aa1b893fffff,H3,2025,23,2.3
882aa1caedfffff,H3,2025,0,5.7
882aa1caedfffff,H3,2025,1,5.0
882aa1caedfffff,H3,2025,2,4.3
882aa1caedfffff,H3,2025,3,3.9
882aa1caedfffff,H3,2025,4,3.5
882aa1caedfffff,H3,2025,5,3.2
882aa1caedfffff,H3,2025,6,2.8
882aa1caedfffff,H3,2025,7,2.3
882aa1caedfffff,H3,2025,8,1.9
882aa1caedfffff,H3,2025,9,1.8
882aa1caedfffff,H3,2025,10,2.0
882aa1caedfffff,H3,2025,11,2.3
882aa1caedfffff,H3,2025,12,2.7
882aa1caedfffff,H3,2025,13,3.0
882aa1caedfffff,H3,2025,14,3.4
882aa1caedfffff,H3,2025,15,4.0
882aa1caedfffff,H3,2025,16,4.9
882aa1caedfffff,H3,2025,17,6.5
882aa1caedfffff,H3,2025,18,7.5
882aa1caedfffff,H3,2025,19,8.1
882aa1caedfffff,H3,2025,20,8.4
882aa1caedfffff,H3,2025,21,8.2
882aa1caedfffff,H3,2025,22,7.6
882aa1caedfffff,H3,2025,23,6.7
882aa1ceb1fffff,H3,2025,0,1.4
882aa1ceb1fffff,H3,2025,1,1.2
882aa1ceb1fffff,H3,2025,2,1.0
882aa1ceb1fffff,H3,2025,3,0.9
882aa1ceb1fffff,H3,2025,4,0.9
882aa1ceb1fffff,H3,2025,5,0.8
882aa1ceb1fffff,H3,2025,6,0.7
882aa1ceb1fffff,H3,2025,7,0.6
882aa1ceb1fffff,H3,2025,8,0.6
882aa1ceb1fffff,H3,2025,9,0.5
882aa1ceb1fffff,H3,2025,10,0.6
882aa1ceb1fffff,H3,2025,11,0.6
882aa1ceb1fffff,H3,2025,12,0.7
882aa1ceb1fffff,H3,2025,13,0.8
882aa1ceb1fffff,H3,2025,14,0.9
882aa1ceb1fffff,H3,2025,15,1.0
882aa1ceb1fffff,H3,2025,16,1.2
882aa1ceb1fffff,H3,2025,17,1.7
882aa1ceb1fffff,H3,2025,18,1.9
882aa1ceb1fffff,H3,2025,19,2.0
882aa1ceb1fffff,H3,2025,20,2.2
882aa1ceb1fffff,H3,2025,21,2.0
882aa1ceb1fffff,H3,2025,22,1.9
882aa1ceb1fffff,H3,2025,23,1.7
882aa201a3fffff,H3,2025,0,1.8
882aa201a3fffff,H3,2025,1,1.6
882aa201a3fffff,H3,2025,2,1.4
882aa201a3fffff,H3,2025,3,1.2
882aa201a3fffff,H3,2025,4,1.1
882aa201a3fffff,H3,2025,5,1.0
882aa201a3fffff,H3,2025,6,0.9
882aa201a3fffff,H3,2025,7,0.8
882aa201a3fffff,H3,2025,8,0.7
882aa201a3fffff,H3,2025,9,0.6
882aa201a3fffff,H3,2025,10,0.7
882aa201a3fffff,H3,2025,11,0.8
882aa201a3fffff,H3,2025,12,0.9
882aa201a3fffff,H3,2025,13,0.9
882aa201a3fffff,H3,2025,14,1.0
882aa201a3fffff,H3,2025,15,1.2
882aa201a3fffff,H3,2025,16,1.6
882aa201a3fffff,H3,2025,17,2.0
882aa201a3fffff,H3,2025,18,2.4
882aa201a3fffff,H3,2025,19,2.6
882aa201a3fffff,H3,2025,20,2.7
882aa201a3fffff,H3,2025,21,2.6
882aa201a3fffff,H3,2025,22,2.4
882aa201a3fffff,H3,2025,23,2.2
882aa28355fffff,H3,2025,0,2.0
882aa28355fffff,H3,2025,1,1.8
882aa28355fffff,H3,2025,2,1.6
882aa28355fffff,H3,2025,3,1.4
882aa28355fffff,H3,2025,4,1.2
882aa28355fffff,H3,2025,5,1.1
882aa28355fffff,H3,2025,6,1.0
882aa28355fffff,H3,2025,7,0.8
882aa28355fffff,H3,2025,8,0.7
882aa28355fffff,H3,2025,9,0.7
882aa28355fffff,H3,2025,10,0.8
882aa28355fffff,H3,2025,11,0.9
882aa28355fffff,H3,2025,12,1.0
882aa28355fffff,H3,2025,13,1.1
882aa28355fffff,H3,2025,14,1.2
882aa28355fffff,H3,2025,15,1.5
882aa28355fffff,H3,2025,16,1.8
882aa28355fffff,H3,2025,17,2.4
882aa28355fffff,H3,2025,18,2.7
882aa28355fffff,H3,2025,19,3.0
882aa28355fffff,H3,2025,20,3.1
882aa28355fffff,H3,2025,21,3.0
882aa28355fffff,H3,2025,22,2.7
882aa28355fffff,H3,2025,23,2.4
882aa2c0d3fffff,H3,2025,0,1.9
882aa2c0d3fffff,H3,2025,1,1.7
882aa2c0d3fffff,H3,2025,2,1.5
882aa2c0d3fffff,H3,2025,3,1.4
882aa2c0d3fffff,H3,2025,4,1.2
882aa2c0d3fffff,H3,2025,5,1.1
882aa2c0d3fffff,H3,2025,6,1.0
882aa2c0d3fffff,H3,2025,7,0.8
882aa2c0d3fffff,H3,2025,8,0.7
882aa2c0d3fffff,H3,2025,9,0.7
882aa2c0d3fffff,H3,2025,10,0.7
882aa2c0d3fffff,H3,2025,11,0.8
882aa2c0d3fffff,H3,2025,12,0.9
882aa2c0d3fffff,H3,2025,13,1.0
882aa2c0d3fffff,H3,2025,14,1.1
882aa2c0d3fffff,H3,2025,15,1.4
882aa2c0d3fffff,H3,2025,16,1.7
882aa2c0d3fffff,H3,2025,17,2.2
882aa2c0d3fffff,H3,2025,18,2.6
882aa2c0d3fffff,H3,2025,19,2.7
882aa2c0d3fffff,H3,2025,20,2.8
882aa2c0d3fffff,H3,2025,21,2.8
882aa2c0d3fffff,H3,2025,22,2.6
882aa2c0d3fffff,H3,2025,23,2.3
882aa372c3fffff,H3,2025,0,4.8
882aa372c3fffff,H3,2025,1,4.2
882aa372c3fffff,H3,2025,2,3.6
882aa372c3fffff,H3,2025,3,3.3
882aa372c3fffff,H3,2025,4,3.0
882aa372c3fffff,H3,2025,5,2.7
882aa372c3fffff,H3,2025,6,2.4
882aa372c3fffff,H3,2025,7,1.9
882aa372c3fffff,H3,2025,8,1.7
882aa372c3fffff,H3,2025,9,1.7
882aa372c3fffff,H3,2025,10,1.8
882aa372c3fffff,H3,2025,11,2.2
882aa372c3fffff,H3,2025,12,2.4
882aa372c3fffff,H3,2025,13,2.7
882aa372c3fffff,H3,2025,14,3.0
882aa372c3fffff,H3,2025,15,3.4
882aa372c3fffff,H3,2025,16,4.2
882aa372c3fffff,H3,2025,17,5.5
882aa372c3fffff,H3,2025,18,6.5
882aa372c3fffff,H3,2025,19,6.8
882aa372c3fffff,H3,2025,20,7.2
882aa372c3fffff,H3,2025,21,6.9
882aa372c3fffff,H3,2025,22,6.5
882aa372c3fffff,H3,2025,23,5.7
882aa38c1bfffff,H3,2025,0,1.2
882aa38c1bfffff,H3,2025,1,1.1
882aa38c1bfffff,H3,2025,2,1.0
882aa38c1bfffff,H3,2025,3,0.9
882aa38c1bfffff,H3,2025,4,0.8
882aa38c1bfffff,H3,2025,5,0.7
882aa38c1bfffff,H3,2025,6,0.7
882aa38c1bfffff,H3,2025,7,0.6
882aa38c1bfffff,H3,2025,8,0.5
882aa38c1bfffff,H3,2025,9,0.5
882aa38c1bfffff,H3,2025,10,0.5
882aa38c1bfffff,H3,2025,11,0.6
882aa38c1bfffff,H3,2025,12,0.6
882aa38c1bfffff,H3,2025,13,0.7
882aa38c1bfffff,H3,2025,14,0.8
882aa38c1bfffff,H3,2025,15,0.9
882aa38c1bfffff,H3,2025,16,1.0
882aa38c1bfffff,H3,2025,17,1.4
882aa38c1bfffff,H3,2025,18,1.7
882aa38c1bfffff,H3,2025,19,1.8
882aa38c1bfffff,H3,2025,20,1.8
882aa38c1bfffff,H3,2025,21,1.8
882aa38c1bfffff,H3,2025,22,1.7
882aa38c1bfffff,H3,2025,23,1.5
882aa38c55fffff,H3,2025,0,10.3
882aa38c55fffff,H3,2025,1,9.1
882aa38c55fffff,H3,2025,2,8.0
882aa38c55fffff,H3,2025,3,7.2
882aa38c55fffff,H3,2025,4,6.5
882aa38c55fffff,H3,2025,5,5.9
882aa38c55fffff,H3,2025,6,5.2
882aa38c55fffff,H3,2025,7,4.2
882aa38c55fffff,H3,2025,8,3.5
882aa38c55fffff,H3,2025,9,3.4
882aa38c55fffff,H3,2025,10,3.6
882aa38c55fffff,H3,2025,11,4.2
882aa38c55fffff,H3,2025,12,4.9
882aa38c55fffff,H3,2025,13,5.5
882aa38c55fffff,H3,2025,14,6.0
882aa38c55fffff,H3,2025,15,7.2
882aa38c55fffff,H3,2025,16,8.9
882aa38c55fffff,H3,2025,17,11.6
882aa38c55fffff,H3,2025,18,13.6
882aa38c55fffff,H3,2025,19,14.5
882aa38c55fffff,H3,2025,20,15.2
882aa38c55fffff,H3,2025,21,14.9
882aa38c55fffff,H3,2025,22,13.8
882aa38c55fffff,H3,2025,23,12.3
882aa4631dfffff,H3,2025,0,6.9
882aa4631dfffff,H3,2025,1,6.1
882aa4631dfffff,H3,2025,2,5.3
882aa4631dfffff,H3,2025,3,4.8
882aa4631dfffff,H3,2025,4,4.3
882aa4631dfffff,H3,2025,5,4.0
882aa4631dfffff,H3,2025,6,3.5
882aa4631dfffff,H3,2025,7,2.8
882aa4631dfffff,H3,2025,8,2.4
882aa4631dfffff,H3,2025,9,2.3
882aa4631dfffff,H3,2025,10,2.5
882aa4631dfffff,H3,2025,11,2.8
882aa4631dfffff,H3,2025,12,3.3
882aa4631dfffff,H3,2025,13,3.6
882aa4631dfffff,H3,2025,14,4.1
882aa4631dfffff,H3,2025,15,4.8
882aa4631dfffff,H3,2025,16,5.9
882aa4631dfffff,H3,2025,17,7.7
882aa4631dfffff,H3,2025,18,9.1
882aa4631dfffff,H3,2025,19,9.8
882aa4631dfffff,H3,2025,20,10.2
882aa4631dfffff,H3,2025,21,10.0
882aa4631dfffff,H3,2025,22,9.2
882aa4631dfffff,H3,2025,23,8.2
882aa4c8b5fffff,H3,2025,0,3.9
882aa4c8b5fffff,H3,2025,1,3.4
882aa4c8b5fffff,H3,2025,2,3.0
882aa4c8b5fffff,H3,2025,3,2.6
882aa4c8b5fffff,H3,2025,4,2.4
882aa4c8b5fffff,H3,2025,5,2.2
882aa4c8b5fffff,H3,2025,6,1.9
882aa4c8b5fffff,H3,2025,7,1.6
882aa4c8b5fffff,H3,2025,8,1.4
882aa4c8b5fffff,H3,2025,9,1.2
882aa4c8b5fffff,H3,2025,10,1.4
882aa4c8b5fffff,H3,2025,11,1.6
882aa4c8b5fffff,H3,2025,12,1.8
882aa4c8b5fffff,H3,2025,13,2.0
882aa4c8b5fffff,H3,2025,14,2.3
882aa4c8b5fffff,H3,2025,15,2.7
882aa4c8b5fffff,H3,2025,16,3.4
882aa4c8b5fffff,H3,2025,17,4.4
882aa4c8b5fffff,H3,2025,18,5.1
882aa4c8b5fffff,H3,2025,19,5.5
882aa4c8b5fffff,H3,2025,20,5.7
882aa4c8b5fffff,H3,2025,21,5.6
882aa4c8b5fffff,H3,2025,22,5.1
882aa4c8b5fffff,H3,2025,23,4.5
882aa52741fffff,H3,2025,0,2.2
882aa52741fffff,H3,2025,1,1.8
882aa52741fffff,H3,2025,2,1.6
882aa52741fffff,H3,2025,3,1.4
882aa52741fffff,H3,2025,4,1.2
882aa52741fffff,H3,2025,5,1.1
882aa52741fffff,H3,2025,6,1.1
882aa52741fffff,H3,2025,7,0.9
882aa52741fffff,H3,2025,8,0.8
882aa52741fffff,H3,2025,9,0.8
882aa52741fffff,H3,2025,10,0.8
882aa52741fffff,H3,2025,11,0.9
882aa52741fffff,H3,2025,12,1.0
882aa52741fffff,H3,2025,13,1.2
882aa52741fffff,H3,2025,14,1.4
882aa52741fffff,H3,2025,15,1.6
882aa52741fffff,H3,2025,16,2.0
882aa52741fffff,H3,2025,17,2.5
882aa52741fffff,H3,2025,18,3.0
882aa52741fffff,H3,2025,19,3.2
882aa52741fffff,H3,2025,20,3.2
882aa52741fffff,H3,2025,21,3.1
882aa52741fffff,H3,2025,22,2.8
882aa52741fffff,H3,2025,23,2.5
882aa5ad89fffff,H3,2025,0,1.8
882aa5ad89fffff,H3,2025,1,1.6
882aa5ad89fffff,H3,2025,2,1.4
882aa5ad89fffff,H3,2025,3,1.2
882aa5ad89fffff,H3,2025,4,1.1
882aa5ad89fffff,H3,2025,5,1.0
882aa5ad89fffff,H3,2025,6,0.9
882aa5ad89fffff,H3,2025,7,0.8
882aa5ad89fffff,H3,2025,8,0.7
882aa5ad89fffff,H3,2025,9,0.6
882aa5ad89fffff,H3,2025,10,0.7
882aa5ad89fffff,H3,2025,11,0.8
882aa5ad89fffff,H3,2025,12,0.9
882aa5ad89fffff,H3,2025,13,0.9
882aa5ad89fffff,H3,2025,14,1.0
882aa5ad89fffff,H3,2025,15,1.2
882aa5ad89fffff,H3,2025,16,1.6
882aa5ad89fffff,H3,2025,17,2.0
882aa5ad89fffff,H3,2025,18,2.4
882aa5ad89fffff,H3,2025,19,2.6
882aa5ad89fffff,H3,2025,20,2.7
882aa5ad89fffff,H3,2025,21,2.6
882aa5ad89fffff,H3,2025,22,2.5
882aa5ad89fffff,H3,2025,23,2.2
882aa6c909fffff,H3,2025,0,8.9
882aa6c909fffff,H3,2025,1,7.7
882aa6c909fffff,H3,2025,2,6.7
882aa6c909fffff,H3,2025,3,6.0
882aa6c909fffff,H3,2025,4,5.5
882aa6c909fffff,H3,2025,5,5.0
882aa6c909fffff,H3,2025,6,4.4
882aa6c909fffff,H3,2025,7,3.5
882aa6c909fffff,H3,2025,8,3.0
882aa6c909fffff,H3,2025,9,2.8
882aa6c909fffff,H3,2025,10,3.1
882aa6c909fffff,H3,2025,11,3.5
882aa6c909fffff,H3,2025,12,4.1
882aa6c909fffff,H3,2025,13,4.5
882aa6c909fffff,H3,2025,14,5.1
882aa6c909fffff,H3,2025,15,5.9
882aa6c909fffff,H3,2025,16,7.4
882aa6c909fffff,H3,2025,17,9.8
882aa6c909fffff,H3,2025,18,11.4
882aa6c909fffff,H3,2025,19,12.3
882aa6c909fffff,H3,2025,20,12.8
882aa6c909fffff,H3,2025,21,12.5
882aa6c909fffff,H3,2025,22,11.7
882aa6c909fffff,H3,2025,23,10.5
882aa6c943fffff,H3,2025,0,1.2
882aa6c943fffff,H3,2025,1,1.0
882aa6c943fffff,H3,2025,2,0.9
882aa6c943fffff,H3,2025,3,0.8
882aa6c943fffff,H3,2025,4,0.8
882aa6c943fffff,H3,2025,5,0.7
882aa6c943fffff,H3,2025,6,0.6
882aa6c943fffff,H3,2025,7,0.5
882aa6c943fffff,H3,2025,8,0.5
882aa6c943fffff,H3,2025,9,0.3
882aa6c943fffff,H3,2025,10,0.5
882aa6c943fffff,H3,2025,11,0.5
882aa6c943fffff,H3,2025,12,0.6
882aa6c943fffff,H3,2025,13,0.7
882aa6c943fffff,H3,2025,14,0.7
882aa6c943fffff,H3,2025,15,0.8
882aa6c943fffff,H3,2025,16,1.0
882aa6c943fffff,H3,2025,17,1.4
882aa6c943fffff,H3,2025,18,1.6
882aa6c943fffff,H3,2025,19,1.7
882aa6c943fffff,H3,2025,20,1.8
882aa6c943fffff,H3,2025,21,1.7
882aa6c943fffff,H3,2025,22,1.6
882aa6c943fffff,H3,2025,23,1.5
882aa6cb43fffff,H3,2025,0,2.5
882aa6cb43fffff,H3,2025,1,2.2
882aa6cb43fffff,H3,2025,2,1.9
882aa6cb43fffff,H3,2025,3,1.7
882aa6cb43fffff,H3,2025,4,1.5
882aa6cb43fffff,H3,2025,5,1.4
882aa6cb43fffff,H3,2025,6,1.2
882aa6cb43fffff,H3,2025,7,1.1
882aa6cb43fffff,H3,2025,8,1.0
882aa6cb43fffff,H3,2025,9,0.9
882aa6cb43fffff,H3,2025,10,1.0
882aa6cb43fffff,H3,2025,11,1.1
882aa6cb43fffff,H3,2025,12,1.4
882aa6cb43fffff,H3,2025,13,1.6
882aa6cb43fffff,H3,2025,14,1.7
882aa6cb43fffff,H3,2025,15,1.9
882aa6cb43fffff,H3,2025,16,2.5
882aa6cb43fffff,H3,2025,17,3.2
882aa6cb43fffff,H3,2025,18,3.6
882aa6cb43fffff,H3,2025,19,3.9
882aa6cb43fffff,H3,2025,20,3.9
882aa6cb43fffff,H3,2025,21,3.8
882aa6cb43fffff,H3,2025,22,3.4
882aa6cb43fffff,H3,2025,23,3.0
882aa6d8a5fffff,H3,2025,0,2.8
882aa6d8a5fffff,H3,2025,1,2.5
882aa6d8a5fffff,H3,2025,2,2.2
882aa6d8a5fffff,H3,2025,3,1.9
882aa6d8a5fffff,H3,2025,4,1.7
882aa6d8a5fffff,H3,2025,5,1.6
882aa6d8a5fffff,H3,2025,6,1.4
882aa6d8a5fffff,H3,2025,7,1.1
882aa6d8a5fffff,H3,2025,8,0.9
882aa6d8a5fffff,H3,2025,9,0.9
882aa6d8a5fffff,H3,2025,10,1.0
882aa6d8a5fffff,H3,2025,11,1.1
882aa6d8a5fffff,H3,2025,12,1.2
882aa6d8a5fffff,H3,2025,13,1.5
882aa6d8a5fffff,H3,2025,14,1.6
882aa6d8a5fffff,H3,2025,15,1.9
882aa6d8a5fffff,H3,2025,16,2.4
882aa6d8a5fffff,H3,2025,17,3.1
882aa6d8a5fffff,H3,2025,18,3.6
882aa6d8a5fffff,H3,2025,19,3.9
882aa6d8a5fffff,H3,2025,20,4.1
882aa6d8a5fffff,H3,2025,21,4.0
882aa6d8a5fffff,H3,2025,22,3.6
882aa6d8a5fffff,H3,2025,23,3.3
882aa6d93bfffff,H3,2025,0,1.4
882aa6d93bfffff,H3,2025,1,1.1
882aa6d93bfffff,H3,2025,2,1.0
882aa6d93bfffff,H3,2025,3,0.9
882aa6d93bfffff,H3,2025,4,0.8
882aa6d93bfffff,H3,2025,5,0.8
882aa6d93bfffff,H3,2025,6,0.7
882aa6d93bfffff,H3,2025,7,0.6
882aa6d93bfffff,H3,2025,8,0.5
882aa6d93bfffff,H3,2025,9,0.5
882aa6d93bfffff,H3,2025,10,0.5
882aa6d93bfffff,H3,2025,11,0.6
882aa6d93bfffff,H3,2025,12,0.7
882aa6d93bfffff,H3,2025,13,0.7
882aa6d93bfffff,H3,2025,14,0.8
882aa6d93bfffff,H3,2025,15,0.9
882aa6d93bfffff,H3,2025,16,1.1
882aa6d93bfffff,H3,2025,17,1.5
882aa6d93bfffff,H3,2025,18,1.8
882aa6d93bfffff,H3,2025,19,1.9
882aa6d93bfffff,H3,2025,20,1.9
882aa6d93bfffff,H3,2025,21,1.9
882aa6d93bfffff,H3,2025,22,1.8
882aa6d93bfffff,H3,2025,23,1.6
882aa80215fffff,H3,2025,0,5.0
882aa80215fffff,H3,2025,1,4.3
882aa80215fffff,H3,2025,2,3.6
882aa80215fffff,H3,2025,3,3.3
882aa80215fffff,H3,2025,4,3.0
882aa80215fffff,H3,2025,5,2.7
882aa80215fffff,H3,2025,6,2.6
882aa80215fffff,H3,2025,7,2.3
882aa80215fffff,H3,2025,8,2.3
882aa80215fffff,H3,2025,9,2.4
882aa80215fffff,H3,2025,10,2.5
882aa80215fffff,H3,2025,11,2.8
882aa80215fffff,H3,2025,12,3.3
882aa80215fffff,H3,2025,13,3.8
882aa80215fffff,H3,2025,14,3.9
882aa80215fffff,H3,2025,15,4.4
882aa80215fffff,H3,2025,16,5.3
882aa80215fffff,H3,2025,17,6.7
882aa80215fffff,H3,2025,18,7.7
882aa80215fffff,H3,2025,19,8.0
882aa80215fffff,H3,2025,20,8.1
882aa80215fffff,H3,2025,21,7.7
882aa80215fffff,H3,2025,22,7.0
882aa80215fffff,H3,2025,23,6.1
882aa8023bfffff,H3,2025,0,52.7
882aa8023bfffff,H3,2025,0,0.1
882aa8023bfffff,H3,2025,1,46.2
882aa8023bfffff,H3,2025,1,0.1
882aa8023bfffff,H3,2025,2,40.3
882aa8023bfffff,H3,2025,2,0.1
882aa8023bfffff,H3,2025,3,36.2
882aa8023bfffff,H3,2025,3,0.1
882aa8023bfffff,H3,2025,4,32.8
882aa8023bfffff,H3,2025,4,0.1
882aa8023bfffff,H3,2025,5,29.8
882aa8023bfffff,H3,2025,5,0.1
882aa8023bfffff,H3,2025,6,26.5
882aa8023bfffff,H3,2025,6,0.0
882aa8023bfffff,H3,2025,7,21.1
882aa8023bfffff,H3,2025,7,0.0
882aa8023bfffff,H3,2025,8,17.7
882aa8023bfffff,H3,2025,8,0.0
882aa8023bfffff,H3,2025,9,17.0
882aa8023bfffff,H3,2025,9,0.0
882aa8023bfffff,H3,2025,10,18.4
882aa8023bfffff,H3,2025,10,0.0
882aa8023bfffff,H3,2025,11,21.1
882aa8023bfffff,H3,2025,11,0.0
882aa8023bfffff,H3,2025,12,24.4
882aa8023bfffff,H3,2025,12,0.0
882aa8023bfffff,H3,2025,13,27.2
882aa8023bfffff,H3,2025,13,0.1
882aa8023bfffff,H3,2025,14,30.5
882aa8023bfffff,H3,2025,14,0.1
882aa8023bfffff,H3,2025,15,35.7
882aa8023bfffff,H3,2025,15,0.1
882aa8023bfffff,H3,2025,16,44.5
882aa8023bfffff,H3,2025,16,0.1
882aa8023bfffff,H3,2025,17,58.4
882aa8023bfffff,H3,2025,17,0.1
882aa8023bfffff,H3,2025,18,68.5
882aa8023bfffff,H3,2025,18,0.1
882aa8023bfffff,H3,2025,19,73.6
882aa8023bfffff,H3,2025,19,0.1
882aa8023bfffff,H3,2025,20,76.7
882aa8023bfffff,H3,2025,20,0.1
882aa8023bfffff,H3,2025,21,75.1
882aa8023bfffff,H3,2025,21,0.1
882aa8023bfffff,H3,2025,22,69.8
882aa8023bfffff,H3,2025,22,0.1
882aa8023bfffff,H3,2025,23,62.2
882aa8023bfffff,H3,2025,23,0.1
882aa8108dfffff,H3,2025,0,1.5
882aa8108dfffff,H3,2025,1,1.4
882aa8108dfffff,H3,2025,2,1.1
882aa8108dfffff,H3,2025,3,1.0
882aa8108dfffff,H3,2025,4,0.9
882aa8108dfffff,H3,2025,5,0.9
882aa8108dfffff,H3,2025,6,0.8
882aa8108dfffff,H3,2025,7,0.6
882aa8108dfffff,H3,2025,8,0.5
882aa8108dfffff,H3,2025,9,0.5
882aa8108dfffff,H3,2025,10,0.6
882aa8108dfffff,H3,2025,11,0.6
882aa8108dfffff,H3,2025,12,0.7
882aa8108dfffff,H3,2025,13,0.8
882aa8108dfffff,H3,2025,14,0.9
882aa8108dfffff,H3,2025,15,1.0
882aa8108dfffff,H3,2025,16,1.2
882aa8108dfffff,H3,2025,17,1.7
882aa8108dfffff,H3,2025,18,1.9
882aa8108dfffff,H3,2025,19,2.0
882aa8108dfffff,H3,2025,20,2.2
882aa8108dfffff,H3,2025,21,2.2
882aa8108dfffff,H3,2025,22,2.0
882aa8108dfffff,H3,2025,23,1.8
882aa81965fffff,H3,2025,0,24.1
882aa81965fffff,H3,2025,1,21.1
882aa81965fffff,H3,2025,2,18.3
882aa81965fffff,H3,2025,3,16.5
882aa81965fffff,H3,2025,4,14.9
882aa81965fffff,H3,2025,5,13.6
882aa81965fffff,H3,2025,6,12.2
882aa81965fffff,H3,2025,7,9.8
882aa81965fffff,H3,2025,8,8.3
882aa81965fffff,H3,2025,9,8.0
882aa81965fffff,H3,2025,10,8.6
882aa81965fffff,H3,2025,11,9.9
882aa81965fffff,H3,2025,12,11.5
882aa81965fffff,H3,2025,13,12.8
882aa81965fffff,H3,2025,14,14.2
882aa81965fffff,H3,2025,15,16.8
882aa81965fffff,H3,2025,16,20.9
882aa81965fffff,H3,2025,17,27.3
882aa81965fffff,H3,2025,18,31.9
882aa81965fffff,H3,2025,19,34.2
882aa81965fffff,H3,2025,20,35.5
882aa81965fffff,H3,2025,21,34.7
882aa81965fffff,H3,2025,22,32.0
882aa81965fffff,H3,2025,23,28.5
882aa84083fffff,H3,2025,0,1.2
882aa84083fffff,H3,2025,1,1.0
882aa84083fffff,H3,2025,2,0.9
882aa84083fffff,H3,2025,3,0.8
882aa84083fffff,H3,2025,4,0.8
882aa84083fffff,H3,2025,5,0.7
882aa84083fffff,H3,2025,6,0.7
882aa84083fffff,H3,2025,7,0.5
882aa84083fffff,H3,2025,8,0.5
882aa84083fffff,H3,2025,9,0.5
882aa84083fffff,H3,2025,10,0.5
882aa84083fffff,H3,2025,11,0.5
882aa84083fffff,H3,2025,12,0.6
882aa84083fffff,H3,2025,13,0.7
882aa84083fffff,H3,2025,14,0.7
882aa84083fffff,H3,2025,15,0.9
882aa84083fffff,H3,2025,16,1.0
882aa84083fffff,H3,2025,17,1.4
882aa84083fffff,H3,2025,18,1.6
882aa84083fffff,H3,2025,19,1.7
882aa84083fffff,H3,2025,20,1.8
882aa84083fffff,H3,2025,21,1.8
882aa84083fffff,H3,2025,22,1.6
882aa84083fffff,H3,2025,23,1.5
882aa84517fffff,H3,2025,0,2.3
882aa84517fffff,H3,2025,1,1.9
882aa84517fffff,H3,2025,2,1.7
882aa84517fffff,H3,2025,3,1.5
882aa84517fffff,H3,2025,4,1.4
882aa84517fffff,H3,2025,5,1.2
882aa84517fffff,H3,2025,6,1.1
882aa84517fffff,H3,2025,7,0.9
882aa84517fffff,H3,2025,8,0.8
882aa84517fffff,H3,2025,9,0.8
882aa84517fffff,H3,2025,10,0.9
882aa84517fffff,H3,2025,11,1.0
882aa84517fffff,H3,2025,12,1.1
882aa84517fffff,H3,2025,13,1.2
882aa84517fffff,H3,2025,14,1.4
882aa84517fffff,H3,2025,15,1.6
882aa84517fffff,H3,2025,16,1.9
882aa84517fffff,H3,2025,17,2.5
882aa84517fffff,H3,2025,18,3.0
882aa84517fffff,H3,2025,19,3.2
882aa84517fffff,H3,2025,20,3.3
882aa84517fffff,H3,2025,21,3.2
882aa84517fffff,H3,2025,22,3.0
882aa84517fffff,H3,2025,23,2.6
882aa84527fffff,H3,2025,0,4.4
882aa84527fffff,H3,2025,1,3.9
882aa84527fffff,H3,2025,2,3.3
882aa84527fffff,H3,2025,3,3.0
882aa84527fffff,H3,2025,4,2.7
882aa84527fffff,H3,2025,5,2.5
882aa84527fffff,H3,2025,6,2.2
882aa84527fffff,H3,2025,7,1.7
882aa84527fffff,H3,2025,8,1.5
882aa84527fffff,H3,2025,9,1.4
882aa84527fffff,H3,2025,10,1.5
882aa84527fffff,H3,2025,11,1.7
882aa84527fffff,H3,2025,12,2.0
882aa84527fffff,H3,2025,13,2.3
882aa84527fffff,H3,2025,14,2.5
882aa84527fffff,H3,2025,15,3.0
882aa84527fffff,H3,2025,16,3.6
882aa84527fffff,H3,2025,17,4.8
882aa84527fffff,H3,2025,18,5.7
882aa84527fffff,H3,2025,19,6.1
882aa84527fffff,H3,2025,20,6.4
882aa84527fffff,H3,2025,21,6.2
882aa84527fffff,H3,2025,22,5.8
882aa84527fffff,H3,2025,23,5.1
882aa84581fffff,H3,2025,0,1.6
882aa84581fffff,H3,2025,1,1.4
882aa84581fffff,H3,2025,2,1.2
882aa84581fffff,H3,2025,3,1.1
882aa84581fffff,H3,2025,4,1.0
882aa84581fffff,H3,2025,5,0.9
882aa84581fffff,H3,2025,6,0.8
882aa84581fffff,H3,2025,7,0.7
882aa84581fffff,H3,2025,8,0.6
882aa84581fffff,H3,2025,9,0.6
882aa84581fffff,H3,2025,10,0.6
882aa84581fffff,H3,2025,11,0.7
882aa84581fffff,H3,2025,12,0.8
882aa84581fffff,H3,2025,13,0.8
882aa84581fffff,H3,2025,14,0.9
882aa84581fffff,H3,2025,15,1.1
882aa84581fffff,H3,2025,16,1.4
882aa84581fffff,H3,2025,17,1.8
882aa84581fffff,H3,2025,18,2.0
882aa84581fffff,H3,2025,19,2.3
882aa84581fffff,H3,2025,20,2.4
882aa84581fffff,H3,2025,21,2.3
882aa84581fffff,H3,2025,22,2.2
882aa84581fffff,H3,2025,23,1.9
882aa84583fffff,H3,2025,0,22.3
882aa84583fffff,H3,2025,1,19.5
882aa84583fffff,H3,2025,2,17.0
882aa84583fffff,H3,2025,3,15.3
882aa84583fffff,H3,2025,4,14.0
882aa84583fffff,H3,2025,5,12.6
882aa84583fffff,H3,2025,6,11.1
882aa84583fffff,H3,2025,7,8.9
882aa84583fffff,H3,2025,8,7.5
882aa84583fffff,H3,2025,9,7.2
882aa84583fffff,H3,2025,10,7.7
882aa84583fffff,H3,2025,11,8.9
882aa84583fffff,H3,2025,12,10.2
882aa84583fffff,H3,2025,13,11.5
882aa84583fffff,H3,2025,14,12.8
882aa84583fffff,H3,2025,15,15.0
882aa84583fffff,H3,2025,16,18.8
882aa84583fffff,H3,2025,17,24.5
882aa84583fffff,H3,2025,18,28.9
882aa84583fffff,H3,2025,19,31.0
882aa84583fffff,H3,2025,20,32.4
882aa84583fffff,H3,2025,21,31.7
882aa84583fffff,H3,2025,22,29.5
882aa84583fffff,H3,2025,23,26.4
882aa84587fffff,H3,2025,0,2.0
882aa84587fffff,H3,2025,1,1.8
882aa84587fffff,H3,2025,2,1.6
882aa84587fffff,H3,2025,3,1.4
882aa84587fffff,H3,2025,4,1.2
882aa84587fffff,H3,2025,5,1.1
882aa84587fffff,H3,2025,6,1.0
882aa84587fffff,H3,2025,7,0.8
882aa84587fffff,H3,2025,8,0.7
882aa84587fffff,H3,2025,9,0.7
882aa84587fffff,H3,2025,10,0.7
882aa84587fffff,H3,2025,11,0.8
882aa84587fffff,H3,2025,12,0.9
882aa84587fffff,H3,2025,13,1.0
882aa84587fffff,H3,2025,14,1.1
882aa84587fffff,H3,2025,15,1.4
882aa84587fffff,H3,2025,16,1.7
882aa84587fffff,H3,2025,17,2.3
882aa84587fffff,H3,2025,18,2.7
882aa84587fffff,H3,2025,19,2.8
882aa84587fffff,H3,2025,20,3.0
882aa84587fffff,H3,2025,21,3.0
882aa84587fffff,H3,2025,22,2.7
882aa84587fffff,H3,2025,23,2.4
882aa84597fffff,H3,2025,0,24.1
882aa84597fffff,H3,2025,1,21.1
882aa84597fffff,H3,2025,2,18.4
882aa84597fffff,H3,2025,3,16.6
882aa84597fffff,H3,2025,4,15.0
882aa84597fffff,H3,2025,5,13.6
882aa84597fffff,H3,2025,6,12.2
882aa84597fffff,H3,2025,7,9.8
882aa84597fffff,H3,2025,8,8.2
882aa84597fffff,H3,2025,9,8.0
882aa84597fffff,H3,2025,10,8.5
882aa84597fffff,H3,2025,11,9.8
882aa84597fffff,H3,2025,12,11.4
882aa84597fffff,H3,2025,13,12.6
882aa84597fffff,H3,2025,14,14.1
882aa84597fffff,H3,2025,15,16.6
882aa84597fffff,H3,2025,16,20.6
882aa84597fffff,H3,2025,17,26.9
882aa84597fffff,H3,2025,18,31.6
882aa84597fffff,H3,2025,19,33.9
882aa84597fffff,H3,2025,20,35.3
882aa84597fffff,H3,2025,21,34.5
882aa84597fffff,H3,2025,22,32.0
882aa84597fffff,H3,2025,23,28.5
882aa845a1fffff,H3,2025,0,16.9
882aa845a1fffff,H3,2025,1,14.9
882aa845a1fffff,H3,2025,2,13.0
882aa845a1fffff,H3,2025,3,11.7
882aa845a1fffff,H3,2025,4,10.6
882aa845a1fffff,H3,2025,5,9.5
882aa845a1fffff,H3,2025,6,8.5
882aa845a1fffff,H3,2025,7,6.8
882aa845a1fffff,H3,2025,8,5.7
882aa845a1fffff,H3,2025,9,5.5
882aa845a1fffff,H3,2025,10,5.9
882aa845a1fffff,H3,2025,11,6.7
882aa845a1fffff,H3,2025,12,7.8
882aa845a1fffff,H3,2025,13,8.6
882aa845a1fffff,H3,2025,14,9.8
882aa845a1fffff,H3,2025,15,11.4
882aa845a1fffff,H3,2025,16,14.2
882aa845a1fffff,H3,2025,17,18.6
882aa845a1fffff,H3,2025,18,21.9
882aa845a1fffff,H3,2025,19,23.5
882aa845a1fffff,H3,2025,20,24.5
882aa845a1fffff,H3,2025,21,24.1
882aa845a1fffff,H3,2025,22,22.4
882aa845a1fffff,H3,2025,23,20.0
882aa845a3fffff,H3,2025,0,1.4
882aa845a3fffff,H3,2025,1,1.1
882aa845a3fffff,H3,2025,2,1.0
882aa845a3fffff,H3,2025,3,0.9
882aa845a3fffff,H3,2025,4,0.8
882aa845a3fffff,H3,2025,5,0.8
882aa845a3fffff,H3,2025,6,0.7
882aa845a3fffff,H3,2025,7,0.6
882aa845a3fffff,H3,2025,8,0.5
882aa845a3fffff,H3,2025,9,0.5
882aa845a3fffff,H3,2025,10,0.5
882aa845a3fffff,H3,2025,11,0.6
882aa845a3fffff,H3,2025,12,0.7
882aa845a3fffff,H3,2025,13,0.7
882aa845a3fffff,H3,2025,14,0.8
882aa845a3fffff,H3,2025,15,0.9
882aa845a3fffff,H3,2025,16,1.1
882aa845a3fffff,H3,2025,17,1.6
882aa845a3fffff,H3,2025,18,1.8
882aa845a3fffff,H3,2025,19,1.9
882aa845a3fffff,H3,2025,20,2.0
882aa845a3fffff,H3,2025,21,1.9
882aa845a3fffff,H3,2025,22,1.8
882aa845a3fffff,H3,2025,23,1.6
882aa845a9fffff,H3,2025,0,98.1
882aa845a9fffff,H3,2025,1,85.9
882aa845a9fffff,H3,2025,2,75.0
882aa845a9fffff,H3,2025,3,67.6
882aa845a9fffff,H3,2025,4,61.1
882aa845a9fffff,H3,2025,5,55.5
882aa845a9fffff,H3,2025,6,49.1
882aa845a9fffff,H3,2025,7,39.1
882aa845a9fffff,H3,2025,8,32.8
882aa845a9fffff,H3,2025,9,31.6
882aa845a9fffff,H3,2025,10,34.1
882aa845a9fffff,H3,2025,11,39.1
882aa845a9fffff,H3,2025,12,45.1
882aa845a9fffff,H3,2025,13,50.1
882aa845a9fffff,H3,2025,14,56.2
882aa845a9fffff,H3,2025,15,66.0
882aa845a9fffff,H3,2025,16,82.3
882aa845a9fffff,H3,2025,17,108.0
882aa845a9fffff,H3,2025,18,126.8
882aa845a9fffff,H3,2025,19,136.4
882aa845a9fffff,H3,2025,20,142.3
882aa845a9fffff,H3,2025,21,139.4
882aa845a9fffff,H3,2025,22,129.5
882aa845a9fffff,H3,2025,23,115.6
882aa845abfffff,H3,2025,0,5.7
882aa845abfffff,H3,2025,1,4.9
882aa845abfffff,H3,2025,2,4.3
882aa845abfffff,H3,2025,3,3.9
882aa845abfffff,H3,2025,4,3.5
882aa845abfffff,H3,2025,5,3.2
882aa845abfffff,H3,2025,6,2.8
882aa845abfffff,H3,2025,7,2.3
882aa845abfffff,H3,2025,8,1.9
882aa845abfffff,H3,2025,9,1.8
882aa845abfffff,H3,2025,10,2.0
882aa845abfffff,H3,2025,11,2.3
882aa845abfffff,H3,2025,12,2.7
882aa845abfffff,H3,2025,13,3.0
882aa845abfffff,H3,2025,14,3.4
882aa845abfffff,H3,2025,15,4.0
882aa845abfffff,H3,2025,16,4.9
882aa845abfffff,H3,2025,17,6.5
882aa845abfffff,H3,2025,18,7.5
882aa845abfffff,H3,2025,19,8.0
882aa845abfffff,H3,2025,20,8.3
882aa845abfffff,H3,2025,21,8.1
882aa845abfffff,H3,2025,22,7.5
882aa845abfffff,H3,2025,23,6.6
882aa845adfffff,H3,2025,0,33.2
882aa845adfffff,H3,2025,1,29.1
882aa845adfffff,H3,2025,2,25.5
882aa845adfffff,H3,2025,3,22.8
882aa845adfffff,H3,2025,4,20.7
882aa845adfffff,H3,2025,5,18.8
882aa845adfffff,H3,2025,6,16.7
882aa845adfffff,H3,2025,7,13.3
882aa845adfffff,H3,2025,8,11.1
882aa845adfffff,H3,2025,9,10.7
882aa845adfffff,H3,2025,10,11.6
882aa845adfffff,H3,2025,11,13.3
882aa845adfffff,H3,2025,12,15.3
882aa845adfffff,H3,2025,13,17.0
882aa845adfffff,H3,2025,14,19.1
882aa845adfffff,H3,2025,15,22.4
882aa845adfffff,H3,2025,16,28.0
882aa845adfffff,H3,2025,17,36.7
882aa845adfffff,H3,2025,18,43.1
882aa845adfffff,H3,2025,19,46.4
882aa845adfffff,H3,2025,20,48.3
882aa845adfffff,H3,2025,21,47.3
882aa845adfffff,H3,2025,22,44.0
882aa845adfffff,H3,2025,23,39.2
882aa845b5fffff,H3,2025,0,4.7
882aa845b5fffff,H3,2025,1,4.1
882aa845b5fffff,H3,2025,2,3.6
882aa845b5fffff,H3,2025,3,3.3
882aa845b5fffff,H3,2025,4,3.0
882aa845b5fffff,H3,2025,5,2.6
882aa845b5fffff,H3,2025,6,2.4
882aa845b5fffff,H3,2025,7,1.8
882aa845b5fffff,H3,2025,8,1.6
882aa845b5fffff,H3,2025,9,1.5
882aa845b5fffff,H3,2025,10,1.6
882aa845b5fffff,H3,2025,11,1.8
882aa845b5fffff,H3,2025,12,2.2
882aa845b5fffff,H3,2025,13,2.4
882aa845b5fffff,H3,2025,14,2.7
882aa845b5fffff,H3,2025,15,3.2
882aa845b5fffff,H3,2025,16,4.0
882aa845b5fffff,H3,2025,17,5.1
882aa845b5fffff,H3,2025,18,6.0
882aa845b5fffff,H3,2025,19,6.6
882aa845b5fffff,H3,2025,20,6.8
882aa845b5fffff,H3,2025,21,6.7
882aa845b5fffff,H3,2025,22,6.2
882aa845b5fffff,H3,2025,23,5.6
882aa845bbfffff,H3,2025,0,2.5
882aa845bbfffff,H3,2025,1,2.2
882aa845bbfffff,H3,2025,2,1.9
882aa845bbfffff,H3,2025,3,1.7
882aa845bbfffff,H3,2025,4,1.6
882aa845bbfffff,H3,2025,5,1.4
882aa845bbfffff,H3,2025,6,1.2
882aa845bbfffff,H3,2025,7,1.0
882aa845bbfffff,H3,2025,8,0.8
882aa845bbfffff,H3,2025,9,0.8
882aa845bbfffff,H3,2025,10,0.9
882aa845bbfffff,H3,2025,11,1.0
882aa845bbfffff,H3,2025,12,1.1
882aa845bbfffff,H3,2025,13,1.2
882aa845bbfffff,H3,2025,14,1.5
882aa845bbfffff,H3,2025,15,1.7
882aa845bbfffff,H3,2025,16,2.2
882aa845bbfffff,H3,2025,17,2.7
882aa845bbfffff,H3,2025,18,3.2
882aa845bbfffff,H3,2025,19,3.5
882aa845bbfffff,H3,2025,20,3.6
882aa845bbfffff,H3,2025,21,3.5
882aa845bbfffff,H3,2025,22,3.3
882aa845bbfffff,H3,2025,23,3.0
882aa845bdfffff,H3,2025,0,1.2
882aa845bdfffff,H3,2025,1,1.1
882aa845bdfffff,H3,2025,2,1.0
882aa845bdfffff,H3,2025,3,0.9
882aa845bdfffff,H3,2025,4,0.8
882aa845bdfffff,H3,2025,5,0.8
882aa845bdfffff,H3,2025,6,0.7
882aa845bdfffff,H3,2025,7,0.6
882aa845bdfffff,H3,2025,8,0.5
882aa845bdfffff,H3,2025,9,0.5
882aa845bdfffff,H3,2025,10,0.5
882aa845bdfffff,H3,2025,11,0.6
882aa845bdfffff,H3,2025,12,0.6
882aa845bdfffff,H3,2025,13,0.7
882aa845bdfffff,H3,2025,14,0.8
882aa845bdfffff,H3,2025,15,0.9
882aa845bdfffff,H3,2025,16,1.1
882aa845bdfffff,H3,2025,17,1.5
882aa845bdfffff,H3,2025,18,1.7
882aa845bdfffff,H3,2025,19,1.8
882aa845bdfffff,H3,2025,20,1.9
882aa845bdfffff,H3,2025,21,1.8
882aa845bdfffff,H3,2025,22,1.7
882aa845bdfffff,H3,2025,23,1.6
882aa845cbfffff,H3,2025,0,18.0
882aa845cbfffff,H3,2025,1,15.7
882aa845cbfffff,H3,2025,2,13.8
882aa845cbfffff,H3,2025,3,12.4
882aa845cbfffff,H3,2025,4,11.1
882aa845cbfffff,H3,2025,5,10.1
882aa845cbfffff,H3,2025,6,9.0
882aa845cbfffff,H3,2025,7,7.2
882aa845cbfffff,H3,2025,8,6.0
882aa845cbfffff,H3,2025,9,5.8
882aa845cbfffff,H3,2025,10,6.2
882aa845cbfffff,H3,2025,11,7.2
882aa845cbfffff,H3,2025,12,8.2
882aa845cbfffff,H3,2025,13,9.2
882aa845cbfffff,H3,2025,14,10.2
882aa845cbfffff,H3,2025,15,12.0
882aa845cbfffff,H3,2025,16,15.0
882aa845cbfffff,H3,2025,17,19.8
882aa845cbfffff,H3,2025,18,23.2
882aa845cbfffff,H3,2025,19,24.9
882aa845cbfffff,H3,2025,20,26.0
882aa845cbfffff,H3,2025,21,25.5
882aa845cbfffff,H3,2025,22,23.8
882aa845cbfffff,H3,2025,23,21.1
882aa845ddfffff,H3,2025,0,3.8
882aa845ddfffff,H3,2025,1,3.3
882aa845ddfffff,H3,2025,2,2.8
882aa845ddfffff,H3,2025,3,2.5
882aa845ddfffff,H3,2025,4,2.3
882aa845ddfffff,H3,2025,5,2.0
882aa845ddfffff,H3,2025,6,1.8
882aa845ddfffff,H3,2025,7,1.5
882aa845ddfffff,H3,2025,8,1.2
882aa845ddfffff,H3,2025,9,1.2
882aa845ddfffff,H3,2025,10,1.2
882aa845ddfffff,H3,2025,11,1.5
882aa845ddfffff,H3,2025,12,1.7
882aa845ddfffff,H3,2025,13,1.9
882aa845ddfffff,H3,2025,14,2.2
882aa845ddfffff,H3,2025,15,2.5
882aa845ddfffff,H3,2025,16,3.1
882aa845ddfffff,H3,2025,17,4.1
882aa845ddfffff,H3,2025,18,4.8
882aa845ddfffff,H3,2025,19,5.1
882aa845ddfffff,H3,2025,20,5.3
882aa845ddfffff,H3,2025,21,5.2
882aa845ddfffff,H3,2025,22,4.9
882aa845ddfffff,H3,2025,23,4.3
882aa84681fffff,H3,2025,0,8.2
882aa84681fffff,H3,2025,1,7.2
882aa84681fffff,H3,2025,2,6.2
882aa84681fffff,H3,2025,3,5.7
882aa84681fffff,H3,2025,4,5.1
882aa84681fffff,H3,2025,5,4.7
882aa84681fffff,H3,2025,6,4.1
882aa84681fffff,H3,2025,7,3.3
882aa84681fffff,H3,2025,8,2.7
882aa84681fffff,H3,2025,9,2.6
882aa84681fffff,H3,2025,10,2.8
882aa84681fffff,H3,2025,11,3.3
882aa84681fffff,H3,2025,12,3.8
882aa84681fffff,H3,2025,13,4.2
882aa84681fffff,H3,2025,14,4.7
882aa84681fffff,H3,2025,15,5.5
882aa84681fffff,H3,2025,16,6.8
882aa84681fffff,H3,2025,17,9.0
882aa84681fffff,H3,2025,18,10.6
882aa84681fffff,H3,2025,19,11.4
882aa84681fffff,H3,2025,20,11.8
882aa84681fffff,H3,2025,21,11.6
882aa84681fffff,H3,2025,22,10.8
882aa84681fffff,H3,2025,23,9.7
882aa84c97fffff,H3,2025,0,2.4
882aa84c97fffff,H3,2025,1,2.0
882aa84c97fffff,H3,2025,2,1.8
882aa84c97fffff,H3,2025,3,1.6
882aa84c97fffff,H3,2025,4,1.5
882aa84c97fffff,H3,2025,5,1.4
882aa84c97fffff,H3,2025,6,1.1
882aa84c97fffff,H3,2025,7,0.9
882aa84c97fffff,H3,2025,8,0.8
882aa84c97fffff,H3,2025,9,0.8
882aa84c97fffff,H3,2025,10,0.8
882aa84c97fffff,H3,2025,11,0.9
882aa84c97fffff,H3,2025,12,1.0
882aa84c97fffff,H3,2025,13,1.2
882aa84c97fffff,H3,2025,14,1.4
882aa84c97fffff,H3,2025,15,1.6
882aa84c97fffff,H3,2025,16,1.9
882aa84c97fffff,H3,2025,17,2.6
882aa84c97fffff,H3,2025,18,3.1
882aa84c97fffff,H3,2025,19,3.3
882aa84c97fffff,H3,2025,20,3.4
882aa84c97fffff,H3,2025,21,3.3
882aa84c97fffff,H3,2025,22,3.1
882aa84c97fffff,H3,2025,23,2.7
882aa85411fffff,H3,2025,0,14.4
882aa85411fffff,H3,2025,1,12.7
882aa85411fffff,H3,2025,2,11.0
882aa85411fffff,H3,2025,3,10.0
882aa85411fffff,H3,2025,4,9.1
882aa85411fffff,H3,2025,5,8.2
882aa85411fffff,H3,2025,6,7.3
882aa85411fffff,H3,2025,7,5.8
882aa85411fffff,H3,2025,8,4.9
882aa85411fffff,H3,2025,9,4.7
882aa85411fffff,H3,2025,10,5.0
882aa85411fffff,H3,2025,11,5.8
882aa85411fffff,H3,2025,12,6.7
882aa85411fffff,H3,2025,13,7.4
882aa85411fffff,H3,2025,14,8.3
882aa85411fffff,H3,2025,15,9.8
882aa85411fffff,H3,2025,16,12.2
882aa85411fffff,H3,2025,17,16.0
882aa85411fffff,H3,2025,18,18.8
882aa85411fffff,H3,2025,19,20.1
882aa85411fffff,H3,2025,20,21.0
882aa85411fffff,H3,2025,21,20.6
882aa85411fffff,H3,2025,22,19.2
882aa85411fffff,H3,2025,23,17.0
882aa8558dfffff,H3,2025,0,3.2
882aa8558dfffff,H3,2025,1,2.7
882aa8558dfffff,H3,2025,2,2.4
882aa8558dfffff,H3,2025,3,2.2
882aa8558dfffff,H3,2025,4,1.9
882aa8558dfffff,H3,2025,5,1.8
882aa8558dfffff,H3,2025,6,1.6
882aa8558dfffff,H3,2025,7,1.2
882aa8558dfffff,H3,2025,8,1.1
882aa8558dfffff,H3,2025,9,1.0
882aa8558dfffff,H3,2025,10,1.1
882aa8558dfffff,H3,2025,11,1.2
882aa8558dfffff,H3,2025,12,1.5
882aa8558dfffff,H3,2025,13,1.7
882aa8558dfffff,H3,2025,14,1.9
882aa8558dfffff,H3,2025,15,2.3
882aa8558dfffff,H3,2025,16,2.8
882aa8558dfffff,H3,2025,17,3.6
882aa8558dfffff,H3,2025,18,4.2
882aa8558dfffff,H3,2025,19,4.5
882aa8558dfffff,H3,2025,20,4.7
882aa8558dfffff,H3,2025,21,4.5
882aa8558dfffff,H3,2025,22,4.2
882aa8558dfffff,H3,2025,23,3.8
882aa85593fffff,H3,2025,0,1.5
882aa85593fffff,H3,2025,1,1.2
882aa85593fffff,H3,2025,2,1.1
882aa85593fffff,H3,2025,3,1.0
882aa85593fffff,H3,2025,4,0.9
882aa85593fffff,H3,2025,5,0.8
882aa85593fffff,H3,2025,6,0.8
882aa85593fffff,H3,2025,7,0.6
882aa85593fffff,H3,2025,8,0.5
882aa85593fffff,H3,2025,9,0.5
882aa85593fffff,H3,2025,10,0.6
882aa85593fffff,H3,2025,11,0.6
882aa85593fffff,H3,2025,12,0.7
882aa85593fffff,H3,2025,13,0.8
882aa85593fffff,H3,2025,14,0.9
882aa85593fffff,H3,2025,15,1.0
882aa85593fffff,H3,2025,16,1.2
882aa85593fffff,H3,2025,17,1.7
882aa85593fffff,H3,2025,18,1.9
882aa85593fffff,H3,2025,19,2.0
882aa85593fffff,H3,2025,20,2.2
882aa85593fffff,H3,2025,21,2.2
882aa85593fffff,H3,2025,22,1.9
882aa85593fffff,H3,2025,23,1.7
882aa8686bfffff,H3,2025,0,4.9
882aa8686bfffff,H3,2025,1,4.3
882aa8686bfffff,H3,2025,2,3.8
882aa8686bfffff,H3,2025,3,3.4
882aa8686bfffff,H3,2025,4,3.1
882aa8686bfffff,H3,2025,5,2.8
882aa8686bfffff,H3,2025,6,2.5
882aa8686bfffff,H3,2025,7,2.0
882aa8686bfffff,H3,2025,8,1.7
882aa8686bfffff,H3,2025,9,1.6
882aa8686bfffff,H3,2025,10,1.7
882aa8686bfffff,H3,2025,11,2.0
882aa8686bfffff,H3,2025,12,2.3
882aa8686bfffff,H3,2025,13,2.6
882aa8686bfffff,H3,2025,14,2.8
882aa8686bfffff,H3,2025,15,3.4
882aa8686bfffff,H3,2025,16,4.2
882aa8686bfffff,H3,2025,17,5.6
882aa8686bfffff,H3,2025,18,6.5
882aa8686bfffff,H3,2025,19,6.9
882aa8686bfffff,H3,2025,20,7.3
882aa8686bfffff,H3,2025,21,7.0
882aa8686bfffff,H3,2025,22,6.6
882aa8686bfffff,H3,2025,23,5.8
882aa86b07fffff,H3,2025,0,1.4
882aa86b07fffff,H3,2025,1,1.2
882aa86b07fffff,H3,2025,2,1.0
882aa86b07fffff,H3,2025,3,0.9
882aa86b07fffff,H3,2025,4,0.9
882aa86b07fffff,H3,2025,5,0.8
882aa86b07fffff,H3,2025,6,0.7
882aa86b07fffff,H3,2025,7,0.6
882aa86b07fffff,H3,2025,8,0.5
882aa86b07fffff,H3,2025,9,0.5
882aa86b07fffff,H3,2025,10,0.6
882aa86b07fffff,H3,2025,11,0.6
882aa86b07fffff,H3,2025,12,0.7
882aa86b07fffff,H3,2025,13,0.8
882aa86b07fffff,H3,2025,14,0.9
882aa86b07fffff,H3,2025,15,1.0
882aa86b07fffff,H3,2025,16,1.2
882aa86b07fffff,H3,2025,17,1.6
882aa86b07fffff,H3,2025,18,1.9
882aa86b07fffff,H3,2025,19,2.0
882aa86b07fffff,H3,2025,20,2.0
882aa86b07fffff,H3,2025,21,2.0
882aa86b07fffff,H3,2025,22,1.9
882aa86b07fffff,H3,2025,23,1.7
882aa86b3dfffff,H3,2025,0,15.3
882aa86b3dfffff,H3,2025,1,13.4
882aa86b3dfffff,H3,2025,2,11.7
882aa86b3dfffff,H3,2025,3,10.6
882aa86b3dfffff,H3,2025,4,9.5
882aa86b3dfffff,H3,2025,5,8.6
882aa86b3dfffff,H3,2025,6,7.7
882aa86b3dfffff,H3,2025,7,6.2
882aa86b3dfffff,H3,2025,8,5.2
882aa86b3dfffff,H3,2025,9,5.0
882aa86b3dfffff,H3,2025,10,5.5
882aa86b3dfffff,H3,2025,11,6.2
882aa86b3dfffff,H3,2025,12,7.2
882aa86b3dfffff,H3,2025,13,8.0
882aa86b3dfffff,H3,2025,14,9.0
882aa86b3dfffff,H3,2025,15,10.6
882aa86b3dfffff,H3,2025,16,13.1
882aa86b3dfffff,H3,2025,17,17.2
882aa86b3dfffff,H3,2025,18,20.1
882aa86b3dfffff,H3,2025,19,21.6
882aa86b3dfffff,H3,2025,20,22.4
882aa86b3dfffff,H3,2025,21,21.9
882aa86b3dfffff,H3,2025,22,20.3
882aa86b3dfffff,H3,2025,23,18.1
882aa871cdfffff,H3,2025,0,3.2
882aa871cdfffff,H3,2025,1,2.7
882aa871cdfffff,H3,2025,2,2.4
882aa871cdfffff,H3,2025,3,2.2
882aa871cdfffff,H3,2025,4,1.9
882aa871cdfffff,H3,2025,5,1.8
882aa871cdfffff,H3,2025,6,1.6
882aa871cdfffff,H3,2025,7,1.2
882aa871cdfffff,H3,2025,8,1.1
882aa871cdfffff,H3,2025,9,1.0
882aa871cdfffff,H3,2025,10,1.1
882aa871cdfffff,H3,2025,11,1.2
882aa871cdfffff,H3,2025,12,1.5
882aa871cdfffff,H3,2025,13,1.7
882aa871cdfffff,H3,2025,14,1.8
882aa871cdfffff,H3,2025,15,2.2
882aa871cdfffff,H3,2025,16,2.7
882aa871cdfffff,H3,2025,17,3.5
882aa871cdfffff,H3,2025,18,4.2
882aa871cdfffff,H3,2025,19,4.4
882aa871cdfffff,H3,2025,20,4.7
882aa871cdfffff,H3,2025,21,4.5
882aa871cdfffff,H3,2025,22,4.2
882aa871cdfffff,H3,2025,23,3.8
882aa87807fffff,H3,2025,0,1.2
882aa87807fffff,H3,2025,1,1.0
882aa87807fffff,H3,2025,2,0.9
882aa87807fffff,H3,2025,3,0.8
882aa87807fffff,H3,2025,4,0.8
882aa87807fffff,H3,2025,5,0.7
882aa87807fffff,H3,2025,6,0.6
882aa87807fffff,H3,2025,7,0.5
882aa87807fffff,H3,2025,8,0.5
882aa87807fffff,H3,2025,9,0.3
882aa87807fffff,H3,2025,10,0.5
882aa87807fffff,H3,2025,11,0.5
882aa87807fffff,H3,2025,12,0.6
882aa87807fffff,H3,2025,13,0.7
882aa87807fffff,H3,2025,14,0.7
882aa87807fffff,H3,2025,15,0.9
882aa87807fffff,H3,2025,16,1.0
882aa87807fffff,H3,2025,17,1.4
882aa87807fffff,H3,2025,18,1.6
882aa87807fffff,H3,2025,19,1.7
882aa87807fffff,H3,2025,20,1.8
882aa87807fffff,H3,2025,21,1.7
882aa87807fffff,H3,2025,22,1.6
882aa87807fffff,H3,2025,23,1.5
882aa8784bfffff,H3,2025,0,4.4
882aa8784bfffff,H3,2025,0,0.5
882aa8784bfffff,H3,2025,1,3.9
882aa8784bfffff,H3,2025,1,0.3
882aa8784bfffff,H3,2025,2,3.3
882aa8784bfffff,H3,2025,2,0.3
882aa8784bfffff,H3,2025,3,3.0
882aa8784bfffff,H3,2025,3,0.3
882aa8784bfffff,H3,2025,4,2.7
882aa8784bfffff,H3,2025,4,0.2
882aa8784bfffff,H3,2025,5,2.5
882aa8784bfffff,H3,2025,5,0.2
882aa8784bfffff,H3,2025,6,2.2
882aa8784bfffff,H3,2025,6,0.2
882aa8784bfffff,H3,2025,7,1.7
882aa8784bfffff,H3,2025,7,0.2
882aa8784bfffff,H3,2025,8,1.5
882aa8784bfffff,H3,2025,8,0.1
882aa8784bfffff,H3,2025,9,1.4
882aa8784bfffff,H3,2025,9,0.1
882aa8784bfffff,H3,2025,10,1.5
882aa8784bfffff,H3,2025,10,0.1
882aa8784bfffff,H3,2025,11,1.7
882aa8784bfffff,H3,2025,11,0.2
882aa8784bfffff,H3,2025,12,2.0
882aa8784bfffff,H3,2025,12,0.2
882aa8784bfffff,H3,2025,13,2.3
882aa8784bfffff,H3,2025,13,0.2
882aa8784bfffff,H3,2025,14,2.5
882aa8784bfffff,H3,2025,14,0.2
882aa8784bfffff,H3,2025,15,3.0
882aa8784bfffff,H3,2025,15,0.3
882aa8784bfffff,H3,2025,16,3.6
882aa8784bfffff,H3,2025,16,0.3
882aa8784bfffff,H3,2025,17,4.8
882aa8784bfffff,H3,2025,17,0.6
882aa8784bfffff,H3,2025,18,5.7
882aa8784bfffff,H3,2025,18,0.6
882aa8784bfffff,H3,2025,19,6.0
882aa8784bfffff,H3,2025,19,0.7
882aa8784bfffff,H3,2025,20,6.4
882aa8784bfffff,H3,2025,20,0.7
882aa8784bfffff,H3,2025,21,6.2
882aa8784bfffff,H3,2025,21,0.7
882aa8784bfffff,H3,2025,22,5.8
882aa8784bfffff,H3,2025,22,0.6
882aa8784bfffff,H3,2025,23,5.1
882aa8784bfffff,H3,2025,23,0.6
882aa87925fffff,H3,2025,0,2.2
882aa87925fffff,H3,2025,1,1.8
882aa87925fffff,H3,2025,2,1.6
882aa87925fffff,H3,2025,3,1.5
882aa87925fffff,H3,2025,4,1.4
882aa87925fffff,H3,2025,5,1.2
882aa87925fffff,H3,2025,6,1.0
882aa87925fffff,H3,2025,7,0.8
882aa87925fffff,H3,2025,8,0.7
882aa87925fffff,H3,2025,9,0.7
882aa87925fffff,H3,2025,10,0.8
882aa87925fffff,H3,2025,11,0.8
882aa87925fffff,H3,2025,12,1.0
882aa87925fffff,H3,2025,13,1.1
882aa87925fffff,H3,2025,14,1.2
882aa87925fffff,H3,2025,15,1.5
882aa87925fffff,H3,2025,16,1.8
882aa87925fffff,H3,2025,17,2.4
882aa87925fffff,H3,2025,18,2.7
882aa87925fffff,H3,2025,19,3.0
882aa87925fffff,H3,2025,20,3.1
882aa87925fffff,H3,2025,21,3.0
882aa87925fffff,H3,2025,22,2.8
882aa87925fffff,H3,2025,23,2.5
882aa87a2bfffff,H3,2025,0,6.8
882aa87a2bfffff,H3,2025,1,5.9
882aa87a2bfffff,H3,2025,2,5.2
882aa87a2bfffff,H3,2025,3,4.7
882aa87a2bfffff,H3,2025,4,4.2
882aa87a2bfffff,H3,2025,5,3.9
882aa87a2bfffff,H3,2025,6,3.4
882aa87a2bfffff,H3,2025,7,2.8
882aa87a2bfffff,H3,2025,8,2.4
882aa87a2bfffff,H3,2025,9,2.4
882aa87a2bfffff,H3,2025,10,2.5
882aa87a2bfffff,H3,2025,11,3.0
882aa87a2bfffff,H3,2025,12,3.4
882aa87a2bfffff,H3,2025,13,3.8
882aa87a2bfffff,H3,2025,14,4.2
882aa87a2bfffff,H3,2025,15,4.9
882aa87a2bfffff,H3,2025,16,6.1
882aa87a2bfffff,H3,2025,17,8.0
882aa87a2bfffff,H3,2025,18,9.2
882aa87a2bfffff,H3,2025,19,9.9
882aa87a2bfffff,H3,2025,20,10.2
882aa87a2bfffff,H3,2025,21,9.9
882aa87a2bfffff,H3,2025,22,9.2
882aa87a2bfffff,H3,2025,23,8.1
882aa87a35fffff,H3,2025,0,5.5
882aa87a35fffff,H3,2025,1,4.8
882aa87a35fffff,H3,2025,2,4.2
882aa87a35fffff,H3,2025,3,3.8
882aa87a35fffff,H3,2025,4,3.4
882aa87a35fffff,H3,2025,5,3.1
882aa87a35fffff,H3,2025,6,2.8
882aa87a35fffff,H3,2025,7,2.3
882aa87a35fffff,H3,2025,8,1.9
882aa87a35fffff,H3,2025,9,1.8
882aa87a35fffff,H3,2025,10,2.0
882aa87a35fffff,H3,2025,11,2.3
882aa87a35fffff,H3,2025,12,2.7
882aa87a35fffff,H3,2025,13,3.0
882aa87a35fffff,H3,2025,14,3.3
882aa87a35fffff,H3,2025,15,4.0
882aa87a35fffff,H3,2025,16,4.9
882aa87a35fffff,H3,2025,17,6.4
882aa87a35fffff,H3,2025,18,7.4
882aa87a35fffff,H3,2025,19,7.8
882aa87a35fffff,H3,2025,20,8.2
882aa87a35fffff,H3,2025,21,8.0
882aa87a35fffff,H3,2025,22,7.4
882aa87a35fffff,H3,2025,23,6.5
882aa87a65fffff,H3,2025,0,51.2
882aa87a65fffff,H3,2025,1,44.9
882aa87a65fffff,H3,2025,2,39.1
882aa87a65fffff,H3,2025,3,35.1
882aa87a65fffff,H3,2025,4,31.8
882aa87a65fffff,H3,2025,5,29.0
882aa87a65fffff,H3,2025,6,25.8
882aa87a65fffff,H3,2025,7,20.7
882aa87a65fffff,H3,2025,8,17.5
882aa87a65fffff,H3,2025,9,16.8
882aa87a65fffff,H3,2025,10,18.2
882aa87a65fffff,H3,2025,11,20.8
882aa87a65fffff,H3,2025,12,24.1
882aa87a65fffff,H3,2025,13,26.9
882aa87a65fffff,H3,2025,14,30.0
882aa87a65fffff,H3,2025,15,35.3
882aa87a65fffff,H3,2025,16,44.1
882aa87a65fffff,H3,2025,17,57.6
882aa87a65fffff,H3,2025,18,67.4
882aa87a65fffff,H3,2025,19,72.3
882aa87a65fffff,H3,2025,20,75.1
882aa87a65fffff,H3,2025,21,73.4
882aa87a65fffff,H3,2025,22,68.1
882aa87a65fffff,H3,2025,23,60.5
882aa87a67fffff,H3,2025,0,4.1
882aa87a67fffff,H3,2025,1,3.5
882aa87a67fffff,H3,2025,2,3.1
882aa87a67fffff,H3,2025,3,2.7
882aa87a67fffff,H3,2025,4,2.5
882aa87a67fffff,H3,2025,5,2.3
882aa87a67fffff,H3,2025,6,2.0
882aa87a67fffff,H3,2025,7,1.6
882aa87a67fffff,H3,2025,8,1.4
882aa87a67fffff,H3,2025,9,1.4
882aa87a67fffff,H3,2025,10,1.5
882aa87a67fffff,H3,2025,11,1.7
882aa87a67fffff,H3,2025,12,1.9
882aa87a67fffff,H3,2025,13,2.2
882aa87a67fffff,H3,2025,14,2.4
882aa87a67fffff,H3,2025,15,2.8
882aa87a67fffff,H3,2025,16,3.5
882aa87a67fffff,H3,2025,17,4.5
882aa87a67fffff,H3,2025,18,5.3
882aa87a67fffff,H3,2025,19,5.7
882aa87a67fffff,H3,2025,20,5.9
882aa87a67fffff,H3,2025,21,5.8
882aa87a67fffff,H3,2025,22,5.5
882aa87a67fffff,H3,2025,23,4.8
882aa87b01fffff,H3,2025,0,8.3
882aa87b01fffff,H3,2025,1,7.3
882aa87b01fffff,H3,2025,2,6.4
882aa87b01fffff,H3,2025,3,5.7
882aa87b01fffff,H3,2025,4,5.2
882aa87b01fffff,H3,2025,5,4.7
882aa87b01fffff,H3,2025,6,4.2
882aa87b01fffff,H3,2025,7,3.3
882aa87b01fffff,H3,2025,8,2.8
882aa87b01fffff,H3,2025,9,2.7
882aa87b01fffff,H3,2025,10,2.8
882aa87b01fffff,H3,2025,11,3.3
882aa87b01fffff,H3,2025,12,3.9
882aa87b01fffff,H3,2025,13,4.3
882aa87b01fffff,H3,2025,14,4.8
882aa87b01fffff,H3,2025,15,5.6
882aa87b01fffff,H3,2025,16,7.0
882aa87b01fffff,H3,2025,17,9.2
882aa87b01fffff,H3,2025,18,10.8
882aa87b01fffff,H3,2025,19,11.6
882aa87b01fffff,H3,2025,20,12.0
882aa87b01fffff,H3,2025,21,11.8
882aa87b01fffff,H3,2025,22,11.0
882aa87b01fffff,H3,2025,23,9.8
882aa87b51fffff,H3,2025,0,9.0
882aa87b51fffff,H3,2025,1,7.8
882aa87b51fffff,H3,2025,2,6.8
882aa87b51fffff,H3,2025,3,6.2
882aa87b51fffff,H3,2025,4,5.6
882aa87b51fffff,H3,2025,5,5.1
882aa87b51fffff,H3,2025,6,4.5
882aa87b51fffff,H3,2025,7,3.6
882aa87b51fffff,H3,2025,8,3.0
882aa87b51fffff,H3,2025,9,2.8
882aa87b51fffff,H3,2025,10,3.2
882aa87b51fffff,H3,2025,11,3.5
882aa87b51fffff,H3,2025,12,4.1
882aa87b51fffff,H3,2025,13,4.5
882aa87b51fffff,H3,2025,14,5.1
882aa87b51fffff,H3,2025,15,6.0
882aa87b51fffff,H3,2025,16,7.5
882aa87b51fffff,H3,2025,17,9.9
882aa87b51fffff,H3,2025,18,11.6
882aa87b51fffff,H3,2025,19,12.5
882aa87b51fffff,H3,2025,20,13.1
882aa87b51fffff,H3,2025,21,12.7
882aa87b51fffff,H3,2025,22,11.9
882aa87b51fffff,H3,2025,23,10.6
882aa87b6bfffff,H3,2025,0,1.7
882aa87b6bfffff,H3,2025,1,1.5
882aa87b6bfffff,H3,2025,2,1.2
882aa87b6bfffff,H3,2025,3,1.1
882aa87b6bfffff,H3,2025,4,1.0
882aa87b6bfffff,H3,2025,5,0.9
882aa87b6bfffff,H3,2025,6,0.9
882aa87b6bfffff,H3,2025,7,0.8
882aa87b6bfffff,H3,2025,8,0.7
882aa87b6bfffff,H3,2025,9,0.7
882aa87b6bfffff,H3,2025,10,0.8
882aa87b6bfffff,H3,2025,11,0.9
882aa87b6bfffff,H3,2025,12,1.0
882aa87b6bfffff,H3,2025,13,1.1
882aa87b6bfffff,H3,2025,14,1.1
882aa87b6bfffff,H3,2025,15,1.4
882aa87b6bfffff,H3,2025,16,1.7
882aa87b6bfffff,H3,2025,17,2.2
882aa87b6bfffff,H3,2025,18,2.5
882aa87b6bfffff,H3,2025,19,2.6
882aa87b6bfffff,H3,2025,20,2.6
882aa87b6bfffff,H3,2025,21,2.5
882aa87b6bfffff,H3,2025,22,2.4
882aa87b6bfffff,H3,2025,23,2.0
882aa89b0bfffff,H3,2025,0,1.4
882aa89b0bfffff,H3,2025,1,1.2
882aa89b0bfffff,H3,2025,2,1.0
882aa89b0bfffff,H3,2025,3,0.9
882aa89b0bfffff,H3,2025,4,0.8
882aa89b0bfffff,H3,2025,5,0.8
882aa89b0bfffff,H3,2025,6,0.7
882aa89b0bfffff,H3,2025,7,0.6
882aa89b0bfffff,H3,2025,8,0.5
882aa89b0bfffff,H3,2025,9,0.5
882aa89b0bfffff,H3,2025,10,0.6
882aa89b0bfffff,H3,2025,11,0.6
882aa89b0bfffff,H3,2025,12,0.7
882aa89b0bfffff,H3,2025,13,0.8
882aa89b0bfffff,H3,2025,14,0.9
882aa89b0bfffff,H3,2025,15,1.0
882aa89b0bfffff,H3,2025,16,1.2
882aa89b0bfffff,H3,2025,17,1.6
882aa89b0bfffff,H3,2025,18,1.9
882aa89b0bfffff,H3,2025,19,2.0
882aa89b0bfffff,H3,2025,20,2.0
882aa89b0bfffff,H3,2025,21,2.0
882aa89b0bfffff,H3,2025,22,1.8
882aa89b0bfffff,H3,2025,23,1.6
882aa8c1e5fffff,H3,2025,0,1.2
882aa8c1e5fffff,H3,2025,1,1.1
882aa8c1e5fffff,H3,2025,2,0.9
882aa8c1e5fffff,H3,2025,3,0.9
882aa8c1e5fffff,H3,2025,4,0.8
882aa8c1e5fffff,H3,2025,5,0.7
882aa8c1e5fffff,H3,2025,6,0.7
882aa8c1e5fffff,H3,2025,7,0.5
882aa8c1e5fffff,H3,2025,8,0.5
882aa8c1e5fffff,H3,2025,9,0.5
882aa8c1e5fffff,H3,2025,10,0.5
882aa8c1e5fffff,H3,2025,11,0.5
882aa8c1e5fffff,H3,2025,12,0.6
882aa8c1e5fffff,H3,2025,13,0.7
882aa8c1e5fffff,H3,2025,14,0.7
882aa8c1e5fffff,H3,2025,15,0.9
882aa8c1e5fffff,H3,2025,16,1.0
882aa8c1e5fffff,H3,2025,17,1.4
882aa8c1e5fffff,H3,2025,18,1.6
882aa8c1e5fffff,H3,2025,19,1.7
882aa8c1e5fffff,H3,2025,20,1.8
882aa8c1e5fffff,H3,2025,21,1.8
882aa8c1e5fffff,H3,2025,22,1.7
882aa8c1e5fffff,H3,2025,23,1.5
882aa8c2bbfffff,H3,2025,0,11.6
882aa8c2bbfffff,H3,2025,1,10.1
882aa8c2bbfffff,H3,2025,2,8.9
882aa8c2bbfffff,H3,2025,3,8.0
882aa8c2bbfffff,H3,2025,4,7.2
882aa8c2bbfffff,H3,2025,5,6.6
882aa8c2bbfffff,H3,2025,6,5.8
882aa8c2bbfffff,H3,2025,7,4.7
882aa8c2bbfffff,H3,2025,8,3.9
882aa8c2bbfffff,H3,2025,9,3.8
882aa8c2bbfffff,H3,2025,10,4.0
882aa8c2bbfffff,H3,2025,11,4.7
882aa8c2bbfffff,H3,2025,12,5.3
882aa8c2bbfffff,H3,2025,13,5.9
882aa8c2bbfffff,H3,2025,14,6.6
882aa8c2bbfffff,H3,2025,15,7.8
882aa8c2bbfffff,H3,2025,16,9.8
882aa8c2bbfffff,H3,2025,17,12.7
882aa8c2bbfffff,H3,2025,18,15.0
882aa8c2bbfffff,H3,2025,19,16.1
882aa8c2bbfffff,H3,2025,20,16.8
882aa8c2bbfffff,H3,2025,21,16.5
882aa8c2bbfffff,H3,2025,22,15.3
882aa8c2bbfffff,H3,2025,23,13.6
882aa8c531fffff,H3,2025,0,1.6
882aa8c531fffff,H3,2025,1,1.5
882aa8c531fffff,H3,2025,2,1.2
882aa8c531fffff,H3,2025,3,1.1
882aa8c531fffff,H3,2025,4,1.0
882aa8c531fffff,H3,2025,5,0.9
882aa8c531fffff,H3,2025,6,0.8
882aa8c531fffff,H3,2025,7,0.7
882aa8c531fffff,H3,2025,8,0.6
882aa8c531fffff,H3,2025,9,0.6
882aa8c531fffff,H3,2025,10,0.6
882aa8c531fffff,H3,2025,11,0.7
882aa8c531fffff,H3,2025,12,0.8
882aa8c531fffff,H3,2025,13,0.8
882aa8c531fffff,H3,2025,14,0.9
882aa8c531fffff,H3,2025,15,1.1
882aa8c531fffff,H3,2025,16,1.4
882aa8c531fffff,H3,2025,17,1.8
882aa8c531fffff,H3,2025,18,2.2
882aa8c531fffff,H3,2025,19,2.3
882aa8c531fffff,H3,2025,20,2.4
882aa8c531fffff,H3,2025,21,2.3
882aa8c531fffff,H3,2025,22,2.2
882aa8c531fffff,H3,2025,23,1.9
882aa8c76dfffff,H3,2025,0,4.4
882aa8c76dfffff,H3,2025,1,3.9
882aa8c76dfffff,H3,2025,2,3.4
882aa8c76dfffff,H3,2025,3,3.1
882aa8c76dfffff,H3,2025,4,2.7
882aa8c76dfffff,H3,2025,5,2.5
882aa8c76dfffff,H3,2025,6,2.2
882aa8c76dfffff,H3,2025,7,1.7
882aa8c76dfffff,H3,2025,8,1.5
882aa8c76dfffff,H3,2025,9,1.4
882aa8c76dfffff,H3,2025,10,1.5
882aa8c76dfffff,H3,2025,11,1.7
882aa8c76dfffff,H3,2025,12,2.0
882aa8c76dfffff,H3,2025,13,2.3
882aa8c76dfffff,H3,2025,14,2.5
882aa8c76dfffff,H3,2025,15,3.0
882aa8c76dfffff,H3,2025,16,3.6
882aa8c76dfffff,H3,2025,17,4.8
882aa8c76dfffff,H3,2025,18,5.7
882aa8c76dfffff,H3,2025,19,6.1
882aa8c76dfffff,H3,2025,20,6.4
882aa8c76dfffff,H3,2025,21,6.2
882aa8c76dfffff,H3,2025,22,5.8
882aa8c76dfffff,H3,2025,23,5.1
882aa8ccd1fffff,H3,2025,0,7.7
882aa8ccd1fffff,H3,2025,1,6.8
882aa8ccd1fffff,H3,2025,2,5.9
882aa8ccd1fffff,H3,2025,3,5.3
882aa8ccd1fffff,H3,2025,4,4.8
882aa8ccd1fffff,H3,2025,5,4.4
882aa8ccd1fffff,H3,2025,6,3.9
882aa8ccd1fffff,H3,2025,7,3.1
882aa8ccd1fffff,H3,2025,8,2.6
882aa8ccd1fffff,H3,2025,9,2.5
882aa8ccd1fffff,H3,2025,10,2.7
882aa8ccd1fffff,H3,2025,11,3.1
882aa8ccd1fffff,H3,2025,12,3.5
882aa8ccd1fffff,H3,2025,13,4.0
882aa8ccd1fffff,H3,2025,14,4.4
882aa8ccd1fffff,H3,2025,15,5.2
882aa8ccd1fffff,H3,2025,16,6.5
882aa8ccd1fffff,H3,2025,17,8.5
882aa8ccd1fffff,H3,2025,18,10.0
882aa8ccd1fffff,H3,2025,19,10.8
882aa8ccd1fffff,H3,2025,20,11.2
882aa8ccd1fffff,H3,2025,21,11.0
882aa8ccd1fffff,H3,2025,22,10.2
882aa8ccd1fffff,H3,2025,23,9.1
882aa8d45bfffff,H3,2025,0,1.4
882aa8d45bfffff,H3,2025,1,1.1
882aa8d45bfffff,H3,2025,2,1.0
882aa8d45bfffff,H3,2025,3,0.9
882aa8d45bfffff,H3,2025,4,0.8
882aa8d45bfffff,H3,2025,5,0.8
882aa8d45bfffff,H3,2025,6,0.7
882aa8d45bfffff,H3,2025,7,0.6
882aa8d45bfffff,H3,2025,8,0.5
882aa8d45bfffff,H3,2025,9,0.5
882aa8d45bfffff,H3,2025,10,0.5
882aa8d45bfffff,H3,2025,11,0.6
882aa8d45bfffff,H3,2025,12,0.7
882aa8d45bfffff,H3,2025,13,0.7
882aa8d45bfffff,H3,2025,14,0.8
882aa8d45bfffff,H3,2025,15,0.9
882aa8d45bfffff,H3,2025,16,1.1
882aa8d45bfffff,H3,2025,17,1.6
882aa8d45bfffff,H3,2025,18,1.8
882aa8d45bfffff,H3,2025,19,1.9
882aa8d45bfffff,H3,2025,20,2.0
882aa8d45bfffff,H3,2025,21,1.9
882aa8d45bfffff,H3,2025,22,1.8
882aa8d45bfffff,H3,2025,23,1.6
882aa959b3fffff,H3,2025,0,3.3
882aa959b3fffff,H3,2025,1,2.8
882aa959b3fffff,H3,2025,2,2.5
882aa959b3fffff,H3,2025,3,2.2
882aa959b3fffff,H3,2025,4,2.0
882aa959b3fffff,H3,2025,5,1.8
882aa959b3fffff,H3,2025,6,1.7
882aa959b3fffff,H3,2025,7,1.4
882aa959b3fffff,H3,2025,8,1.2
882aa959b3fffff,H3,2025,9,1.1
882aa959b3fffff,H3,2025,10,1.2
882aa959b3fffff,H3,2025,11,1.4
882aa959b3fffff,H3,2025,12,1.7
882aa959b3fffff,H3,2025,13,1.8
882aa959b3fffff,H3,2025,14,2.0
882aa959b3fffff,H3,2025,15,2.4
882aa959b3fffff,H3,2025,16,3.1
882aa959b3fffff,H3,2025,17,4.0
882aa959b3fffff,H3,2025,18,4.5
882aa959b3fffff,H3,2025,19,4.9
882aa959b3fffff,H3,2025,20,5.0
882aa959b3fffff,H3,2025,21,4.8
882aa959b3fffff,H3,2025,22,4.4
882aa959b3fffff,H3,2025,23,3.9
882aa959bdfffff,H3,2025,0,9.8
882aa959bdfffff,H3,2025,1,8.5
882aa959bdfffff,H3,2025,2,7.4
882aa959bdfffff,H3,2025,3,6.7
882aa959bdfffff,H3,2025,4,6.0
882aa959bdfffff,H3,2025,5,5.5
882aa959bdfffff,H3,2025,6,4.9
882aa959bdfffff,H3,2025,7,4.0
882aa959bdfffff,H3,2025,8,3.4
882aa959bdfffff,H3,2025,9,3.2
882aa959bdfffff,H3,2025,10,3.5
882aa959bdfffff,H3,2025,11,4.0
882aa959bdfffff,H3,2025,12,4.7
882aa959bdfffff,H3,2025,13,5.1
882aa959bdfffff,H3,2025,14,5.8
882aa959bdfffff,H3,2025,15,6.8
882aa959bdfffff,H3,2025,16,8.5
882aa959bdfffff,H3,2025,17,11.0
882aa959bdfffff,H3,2025,18,13.0
882aa959bdfffff,H3,2025,19,13.9
882aa959bdfffff,H3,2025,20,14.4
882aa959bdfffff,H3,2025,21,14.0
882aa959bdfffff,H3,2025,22,13.0
882aa959bdfffff,H3,2025,23,11.6
882aa9d985fffff,H3,2025,0,1.2
882aa9d985fffff,H3,2025,1,1.1
882aa9d985fffff,H3,2025,2,1.0
882aa9d985fffff,H3,2025,3,0.9
882aa9d985fffff,H3,2025,4,0.8
882aa9d985fffff,H3,2025,5,0.7
882aa9d985fffff,H3,2025,6,0.7
882aa9d985fffff,H3,2025,7,0.6
882aa9d985fffff,H3,2025,8,0.5
882aa9d985fffff,H3,2025,9,0.5
882aa9d985fffff,H3,2025,10,0.5
882aa9d985fffff,H3,2025,11,0.6
882aa9d985fffff,H3,2025,12,0.6
882aa9d985fffff,H3,2025,13,0.7
882aa9d985fffff,H3,2025,14,0.8
882aa9d985fffff,H3,2025,15,0.9
882aa9d985fffff,H3,2025,16,1.0
882aa9d985fffff,H3,2025,17,1.4
882aa9d985fffff,H3,2025,18,1.7
882aa9d985fffff,H3,2025,19,1.8
882aa9d985fffff,H3,2025,20,1.8
882aa9d985fffff,H3,2025,21,1.8
882aa9d985fffff,H3,2025,22,1.7
882aa9d985fffff,H3,2025,23,1.5
882aaa113bfffff,H3,2025,0,1.5
882aaa113bfffff,H3,2025,1,1.2
882aaa113bfffff,H3,2025,2,1.1
882aaa113bfffff,H3,2025,3,1.0
882aaa113bfffff,H3,2025,4,0.9
882aaa113bfffff,H3,2025,5,0.8
882aaa113bfffff,H3,2025,6,0.8
882aaa113bfffff,H3,2025,7,0.6
882aaa113bfffff,H3,2025,8,0.5
882aaa113bfffff,H3,2025,9,0.5
882aaa113bfffff,H3,2025,10,0.6
882aaa113bfffff,H3,2025,11,0.6
882aaa113bfffff,H3,2025,12,0.7
882aaa113bfffff,H3,2025,13,0.8
882aaa113bfffff,H3,2025,14,0.8
882aaa113bfffff,H3,2025,15,1.0
882aaa113bfffff,H3,2025,16,1.2
882aaa113bfffff,H3,2025,17,1.6
882aaa113bfffff,H3,2025,18,1.9
882aaa113bfffff,H3,2025,19,2.0
882aaa113bfffff,H3,2025,20,2.2
882aaa113bfffff,H3,2025,21,2.2
882aaa113bfffff,H3,2025,22,1.9
882aaa113bfffff,H3,2025,23,1.7
882aaa78a1fffff,H3,2025,0,4.2
882aaa78a1fffff,H3,2025,1,3.8
882aaa78a1fffff,H3,2025,2,3.2
882aaa78a1fffff,H3,2025,3,3.0
882aaa78a1fffff,H3,2025,4,2.6
882aaa78a1fffff,H3,2025,5,2.4
882aaa78a1fffff,H3,2025,6,2.2
882aaa78a1fffff,H3,2025,7,1.7
882aaa78a1fffff,H3,2025,8,1.4
882aaa78a1fffff,H3,2025,9,1.4
882aaa78a1fffff,H3,2025,10,1.5
882aaa78a1fffff,H3,2025,11,1.7
882aaa78a1fffff,H3,2025,12,1.9
882aaa78a1fffff,H3,2025,13,2.2
882aaa78a1fffff,H3,2025,14,2.4
882aaa78a1fffff,H3,2025,15,2.8
882aaa78a1fffff,H3,2025,16,3.5
882aaa78a1fffff,H3,2025,17,4.7
882aaa78a1fffff,H3,2025,18,5.5
882aaa78a1fffff,H3,2025,19,5.9
882aaa78a1fffff,H3,2025,20,6.1
882aaa78a1fffff,H3,2025,21,6.0
882aaa78a1fffff,H3,2025,22,5.6
882aaa78a1fffff,H3,2025,23,5.0
882aaa86a9fffff,H3,2025,0,3.8
882aaa86a9fffff,H3,2025,1,3.3
882aaa86a9fffff,H3,2025,2,2.8
882aaa86a9fffff,H3,2025,3,2.6
882aaa86a9fffff,H3,2025,4,2.4
882aaa86a9fffff,H3,2025,5,2.2
882aaa86a9fffff,H3,2025,6,1.9
882aaa86a9fffff,H3,2025,7,1.5
882aaa86a9fffff,H3,2025,8,1.2
882aaa86a9fffff,H3,2025,9,1.2
882aaa86a9fffff,H3,2025,10,1.4
882aaa86a9fffff,H3,2025,11,1.5
882aaa86a9fffff,H3,2025,12,1.7
882aaa86a9fffff,H3,2025,13,1.9
882aaa86a9fffff,H3,2025,14,2.2
882aaa86a9fffff,H3,2025,15,2.5
882aaa86a9fffff,H3,2025,16,3.2
882aaa86a9fffff,H3,2025,17,4.2
882aaa86a9fffff,H3,2025,18,4.9
882aaa86a9fffff,H3,2025,19,5.2
882aaa86a9fffff,H3,2025,20,5.5
882aaa86a9fffff,H3,2025,21,5.3
882aaa86a9fffff,H3,2025,22,5.0
882aaa86a9fffff,H3,2025,23,4.4
882aaa893bfffff,H3,2025,0,3.3
882aaa893bfffff,H3,2025,1,3.0
882aaa893bfffff,H3,2025,2,2.5
882aaa893bfffff,H3,2025,3,2.3
882aaa893bfffff,H3,2025,4,2.0
882aaa893bfffff,H3,2025,5,1.8
882aaa893bfffff,H3,2025,6,1.7
882aaa893bfffff,H3,2025,7,1.4
882aaa893bfffff,H3,2025,8,1.1
882aaa893bfffff,H3,2025,9,1.1
882aaa893bfffff,H3,2025,10,1.1
882aaa893bfffff,H3,2025,11,1.4
882aaa893bfffff,H3,2025,12,1.6
882aaa893bfffff,H3,2025,13,1.7
882aaa893bfffff,H3,2025,14,1.9
882aaa893bfffff,H3,2025,15,2.3
882aaa893bfffff,H3,2025,16,2.8
882aaa893bfffff,H3,2025,17,3.8
882aaa893bfffff,H3,2025,18,4.4
882aaa893bfffff,H3,2025,19,4.8
882aaa893bfffff,H3,2025,20,4.9
882aaa893bfffff,H3,2025,21,4.8
882aaa893bfffff,H3,2025,22,4.4
882aaa893bfffff,H3,2025,23,4.0
882aaa8b6bfffff,H3,2025,0,3.0
882aaa8b6bfffff,H3,2025,1,2.6
882aaa8b6bfffff,H3,2025,2,2.3
882aaa8b6bfffff,H3,2025,3,2.0
882aaa8b6bfffff,H3,2025,4,1.8
882aaa8b6bfffff,H3,2025,5,1.7
882aaa8b6bfffff,H3,2025,6,1.5
882aaa8b6bfffff,H3,2025,7,1.2
882aaa8b6bfffff,H3,2025,8,1.0
882aaa8b6bfffff,H3,2025,9,1.0
882aaa8b6bfffff,H3,2025,10,1.0
882aaa8b6bfffff,H3,2025,11,1.2
882aaa8b6bfffff,H3,2025,12,1.5
882aaa8b6bfffff,H3,2025,13,1.6
882aaa8b6bfffff,H3,2025,14,1.8
882aaa8b6bfffff,H3,2025,15,2.2
882aaa8b6bfffff,H3,2025,16,2.6
882aaa8b6bfffff,H3,2025,17,3.4
882aaa8b6bfffff,H3,2025,18,4.0
882aaa8b6bfffff,H3,2025,19,4.3
882aaa8b6bfffff,H3,2025,20,4.4
882aaa8b6bfffff,H3,2025,21,4.3
882aaa8b6bfffff,H3,2025,22,4.0
882aaa8b6bfffff,H3,2025,23,3.5
882aaab40bfffff,H3,2025,0,4.7
882aaab40bfffff,H3,2025,1,4.1
882aaab40bfffff,H3,2025,2,3.6
882aaab40bfffff,H3,2025,3,3.3
882aaab40bfffff,H3,2025,4,3.0
882aaab40bfffff,H3,2025,5,2.6
882aaab40bfffff,H3,2025,6,2.4
882aaab40bfffff,H3,2025,7,1.8
882aaab40bfffff,H3,2025,8,1.6
882aaab40bfffff,H3,2025,9,1.5
882aaab40bfffff,H3,2025,10,1.6
882aaab40bfffff,H3,2025,11,1.8
882aaab40bfffff,H3,2025,12,2.2
882aaab40bfffff,H3,2025,13,2.4
882aaab40bfffff,H3,2025,14,2.7
882aaab40bfffff,H3,2025,15,3.2
882aaab40bfffff,H3,2025,16,4.0
882aaab40bfffff,H3,2025,17,5.1
882aaab40bfffff,H3,2025,18,6.0
882aaab40bfffff,H3,2025,19,6.5
882aaab40bfffff,H3,2025,20,6.8
882aaab40bfffff,H3,2025,21,6.7
882aaab40bfffff,H3,2025,22,6.2
882aaab40bfffff,H3,2025,23,5.6
882aaab5d9fffff,H3,2025,0,4.2
882aaab5d9fffff,H3,2025,1,3.6
882aaab5d9fffff,H3,2025,2,3.2
882aaab5d9fffff,H3,2025,3,2.8
882aaab5d9fffff,H3,2025,4,2.6
882aaab5d9fffff,H3,2025,5,2.4
882aaab5d9fffff,H3,2025,6,2.0
882aaab5d9fffff,H3,2025,7,1.7
882aaab5d9fffff,H3,2025,8,1.4
882aaab5d9fffff,H3,2025,9,1.4
882aaab5d9fffff,H3,2025,10,1.5
882aaab5d9fffff,H3,2025,11,1.7
882aaab5d9fffff,H3,2025,12,1.9
882aaab5d9fffff,H3,2025,13,2.2
882aaab5d9fffff,H3,2025,14,2.4
882aaab5d9fffff,H3,2025,15,2.8
882aaab5d9fffff,H3,2025,16,3.5
882aaab5d9fffff,H3,2025,17,4.5
882aaab5d9fffff,H3,2025,18,5.5
882aaab5d9fffff,H3,2025,19,5.8
882aaab5d9fffff,H3,2025,20,6.0
882aaab5d9fffff,H3,2025,21,5.9
882aaab5d9fffff,H3,2025,22,5.6
882aaab5d9fffff,H3,2025,23,4.9
882aaab687fffff,H3,2025,0,1.4
882aaab687fffff,H3,2025,1,1.1
882aaab687fffff,H3,2025,2,1.0
882aaab687fffff,H3,2025,3,0.9
882aaab687fffff,H3,2025,4,0.8
882aaab687fffff,H3,2025,5,0.8
882aaab687fffff,H3,2025,6,0.7
882aaab687fffff,H3,2025,7,0.6
882aaab687fffff,H3,2025,8,0.5
882aaab687fffff,H3,2025,9,0.5
882aaab687fffff,H3,2025,10,0.6
882aaab687fffff,H3,2025,11,0.6
882aaab687fffff,H3,2025,12,0.7
882aaab687fffff,H3,2025,13,0.8
882aaab687fffff,H3,2025,14,0.8
882aaab687fffff,H3,2025,15,1.0
882aaab687fffff,H3,2025,16,1.2
882aaab687fffff,H3,2025,17,1.6
882aaab687fffff,H3,2025,18,1.8
882aaab687fffff,H3,2025,19,1.9
882aaab687fffff,H3,2025,20,2.0
882aaab687fffff,H3,2025,21,1.9
882aaab687fffff,H3,2025,22,1.8
882aaab687fffff,H3,2025,23,1.6
882aab0847fffff,H3,2025,0,3.3
882aab0847fffff,H3,2025,1,2.8
882aab0847fffff,H3,2025,2,2.5
882aab0847fffff,H3,2025,3,2.3
882aab0847fffff,H3,2025,4,2.0
882aab0847fffff,H3,2025,5,1.8
882aab0847fffff,H3,2025,6,1.7
882aab0847fffff,H3,2025,7,1.4
882aab0847fffff,H3,2025,8,1.1
882aab0847fffff,H3,2025,9,1.1
882aab0847fffff,H3,2025,10,1.1
882aab0847fffff,H3,2025,11,1.4
882aab0847fffff,H3,2025,12,1.6
882aab0847fffff,H3,2025,13,1.8
882aab0847fffff,H3,2025,14,1.9
882aab0847fffff,H3,2025,15,2.3
882aab0847fffff,H3,2025,16,2.8
882aab0847fffff,H3,2025,17,3.8
882aab0847fffff,H3,2025,18,4.3
882aab0847fffff,H3,2025,19,4.7
882aab0847fffff,H3,2025,20,4.9
882aab0847fffff,H3,2025,21,4.8
882aab0847fffff,H3,2025,22,4.3
882aab0847fffff,H3,2025,23,3.9
882aab6cc9fffff,H3,2025,0,1.2
882aab6cc9fffff,H3,2025,1,1.1
882aab6cc9fffff,H3,2025,2,0.9
882aab6cc9fffff,H3,2025,3,0.9
882aab6cc9fffff,H3,2025,4,0.8
882aab6cc9fffff,H3,2025,5,0.7
882aab6cc9fffff,H3,2025,6,0.7
882aab6cc9fffff,H3,2025,7,0.5
882aab6cc9fffff,H3,2025,8,0.5
882aab6cc9fffff,H3,2025,9,0.3
882aab6cc9fffff,H3,2025,10,0.5
882aab6cc9fffff,H3,2025,11,0.5
882aab6cc9fffff,H3,2025,12,0.6
882aab6cc9fffff,H3,2025,13,0.7
882aab6cc9fffff,H3,2025,14,0.7
882aab6cc9fffff,H3,2025,15,0.8
882aab6cc9fffff,H3,2025,16,1.0
882aab6cc9fffff,H3,2025,17,1.4
882aab6cc9fffff,H3,2025,18,1.6
882aab6cc9fffff,H3,2025,19,1.7
882aab6cc9fffff,H3,2025,20,1.8
882aab6cc9fffff,H3,2025,21,1.8
882aab6cc9fffff,H3,2025,22,1.7
882aab6cc9fffff,H3,2025,23,1.5
882aab8943fffff,H3,2025,0,9.5
882aab8943fffff,H3,2025,1,8.3
882aab8943fffff,H3,2025,2,7.2
882aab8943fffff,H3,2025,3,6.5
882aab8943fffff,H3,2025,4,5.8
882aab8943fffff,H3,2025,5,5.3
882aab8943fffff,H3,2025,6,4.8
882aab8943fffff,H3,2025,7,4.0
882aab8943fffff,H3,2025,8,3.4
882aab8943fffff,H3,2025,9,3.2
882aab8943fffff,H3,2025,10,3.5
882aab8943fffff,H3,2025,11,4.0
882aab8943fffff,H3,2025,12,4.7
882aab8943fffff,H3,2025,13,5.2
882aab8943fffff,H3,2025,14,5.8
882aab8943fffff,H3,2025,15,6.8
882aab8943fffff,H3,2025,16,8.5
882aab8943fffff,H3,2025,17,11.0
882aab8943fffff,H3,2025,18,12.8
882aab8943fffff,H3,2025,19,13.8
882aab8943fffff,H3,2025,20,14.2
882aab8943fffff,H3,2025,21,13.8
882aab8943fffff,H3,2025,22,12.7
882aab8943fffff,H3,2025,23,11.2
882aabd1e5fffff,H3,2025,0,30.0
882aabd1e5fffff,H3,2025,1,26.1
882aabd1e5fffff,H3,2025,2,22.7
882aabd1e5fffff,H3,2025,3,20.3
882aabd1e5fffff,H3,2025,4,18.4
882aabd1e5fffff,H3,2025,5,16.8
882aabd1e5fffff,H3,2025,6,15.2
882aabd1e5fffff,H3,2025,7,12.5
882aabd1e5fffff,H3,2025,8,10.9
882aabd1e5fffff,H3,2025,9,10.7
882aabd1e5fffff,H3,2025,10,11.5
882aabd1e5fffff,H3,2025,11,13.2
882aabd1e5fffff,H3,2025,12,15.2
882aabd1e5fffff,H3,2025,13,16.9
882aabd1e5fffff,H3,2025,14,18.6
882aabd1e5fffff,H3,2025,15,21.9
882aabd1e5fffff,H3,2025,16,27.0
882aabd1e5fffff,H3,2025,17,35.1
882aabd1e5fffff,H3,2025,18,40.8
882aabd1e5fffff,H3,2025,19,43.4
882aabd1e5fffff,H3,2025,20,44.9
882aabd1e5fffff,H3,2025,21,43.6
882aabd1e5fffff,H3,2025,22,40.3
882aabd1e5fffff,H3,2025,23,35.7
882aabd219fffff,H3,2025,0,3.0
882aabd219fffff,H3,2025,1,2.6
882aabd219fffff,H3,2025,2,2.2
882aabd219fffff,H3,2025,3,1.9
882aabd219fffff,H3,2025,4,1.8
882aabd219fffff,H3,2025,5,1.6
882aabd219fffff,H3,2025,6,1.6
882aabd219fffff,H3,2025,7,1.4
882aabd219fffff,H3,2025,8,1.1
882aabd219fffff,H3,2025,9,1.1
882aabd219fffff,H3,2025,10,1.2
882aabd219fffff,H3,2025,11,1.4
882aabd219fffff,H3,2025,12,1.6
882aabd219fffff,H3,2025,13,1.8
882aabd219fffff,H3,2025,14,1.9
882aabd219fffff,H3,2025,15,2.4
882aabd219fffff,H3,2025,16,3.0
882aabd219fffff,H3,2025,17,3.9
882aabd219fffff,H3,2025,18,4.3
882aabd219fffff,H3,2025,19,4.5
882aabd219fffff,H3,2025,20,4.7
882aabd219fffff,H3,2025,21,4.4
882aabd219fffff,H3,2025,22,4.1
882aabd219fffff,H3,2025,23,3.5
882aabd26bfffff,H3,2025,0,5.2
882aabd26bfffff,H3,2025,1,4.5
882aabd26bfffff,H3,2025,2,3.9
882aabd26bfffff,H3,2025,3,3.5
882aabd26bfffff,H3,2025,4,3.2
882aabd26bfffff,H3,2025,5,2.8
882aabd26bfffff,H3,2025,6,2.6
882aabd26bfffff,H3,2025,7,2.2
882aabd26bfffff,H3,2025,8,1.9
882aabd26bfffff,H3,2025,9,1.8
882aabd26bfffff,H3,2025,10,2.0
882aabd26bfffff,H3,2025,11,2.3
882aabd26bfffff,H3,2025,12,2.6
882aabd26bfffff,H3,2025,13,3.0
882aabd26bfffff,H3,2025,14,3.3
882aabd26bfffff,H3,2025,15,3.9
882aabd26bfffff,H3,2025,16,4.9
882aabd26bfffff,H3,2025,17,6.2
882aabd26bfffff,H3,2025,18,7.3
882aabd26bfffff,H3,2025,19,7.7
882aabd26bfffff,H3,2025,20,8.0
882aabd26bfffff,H3,2025,21,7.7
882aabd26bfffff,H3,2025,22,7.0
882aabd26bfffff,H3,2025,23,6.1
882aac10edfffff,H3,2025,0,3.3
882aac10edfffff,H3,2025,1,3.0
882aac10edfffff,H3,2025,2,2.5
882aac10edfffff,H3,2025,3,2.3
882aac10edfffff,H3,2025,4,2.0
882aac10edfffff,H3,2025,5,1.8
882aac10edfffff,H3,2025,6,1.7
882aac10edfffff,H3,2025,7,1.4
882aac10edfffff,H3,2025,8,1.1
882aac10edfffff,H3,2025,9,1.1
882aac10edfffff,H3,2025,10,1.1
882aac10edfffff,H3,2025,11,1.4
882aac10edfffff,H3,2025,12,1.6
882aac10edfffff,H3,2025,13,1.7
882aac10edfffff,H3,2025,14,1.9
882aac10edfffff,H3,2025,15,2.3
882aac10edfffff,H3,2025,16,2.8
882aac10edfffff,H3,2025,17,3.6
882aac10edfffff,H3,2025,18,4.3
882aac10edfffff,H3,2025,19,4.8
882aac10edfffff,H3,2025,20,4.9
882aac10edfffff,H3,2025,21,4.8
882aac10edfffff,H3,2025,22,4.4
882aac10edfffff,H3,2025,23,4.0
882aac6633fffff,H3,2025,0,7.4
882aac6633fffff,H3,2025,1,6.5
882aac6633fffff,H3,2025,2,5.6
882aac6633fffff,H3,2025,3,5.0
882aac6633fffff,H3,2025,4,4.5
882aac6633fffff,H3,2025,5,4.1
882aac6633fffff,H3,2025,6,3.8
882aac6633fffff,H3,2025,7,3.1
882aac6633fffff,H3,2025,8,2.6
882aac6633fffff,H3,2025,9,2.5
882aac6633fffff,H3,2025,10,2.7
882aac6633fffff,H3,2025,11,3.1
882aac6633fffff,H3,2025,12,3.5
882aac6633fffff,H3,2025,13,4.0
882aac6633fffff,H3,2025,14,4.4
882aac6633fffff,H3,2025,15,5.2
882aac6633fffff,H3,2025,16,6.6
882aac6633fffff,H3,2025,17,8.5
882aac6633fffff,H3,2025,18,9.9
882aac6633fffff,H3,2025,19,10.6
882aac6633fffff,H3,2025,20,10.9
882aac6633fffff,H3,2025,21,10.7
882aac6633fffff,H3,2025,22,9.9
882aac6633fffff,H3,2025,23,8.8
882aac6637fffff,H3,2025,0,5.5
882aac6637fffff,H3,2025,1,4.8
882aac6637fffff,H3,2025,2,4.1
882aac6637fffff,H3,2025,3,3.8
882aac6637fffff,H3,2025,4,3.4
882aac6637fffff,H3,2025,5,3.1
882aac6637fffff,H3,2025,6,2.8
882aac6637fffff,H3,2025,7,2.3
882aac6637fffff,H3,2025,8,2.0
882aac6637fffff,H3,2025,9,1.9
882aac6637fffff,H3,2025,10,2.0
882aac6637fffff,H3,2025,11,2.4
882aac6637fffff,H3,2025,12,2.8
882aac6637fffff,H3,2025,13,3.2
882aac6637fffff,H3,2025,14,3.4
882aac6637fffff,H3,2025,15,4.1
882aac6637fffff,H3,2025,16,5.1
882aac6637fffff,H3,2025,17,6.6
882aac6637fffff,H3,2025,18,7.6
882aac6637fffff,H3,2025,19,8.1
882aac6637fffff,H3,2025,20,8.3
882aac6637fffff,H3,2025,21,8.1
882aac6637fffff,H3,2025,22,7.4
882aac6637fffff,H3,2025,23,6.5
882aac7483fffff,H3,2025,0,8.6
882aac7483fffff,H3,2025,1,7.5
882aac7483fffff,H3,2025,2,6.6
882aac7483fffff,H3,2025,3,5.9
882aac7483fffff,H3,2025,4,5.3
882aac7483fffff,H3,2025,5,4.9
882aac7483fffff,H3,2025,6,4.3
882aac7483fffff,H3,2025,7,3.5
882aac7483fffff,H3,2025,8,3.1
882aac7483fffff,H3,2025,9,3.0
882aac7483fffff,H3,2025,10,3.2
882aac7483fffff,H3,2025,11,3.6
882aac7483fffff,H3,2025,12,4.2
882aac7483fffff,H3,2025,13,4.7
882aac7483fffff,H3,2025,14,5.2
882aac7483fffff,H3,2025,15,6.1
882aac7483fffff,H3,2025,16,7.5
882aac7483fffff,H3,2025,17,9.8
882aac7483fffff,H3,2025,18,11.5
882aac7483fffff,H3,2025,19,12.3
882aac7483fffff,H3,2025,20,12.7
882aac7483fffff,H3,2025,21,12.4
882aac7483fffff,H3,2025,22,11.5
882aac7483fffff,H3,2025,23,10.2
882aac74b1fffff,H3,2025,0,2.6
882aac74b1fffff,H3,2025,1,2.3
882aac74b1fffff,H3,2025,2,1.9
882aac74b1fffff,H3,2025,3,1.7
882aac74b1fffff,H3,2025,4,1.6
882aac74b1fffff,H3,2025,5,1.4
882aac74b1fffff,H3,2025,6,1.4
882aac74b1fffff,H3,2025,7,1.2
882aac74b1fffff,H3,2025,8,1.2
882aac74b1fffff,H3,2025,9,1.2
882aac74b1fffff,H3,2025,10,1.4
882aac74b1fffff,H3,2025,11,1.5
882aac74b1fffff,H3,2025,12,1.7
882aac74b1fffff,H3,2025,13,1.9
882aac74b1fffff,H3,2025,14,2.0
882aac74b1fffff,H3,2025,15,2.4
882aac74b1fffff,H3,2025,16,2.8
882aac74b1fffff,H3,2025,17,3.6
882aac74b1fffff,H3,2025,18,4.1
882aac74b1fffff,H3,2025,19,4.2
882aac74b1fffff,H3,2025,20,4.3
882aac74b1fffff,H3,2025,21,4.1
882aac74b1fffff,H3,2025,22,3.8
882aac74b1fffff,H3,2025,23,3.2
882aac84a9fffff,H3,2025,0,2.5
882aac84a9fffff,H3,2025,1,2.2
882aac84a9fffff,H3,2025,2,1.9
882aac84a9fffff,H3,2025,3,1.7
882aac84a9fffff,H3,2025,4,1.6
882aac84a9fffff,H3,2025,5,1.4
882aac84a9fffff,H3,2025,6,1.2
882aac84a9fffff,H3,2025,7,1.0
882aac84a9fffff,H3,2025,8,0.8
882aac84a9fffff,H3,2025,9,0.8
882aac84a9fffff,H3,2025,10,0.9
882aac84a9fffff,H3,2025,11,1.0
882aac84a9fffff,H3,2025,12,1.1
882aac84a9fffff,H3,2025,13,1.2
882aac84a9fffff,H3,2025,14,1.5
882aac84a9fffff,H3,2025,15,1.7
882aac84a9fffff,H3,2025,16,2.2
882aac84a9fffff,H3,2025,17,2.7
882aac84a9fffff,H3,2025,18,3.3
882aac84a9fffff,H3,2025,19,3.5
882aac84a9fffff,H3,2025,20,3.6
882aac84a9fffff,H3,2025,21,3.5
882aac84a9fffff,H3,2025,22,3.3
882aac84a9fffff,H3,2025,23,3.0
882aac8663fffff,H3,2025,0,2.0
882aac8663fffff,H3,2025,1,1.7
882aac8663fffff,H3,2025,2,1.5
882aac8663fffff,H3,2025,3,1.4
882aac8663fffff,H3,2025,4,1.2
882aac8663fffff,H3,2025,5,1.1
882aac8663fffff,H3,2025,6,1.0
882aac8663fffff,H3,2025,7,0.8
882aac8663fffff,H3,2025,8,0.7
882aac8663fffff,H3,2025,9,0.7
882aac8663fffff,H3,2025,10,0.7
882aac8663fffff,H3,2025,11,0.8
882aac8663fffff,H3,2025,12,0.9
882aac8663fffff,H3,2025,13,1.0
882aac8663fffff,H3,2025,14,1.1
882aac8663fffff,H3,2025,15,1.4
882aac8663fffff,H3,2025,16,1.7
882aac8663fffff,H3,2025,17,2.3
882aac8663fffff,H3,2025,18,2.6
882aac8663fffff,H3,2025,19,2.8
882aac8663fffff,H3,2025,20,3.0
882aac8663fffff,H3,2025,21,2.8
882aac8663fffff,H3,2025,22,2.6
882aac8663fffff,H3,2025,23,2.4
882aaca8b3fffff,H3,2025,0,1.7
882aaca8b3fffff,H3,2025,1,1.5
882aaca8b3fffff,H3,2025,2,1.2
882aaca8b3fffff,H3,2025,3,1.1
882aaca8b3fffff,H3,2025,4,1.0
882aaca8b3fffff,H3,2025,5,0.9
882aaca8b3fffff,H3,2025,6,0.9
882aaca8b3fffff,H3,2025,7,0.7
882aaca8b3fffff,H3,2025,8,0.6
882aaca8b3fffff,H3,2025,9,0.6
882aaca8b3fffff,H3,2025,10,0.6
882aaca8b3fffff,H3,2025,11,0.7
882aaca8b3fffff,H3,2025,12,0.8
882aaca8b3fffff,H3,2025,13,0.9
882aaca8b3fffff,H3,2025,14,1.0
882aaca8b3fffff,H3,2025,15,1.1
882aaca8b3fffff,H3,2025,16,1.5
882aaca8b3fffff,H3,2025,17,1.9
882aaca8b3fffff,H3,2025,18,2.3
882aaca8b3fffff,H3,2025,19,2.4
882aaca8b3fffff,H3,2025,20,2.5
882aaca8b3fffff,H3,2025,21,2.4
882aaca8b3fffff,H3,2025,22,2.3
882aaca8b3fffff,H3,2025,23,2.0
882aaca8c5fffff,H3,2025,0,1.9
882aaca8c5fffff,H3,2025,1,1.6
882aaca8c5fffff,H3,2025,2,1.4
882aaca8c5fffff,H3,2025,3,1.2
882aaca8c5fffff,H3,2025,4,1.1
882aaca8c5fffff,H3,2025,5,1.0
882aaca8c5fffff,H3,2025,6,0.9
882aaca8c5fffff,H3,2025,7,0.8
882aaca8c5fffff,H3,2025,8,0.7
882aaca8c5fffff,H3,2025,9,0.7
882aaca8c5fffff,H3,2025,10,0.8
882aaca8c5fffff,H3,2025,11,0.8
882aaca8c5fffff,H3,2025,12,1.0
882aaca8c5fffff,H3,2025,13,1.1
882aaca8c5fffff,H3,2025,14,1.2
882aaca8c5fffff,H3,2025,15,1.4
882aaca8c5fffff,H3,2025,16,1.7
882aaca8c5fffff,H3,2025,17,2.3
882aaca8c5fffff,H3,2025,18,2.6
882aaca8c5fffff,H3,2025,19,2.8
882aaca8c5fffff,H3,2025,20,2.8
882aaca8c5fffff,H3,2025,21,2.8
882aaca8c5fffff,H3,2025,22,2.6
882aaca8c5fffff,H3,2025,23,2.3
882aacaaa3fffff,H3,2025,0,1.8
882aacaaa3fffff,H3,2025,1,1.6
882aacaaa3fffff,H3,2025,2,1.4
882aacaaa3fffff,H3,2025,3,1.2
882aacaaa3fffff,H3,2025,4,1.1
882aacaaa3fffff,H3,2025,5,1.0
882aacaaa3fffff,H3,2025,6,0.9
882aacaaa3fffff,H3,2025,7,0.7
882aacaaa3fffff,H3,2025,8,0.6
882aacaaa3fffff,H3,2025,9,0.6
882aacaaa3fffff,H3,2025,10,0.7
882aacaaa3fffff,H3,2025,11,0.7
882aacaaa3fffff,H3,2025,12,0.8
882aacaaa3fffff,H3,2025,13,0.9
882aacaaa3fffff,H3,2025,14,1.0
882aacaaa3fffff,H3,2025,15,1.2
882aacaaa3fffff,H3,2025,16,1.6
882aacaaa3fffff,H3,2025,17,2.0
882aacaaa3fffff,H3,2025,18,2.4
882aacaaa3fffff,H3,2025,19,2.5
882aacaaa3fffff,H3,2025,20,2.6
882aacaaa3fffff,H3,2025,21,2.6
882aacaaa3fffff,H3,2025,22,2.4
882aacaaa3fffff,H3,2025,23,2.2
882aacb0c9fffff,H3,2025,0,3.1
882aacb0c9fffff,H3,2025,1,2.7
882aacb0c9fffff,H3,2025,2,2.4
882aacb0c9fffff,H3,2025,3,2.2
882aacb0c9fffff,H3,2025,4,1.9
882aacb0c9fffff,H3,2025,5,1.8
882aacb0c9fffff,H3,2025,6,1.6
882aacb0c9fffff,H3,2025,7,1.2
882aacb0c9fffff,H3,2025,8,1.0
882aacb0c9fffff,H3,2025,9,1.0
882aacb0c9fffff,H3,2025,10,1.1
882aacb0c9fffff,H3,2025,11,1.2
882aacb0c9fffff,H3,2025,12,1.5
882aacb0c9fffff,H3,2025,13,1.6
882aacb0c9fffff,H3,2025,14,1.8
882aacb0c9fffff,H3,2025,15,2.2
882aacb0c9fffff,H3,2025,16,2.6
882aacb0c9fffff,H3,2025,17,3.4
882aacb0c9fffff,H3,2025,18,4.1
882aacb0c9fffff,H3,2025,19,4.3
882aacb0c9fffff,H3,2025,20,4.5
882aacb0c9fffff,H3,2025,21,4.4
882aacb0c9fffff,H3,2025,22,4.1
882aacb0c9fffff,H3,2025,23,3.6
882aad5423fffff,H3,2025,0,3.9
882aad5423fffff,H3,2025,1,3.4
882aad5423fffff,H3,2025,2,3.0
882aad5423fffff,H3,2025,3,2.6
882aad5423fffff,H3,2025,4,2.4
882aad5423fffff,H3,2025,5,2.2
882aad5423fffff,H3,2025,6,2.0
882aad5423fffff,H3,2025,7,1.6
882aad5423fffff,H3,2025,8,1.4
882aad5423fffff,H3,2025,9,1.4
882aad5423fffff,H3,2025,10,1.5
882aad5423fffff,H3,2025,11,1.7
882aad5423fffff,H3,2025,12,1.9
882aad5423fffff,H3,2025,13,2.2
882aad5423fffff,H3,2025,14,2.4
882aad5423fffff,H3,2025,15,2.8
882aad5423fffff,H3,2025,16,3.5
882aad5423fffff,H3,2025,17,4.5
882aad5423fffff,H3,2025,18,5.3
882aad5423fffff,H3,2025,19,5.7
882aad5423fffff,H3,2025,20,5.9
882aad5423fffff,H3,2025,21,5.7
882aad5423fffff,H3,2025,22,5.2
882aad5423fffff,H3,2025,23,4.7
882aad550dfffff,H3,2025,0,38.9
882aad550dfffff,H3,2025,1,34.1
882aad550dfffff,H3,2025,2,29.8
882aad550dfffff,H3,2025,3,26.8
882aad550dfffff,H3,2025,4,24.3
882aad550dfffff,H3,2025,5,22.0
882aad550dfffff,H3,2025,6,19.5
882aad550dfffff,H3,2025,7,15.6
882aad550dfffff,H3,2025,8,13.1
882aad550dfffff,H3,2025,9,12.5
882aad550dfffff,H3,2025,10,13.5
882aad550dfffff,H3,2025,11,15.6
882aad550dfffff,H3,2025,12,18.0
882aad550dfffff,H3,2025,13,20.0
882aad550dfffff,H3,2025,14,22.4
882aad550dfffff,H3,2025,15,26.2
882aad550dfffff,H3,2025,16,32.7
882aad550dfffff,H3,2025,17,43.0
882aad550dfffff,H3,2025,18,50.5
882aad550dfffff,H3,2025,19,54.2
882aad550dfffff,H3,2025,20,56.6
882aad550dfffff,H3,2025,21,55.3
882aad550dfffff,H3,2025,22,51.5
882aad550dfffff,H3,2025,23,45.9
882aad5545fffff,H3,2025,0,1.5
882aad5545fffff,H3,2025,1,1.2
882aad5545fffff,H3,2025,2,1.1
882aad5545fffff,H3,2025,3,1.0
882aad5545fffff,H3,2025,4,0.9
882aad5545fffff,H3,2025,5,0.8
882aad5545fffff,H3,2025,6,0.8
882aad5545fffff,H3,2025,7,0.6
882aad5545fffff,H3,2025,8,0.5
882aad5545fffff,H3,2025,9,0.5
882aad5545fffff,H3,2025,10,0.6
882aad5545fffff,H3,2025,11,0.6
882aad5545fffff,H3,2025,12,0.7
882aad5545fffff,H3,2025,13,0.8
882aad5545fffff,H3,2025,14,0.8
882aad5545fffff,H3,2025,15,1.0
882aad5545fffff,H3,2025,16,1.2
882aad5545fffff,H3,2025,17,1.6
882aad5545fffff,H3,2025,18,1.9
882aad5545fffff,H3,2025,19,2.0
882aad5545fffff,H3,2025,20,2.2
882aad5545fffff,H3,2025,21,2.0
882aad5545fffff,H3,2025,22,1.9
882aad5545fffff,H3,2025,23,1.7
882aae2b33fffff,H3,2025,0,4.7
882aae2b33fffff,H3,2025,1,4.1
882aae2b33fffff,H3,2025,2,3.5
882aae2b33fffff,H3,2025,3,3.2
882aae2b33fffff,H3,2025,4,2.8
882aae2b33fffff,H3,2025,5,2.6
882aae2b33fffff,H3,2025,6,2.4
882aae2b33fffff,H3,2025,7,1.9
882aae2b33fffff,H3,2025,8,1.6
882aae2b33fffff,H3,2025,9,1.6
882aae2b33fffff,H3,2025,10,1.7
882aae2b33fffff,H3,2025,11,1.9
882aae2b33fffff,H3,2025,12,2.3
882aae2b33fffff,H3,2025,13,2.5
882aae2b33fffff,H3,2025,14,2.8
882aae2b33fffff,H3,2025,15,3.3
882aae2b33fffff,H3,2025,16,4.1
882aae2b33fffff,H3,2025,17,5.3
882aae2b33fffff,H3,2025,18,6.2
882aae2b33fffff,H3,2025,19,6.7
882aae2b33fffff,H3,2025,20,6.9
882aae2b33fffff,H3,2025,21,6.8
882aae2b33fffff,H3,2025,22,6.2
882aae2b33fffff,H3,2025,23,5.6
882aae2f35fffff,H3,2025,0,3.5
882aae2f35fffff,H3,2025,1,3.2
882aae2f35fffff,H3,2025,2,2.7
882aae2f35fffff,H3,2025,3,2.4
882aae2f35fffff,H3,2025,4,2.2
882aae2f35fffff,H3,2025,5,2.0
882aae2f35fffff,H3,2025,6,1.8
882aae2f35fffff,H3,2025,7,1.5
882aae2f35fffff,H3,2025,8,1.2
882aae2f35fffff,H3,2025,9,1.2
882aae2f35fffff,H3,2025,10,1.2
882aae2f35fffff,H3,2025,11,1.5
882aae2f35fffff,H3,2025,12,1.7
882aae2f35fffff,H3,2025,13,1.9
882aae2f35fffff,H3,2025,14,2.2
882aae2f35fffff,H3,2025,15,2.5
882aae2f35fffff,H3,2025,16,3.1
882aae2f35fffff,H3,2025,17,4.1
882aae2f35fffff,H3,2025,18,4.8
882aae2f35fffff,H3,2025,19,5.1
882aae2f35fffff,H3,2025,20,5.2
882aae2f35fffff,H3,2025,21,5.1
882aae2f35fffff,H3,2025,22,4.8
882aae2f35fffff,H3,2025,23,4.2
882aae5441fffff,H3,2025,0,6.4
882aae5441fffff,H3,2025,1,5.6
882aae5441fffff,H3,2025,2,4.9
882aae5441fffff,H3,2025,3,4.4
882aae5441fffff,H3,2025,4,4.0
882aae5441fffff,H3,2025,5,3.6
882aae5441fffff,H3,2025,6,3.3
882aae5441fffff,H3,2025,7,2.6
882aae5441fffff,H3,2025,8,2.2
882aae5441fffff,H3,2025,9,2.2
882aae5441fffff,H3,2025,10,2.3
882aae5441fffff,H3,2025,11,2.6
882aae5441fffff,H3,2025,12,3.1
882aae5441fffff,H3,2025,13,3.4
882aae5441fffff,H3,2025,14,3.8
882aae5441fffff,H3,2025,15,4.4
882aae5441fffff,H3,2025,16,5.6
882aae5441fffff,H3,2025,17,7.3
882aae5441fffff,H3,2025,18,8.5
882aae5441fffff,H3,2025,19,9.1
882aae5441fffff,H3,2025,20,9.4
882aae5441fffff,H3,2025,21,9.2
882aae5441fffff,H3,2025,22,8.5
882aae5441fffff,H3,2025,23,7.6
882aae6991fffff,H3,2025,0,11.8
882aae6991fffff,H3,2025,1,10.3
882aae6991fffff,H3,2025,2,9.0
882aae6991fffff,H3,2025,3,8.1
882aae6991fffff,H3,2025,4,7.4
882aae6991fffff,H3,2025,5,6.7
882aae6991fffff,H3,2025,6,5.9
882aae6991fffff,H3,2025,7,4.8
882aae6991fffff,H3,2025,8,4.0
882aae6991fffff,H3,2025,9,3.9
882aae6991fffff,H3,2025,10,4.1
882aae6991fffff,H3,2025,11,4.8
882aae6991fffff,H3,2025,12,5.5
882aae6991fffff,H3,2025,13,6.1
882aae6991fffff,H3,2025,14,6.8
882aae6991fffff,H3,2025,15,8.1
882aae6991fffff,H3,2025,16,10.0
882aae6991fffff,H3,2025,17,13.1
882aae6991fffff,H3,2025,18,15.3
882aae6991fffff,H3,2025,19,16.5
882aae6991fffff,H3,2025,20,17.2
882aae6991fffff,H3,2025,21,16.8
882aae6991fffff,H3,2025,22,15.6
882aae6991fffff,H3,2025,23,13.9
882aae6993fffff,H3,2025,0,1.8
882aae6993fffff,H3,2025,1,1.6
882aae6993fffff,H3,2025,2,1.4
882aae6993fffff,H3,2025,3,1.2
882aae6993fffff,H3,2025,4,1.1
882aae6993fffff,H3,2025,5,1.0
882aae6993fffff,H3,2025,6,0.9
882aae6993fffff,H3,2025,7,0.7
882aae6993fffff,H3,2025,8,0.6
882aae6993fffff,H3,2025,9,0.6
882aae6993fffff,H3,2025,10,0.6
882aae6993fffff,H3,2025,11,0.7
882aae6993fffff,H3,2025,12,0.8
882aae6993fffff,H3,2025,13,0.9
882aae6993fffff,H3,2025,14,1.0
882aae6993fffff,H3,2025,15,1.1
882aae6993fffff,H3,2025,16,1.5
882aae6993fffff,H3,2025,17,1.9
882aae6993fffff,H3,2025,18,2.3
882aae6993fffff,H3,2025,19,2.5
882aae6993fffff,H3,2025,20,2.6
882aae6993fffff,H3,2025,21,2.6
882aae6993fffff,H3,2025,22,2.4
882aae6993fffff,H3,2025,23,2.2
882aae7881fffff,H3,2025,0,1.9
882aae7881fffff,H3,2025,1,1.7
882aae7881fffff,H3,2025,2,1.5
882aae7881fffff,H3,2025,3,1.4
882aae7881fffff,H3,2025,4,1.2
882aae7881fffff,H3,2025,5,1.1
882aae7881fffff,H3,2025,6,1.0
882aae7881fffff,H3,2025,7,0.8
882aae7881fffff,H3,2025,8,0.7
882aae7881fffff,H3,2025,9,0.7
882aae7881fffff,H3,2025,10,0.7
882aae7881fffff,H3,2025,11,0.8
882aae7881fffff,H3,2025,12,0.9
882aae7881fffff,H3,2025,13,1.0
882aae7881fffff,H3,2025,14,1.1
882aae7881fffff,H3,2025,15,1.4
882aae7881fffff,H3,2025,16,1.7
882aae7881fffff,H3,2025,17,2.2
882aae7881fffff,H3,2025,18,2.6
882aae7881fffff,H3,2025,19,2.7
882aae7881fffff,H3,2025,20,2.8
882aae7881fffff,H3,2025,21,2.8
882aae7881fffff,H3,2025,22,2.6
882aae7881fffff,H3,2025,23,2.3
882aae900bfffff,H3,2025,0,12.3
882aae900bfffff,H3,2025,1,10.8
882aae900bfffff,H3,2025,2,9.4
882aae900bfffff,H3,2025,3,8.4
882aae900bfffff,H3,2025,4,7.6
882aae900bfffff,H3,2025,5,6.9
882aae900bfffff,H3,2025,6,6.1
882aae900bfffff,H3,2025,7,4.9
882aae900bfffff,H3,2025,8,4.2
882aae900bfffff,H3,2025,9,4.0
882aae900bfffff,H3,2025,10,4.3
882aae900bfffff,H3,2025,11,5.0
882aae900bfffff,H3,2025,12,5.7
882aae900bfffff,H3,2025,13,6.4
882aae900bfffff,H3,2025,14,7.2
882aae900bfffff,H3,2025,15,8.4
882aae900bfffff,H3,2025,16,10.5
882aae900bfffff,H3,2025,17,13.8
882aae900bfffff,H3,2025,18,16.0
882aae900bfffff,H3,2025,19,17.3
882aae900bfffff,H3,2025,20,18.0
882aae900bfffff,H3,2025,21,17.6
882aae900bfffff,H3,2025,22,16.4
882aae900bfffff,H3,2025,23,14.5
882aae912bfffff,H3,2025,0,2.3
882aae912bfffff,H3,2025,1,2.0
882aae912bfffff,H3,2025,2,1.7
882aae912bfffff,H3,2025,3,1.6
882aae912bfffff,H3,2025,4,1.4
882aae912bfffff,H3,2025,5,1.2
882aae912bfffff,H3,2025,6,1.1
882aae912bfffff,H3,2025,7,0.9
882aae912bfffff,H3,2025,8,0.8
882aae912bfffff,H3,2025,9,0.8
882aae912bfffff,H3,2025,10,0.8
882aae912bfffff,H3,2025,11,0.9
882aae912bfffff,H3,2025,12,1.1
882aae912bfffff,H3,2025,13,1.2
882aae912bfffff,H3,2025,14,1.4
882aae912bfffff,H3,2025,15,1.6
882aae912bfffff,H3,2025,16,2.0
882aae912bfffff,H3,2025,17,2.7
882aae912bfffff,H3,2025,18,3.1
882aae912bfffff,H3,2025,19,3.3
882aae912bfffff,H3,2025,20,3.4
882aae912bfffff,H3,2025,21,3.3
882aae912bfffff,H3,2025,22,3.1
882aae912bfffff,H3,2025,23,2.7
882aae931dfffff,H3,2025,0,2.3
882aae931dfffff,H3,2025,1,2.0
882aae931dfffff,H3,2025,2,1.8
882aae931dfffff,H3,2025,3,1.6
882aae931dfffff,H3,2025,4,1.5
882aae931dfffff,H3,2025,5,1.2
882aae931dfffff,H3,2025,6,1.1
882aae931dfffff,H3,2025,7,0.9
882aae931dfffff,H3,2025,8,0.8
882aae931dfffff,H3,2025,9,0.8
882aae931dfffff,H3,2025,10,0.8
882aae931dfffff,H3,2025,11,0.9
882aae931dfffff,H3,2025,12,1.0
882aae931dfffff,H3,2025,13,1.2
882aae931dfffff,H3,2025,14,1.4
882aae931dfffff,H3,2025,15,1.6
882aae931dfffff,H3,2025,16,1.9
882aae931dfffff,H3,2025,17,2.5
882aae931dfffff,H3,2025,18,3.0
882aae931dfffff,H3,2025,19,3.2
882aae931dfffff,H3,2025,20,3.4
882aae931dfffff,H3,2025,21,3.3
882aae931dfffff,H3,2025,22,3.1
882aae931dfffff,H3,2025,23,2.7
882aae9351fffff,H3,2025,0,23.0
882aae9351fffff,H3,2025,0,0.1
882aae9351fffff,H3,2025,1,20.1
882aae9351fffff,H3,2025,1,0.1
882aae9351fffff,H3,2025,2,17.6
882aae9351fffff,H3,2025,2,0.1
882aae9351fffff,H3,2025,3,15.8
882aae9351fffff,H3,2025,3,0.0
882aae9351fffff,H3,2025,4,14.3
882aae9351fffff,H3,2025,4,0.0
882aae9351fffff,H3,2025,5,13.0
882aae9351fffff,H3,2025,5,0.0
882aae9351fffff,H3,2025,6,11.5
882aae9351fffff,H3,2025,6,0.0
882aae9351fffff,H3,2025,7,9.2
882aae9351fffff,H3,2025,7,0.0
882aae9351fffff,H3,2025,8,7.7
882aae9351fffff,H3,2025,8,0.0
882aae9351fffff,H3,2025,9,7.4
882aae9351fffff,H3,2025,9,0.0
882aae9351fffff,H3,2025,10,8.0
882aae9351fffff,H3,2025,10,0.0
882aae9351fffff,H3,2025,11,9.1
882aae9351fffff,H3,2025,11,0.0
882aae9351fffff,H3,2025,12,10.6
882aae9351fffff,H3,2025,12,0.1
882aae9351fffff,H3,2025,13,11.7
882aae9351fffff,H3,2025,13,0.1
882aae9351fffff,H3,2025,14,13.2
882aae9351fffff,H3,2025,14,0.1
882aae9351fffff,H3,2025,15,15.5
882aae9351fffff,H3,2025,15,0.1
882aae9351fffff,H3,2025,16,19.2
882aae9351fffff,H3,2025,16,0.1
882aae9351fffff,H3,2025,17,25.2
882aae9351fffff,H3,2025,17,0.1
882aae9351fffff,H3,2025,18,29.7
882aae9351fffff,H3,2025,18,0.1
882aae9351fffff,H3,2025,19,31.9
882aae9351fffff,H3,2025,19,0.1
882aae9351fffff,H3,2025,20,33.3
882aae9351fffff,H3,2025,20,0.1
882aae9351fffff,H3,2025,21,32.6
882aae9351fffff,H3,2025,21,0.1
882aae9351fffff,H3,2025,22,30.3
882aae9351fffff,H3,2025,22,0.1
882aae9351fffff,H3,2025,23,27.0
882aae9351fffff,H3,2025,23,0.1
882aae935bfffff,H3,2025,0,123.4
882aae935bfffff,H3,2025,1,108.3
882aae935bfffff,H3,2025,2,94.4
882aae935bfffff,H3,2025,3,85.1
882aae935bfffff,H3,2025,4,77.0
882aae935bfffff,H3,2025,5,69.9
882aae935bfffff,H3,2025,6,61.8
882aae935bfffff,H3,2025,7,49.2
882aae935bfffff,H3,2025,8,41.2
882aae935bfffff,H3,2025,9,39.8
882aae935bfffff,H3,2025,10,43.0
882aae935bfffff,H3,2025,11,49.1
882aae935bfffff,H3,2025,12,56.7
882aae935bfffff,H3,2025,13,63.1
882aae935bfffff,H3,2025,14,70.8
882aae935bfffff,H3,2025,15,83.1
882aae935bfffff,H3,2025,16,103.5
882aae935bfffff,H3,2025,17,135.8
882aae935bfffff,H3,2025,18,159.5
882aae935bfffff,H3,2025,19,171.6
882aae935bfffff,H3,2025,20,179.1
882aae935bfffff,H3,2025,21,175.5
882aae935bfffff,H3,2025,22,163.2
882aae935bfffff,H3,2025,23,145.5
882aae993dfffff,H3,2025,0,2.7
882aae993dfffff,H3,2025,1,2.4
882aae993dfffff,H3,2025,2,2.2
882aae993dfffff,H3,2025,3,1.9
882aae993dfffff,H3,2025,4,1.7
882aae993dfffff,H3,2025,5,1.6
882aae993dfffff,H3,2025,6,1.4
882aae993dfffff,H3,2025,7,1.1
882aae993dfffff,H3,2025,8,1.0
882aae993dfffff,H3,2025,9,0.9
882aae993dfffff,H3,2025,10,1.0
882aae993dfffff,H3,2025,11,1.1
882aae993dfffff,H3,2025,12,1.4
882aae993dfffff,H3,2025,13,1.5
882aae993dfffff,H3,2025,14,1.7
882aae993dfffff,H3,2025,15,1.9
882aae993dfffff,H3,2025,16,2.4
882aae993dfffff,H3,2025,17,3.2
882aae993dfffff,H3,2025,18,3.8
882aae993dfffff,H3,2025,19,4.0
882aae993dfffff,H3,2025,20,4.1
882aae993dfffff,H3,2025,21,4.0
882aae993dfffff,H3,2025,22,3.8
882aae993dfffff,H3,2025,23,3.3
882aaecdabfffff,H3,2025,0,1.1
882aaecdabfffff,H3,2025,1,0.9
882aaecdabfffff,H3,2025,2,0.8
882aaecdabfffff,H3,2025,3,0.7
882aaecdabfffff,H3,2025,4,0.7
882aaecdabfffff,H3,2025,5,0.6
882aaecdabfffff,H3,2025,6,0.6
882aaecdabfffff,H3,2025,7,0.6
882aaecdabfffff,H3,2025,8,0.5
882aaecdabfffff,H3,2025,9,0.5
882aaecdabfffff,H3,2025,10,0.5
882aaecdabfffff,H3,2025,11,0.6
882aaecdabfffff,H3,2025,12,0.7
882aaecdabfffff,H3,2025,13,0.7
882aaecdabfffff,H3,2025,14,0.8
882aaecdabfffff,H3,2025,15,0.9
882aaecdabfffff,H3,2025,16,1.1
882aaecdabfffff,H3,2025,17,1.5
882aaecdabfffff,H3,2025,18,1.7
882aaecdabfffff,H3,2025,19,1.7
882aaecdabfffff,H3,2025,20,1.8
882aaecdabfffff,H3,2025,21,1.7
882aaecdabfffff,H3,2025,22,1.6
882aaecdabfffff,H3,2025,23,1.4
882ab10debfffff,H3,2025,0,6.6
882ab10debfffff,H3,2025,1,5.7
882ab10debfffff,H3,2025,2,5.0
882ab10debfffff,H3,2025,3,4.4
882ab10debfffff,H3,2025,4,4.1
882ab10debfffff,H3,2025,5,3.6
882ab10debfffff,H3,2025,6,3.3
882ab10debfffff,H3,2025,7,2.6
882ab10debfffff,H3,2025,8,2.3
882ab10debfffff,H3,2025,9,2.2
882ab10debfffff,H3,2025,10,2.4
882ab10debfffff,H3,2025,11,2.7
882ab10debfffff,H3,2025,12,3.1
882ab10debfffff,H3,2025,13,3.5
882ab10debfffff,H3,2025,14,3.9
882ab10debfffff,H3,2025,15,4.5
882ab10debfffff,H3,2025,16,5.7
882ab10debfffff,H3,2025,17,7.4
882ab10debfffff,H3,2025,18,8.6
882ab10debfffff,H3,2025,19,9.3
882ab10debfffff,H3,2025,20,9.7
882ab10debfffff,H3,2025,21,9.4
882ab10debfffff,H3,2025,22,8.8
882ab10debfffff,H3,2025,23,7.7
882ab20935fffff,H3,2025,0,5.9
882ab20935fffff,H3,2025,1,5.1
882ab20935fffff,H3,2025,2,4.5
882ab20935fffff,H3,2025,3,4.1
882ab20935fffff,H3,2025,4,3.6
882ab20935fffff,H3,2025,5,3.3
882ab20935fffff,H3,2025,6,3.0
882ab20935fffff,H3,2025,7,2.4
882ab20935fffff,H3,2025,8,1.9
882ab20935fffff,H3,2025,9,1.9
882ab20935fffff,H3,2025,10,2.0
882ab20935fffff,H3,2025,11,2.4
882ab20935fffff,H3,2025,12,2.7
882ab20935fffff,H3,2025,13,3.0
882ab20935fffff,H3,2025,14,3.4
882ab20935fffff,H3,2025,15,4.0
882ab20935fffff,H3,2025,16,4.9
882ab20935fffff,H3,2025,17,6.5
882ab20935fffff,H3,2025,18,7.6
882ab20935fffff,H3,2025,19,8.2
882ab20935fffff,H3,2025,20,8.5
882ab20935fffff,H3,2025,21,8.4
882ab20935fffff,H3,2025,22,7.8
882ab20935fffff,H3,2025,23,6.9
882ab25503fffff,H3,2025,0,1.7
882ab25503fffff,H3,2025,1,1.5
882ab25503fffff,H3,2025,2,1.2
882ab25503fffff,H3,2025,3,1.1
882ab25503fffff,H3,2025,4,1.0
882ab25503fffff,H3,2025,5,0.9
882ab25503fffff,H3,2025,6,0.9
882ab25503fffff,H3,2025,7,0.7
882ab25503fffff,H3,2025,8,0.6
882ab25503fffff,H3,2025,9,0.6
882ab25503fffff,H3,2025,10,0.6
882ab25503fffff,H3,2025,11,0.7
882ab25503fffff,H3,2025,12,0.8
882ab25503fffff,H3,2025,13,0.9
882ab25503fffff,H3,2025,14,1.0
882ab25503fffff,H3,2025,15,1.1
882ab25503fffff,H3,2025,16,1.5
882ab25503fffff,H3,2025,17,1.9
882ab25503fffff,H3,2025,18,2.2
882ab25503fffff,H3,2025,19,2.4
882ab25503fffff,H3,2025,20,2.5
882ab25503fffff,H3,2025,21,2.4
882ab25503fffff,H3,2025,22,2.3
882ab25503fffff,H3,2025,23,2.0
882ab2556dfffff,H3,2025,0,4.3
882ab2556dfffff,H3,2025,1,3.8
882ab2556dfffff,H3,2025,2,3.3
882ab2556dfffff,H3,2025,3,3.0
882ab2556dfffff,H3,2025,4,2.7
882ab2556dfffff,H3,2025,5,2.4
882ab2556dfffff,H3,2025,6,2.2
882ab2556dfffff,H3,2025,7,1.7
882ab2556dfffff,H3,2025,8,1.5
882ab2556dfffff,H3,2025,9,1.4
882ab2556dfffff,H3,2025,10,1.5
882ab2556dfffff,H3,2025,11,1.7
882ab2556dfffff,H3,2025,12,2.0
882ab2556dfffff,H3,2025,13,2.2
882ab2556dfffff,H3,2025,14,2.5
882ab2556dfffff,H3,2025,15,3.0
882ab2556dfffff,H3,2025,16,3.6
882ab2556dfffff,H3,2025,17,4.8
882ab2556dfffff,H3,2025,18,5.6
882ab2556dfffff,H3,2025,19,6.0
882ab2556dfffff,H3,2025,20,6.2
882ab2556dfffff,H3,2025,21,6.1
882ab2556dfffff,H3,2025,22,5.7
882ab2556dfffff,H3,2025,23,5.1
882ab25923fffff,H3,2025,0,1.1
882ab25923fffff,H3,2025,1,0.9
882ab25923fffff,H3,2025,2,0.8
882ab25923fffff,H3,2025,3,0.7
882ab25923fffff,H3,2025,4,0.6
882ab25923fffff,H3,2025,5,0.6
882ab25923fffff,H3,2025,6,0.6
882ab25923fffff,H3,2025,7,0.6
882ab25923fffff,H3,2025,8,0.7
882ab25923fffff,H3,2025,9,0.8
882ab25923fffff,H3,2025,10,0.8
882ab25923fffff,H3,2025,11,0.9
882ab25923fffff,H3,2025,12,1.0
882ab25923fffff,H3,2025,13,1.1
882ab25923fffff,H3,2025,14,1.1
882ab25923fffff,H3,2025,15,1.2
882ab25923fffff,H3,2025,16,1.5
882ab25923fffff,H3,2025,17,1.8
882ab25923fffff,H3,2025,18,2.0
882ab25923fffff,H3,2025,19,2.0
882ab25923fffff,H3,2025,20,2.0
882ab25923fffff,H3,2025,21,1.9
882ab25923fffff,H3,2025,22,1.7
882ab25923fffff,H3,2025,23,1.5
882ab2593bfffff,H3,2025,0,3.6
882ab2593bfffff,H3,2025,1,3.2
882ab2593bfffff,H3,2025,2,2.7
882ab2593bfffff,H3,2025,3,2.4
882ab2593bfffff,H3,2025,4,2.2
882ab2593bfffff,H3,2025,5,2.0
882ab2593bfffff,H3,2025,6,1.8
882ab2593bfffff,H3,2025,7,1.5
882ab2593bfffff,H3,2025,8,1.4
882ab2593bfffff,H3,2025,9,1.2
882ab2593bfffff,H3,2025,10,1.4
882ab2593bfffff,H3,2025,11,1.6
882ab2593bfffff,H3,2025,12,1.8
882ab2593bfffff,H3,2025,13,2.0
882ab2593bfffff,H3,2025,14,2.3
882ab2593bfffff,H3,2025,15,2.6
882ab2593bfffff,H3,2025,16,3.3
882ab2593bfffff,H3,2025,17,4.2
882ab2593bfffff,H3,2025,18,4.9
882ab2593bfffff,H3,2025,19,5.2
882ab2593bfffff,H3,2025,20,5.5
882ab2593bfffff,H3,2025,21,5.2
882ab2593bfffff,H3,2025,22,4.9
882ab2593bfffff,H3,2025,23,4.3
882ab2c2cbfffff,H3,2025,0,1.4
882ab2c2cbfffff,H3,2025,1,1.1
882ab2c2cbfffff,H3,2025,2,1.0
882ab2c2cbfffff,H3,2025,3,0.9
882ab2c2cbfffff,H3,2025,4,0.8
882ab2c2cbfffff,H3,2025,5,0.8
882ab2c2cbfffff,H3,2025,6,0.7
882ab2c2cbfffff,H3,2025,7,0.6
882ab2c2cbfffff,H3,2025,8,0.5
882ab2c2cbfffff,H3,2025,9,0.5
882ab2c2cbfffff,H3,2025,10,0.5
882ab2c2cbfffff,H3,2025,11,0.6
882ab2c2cbfffff,H3,2025,12,0.7
882ab2c2cbfffff,H3,2025,13,0.7
882ab2c2cbfffff,H3,2025,14,0.8
882ab2c2cbfffff,H3,2025,15,0.9
882ab2c2cbfffff,H3,2025,16,1.1
882ab2c2cbfffff,H3,2025,17,1.5
882ab2c2cbfffff,H3,2025,18,1.7
882ab2c2cbfffff,H3,2025,19,1.8
882ab2c2cbfffff,H3,2025,20,1.9
882ab2c2cbfffff,H3,2025,21,1.9
882ab2c2cbfffff,H3,2025,22,1.8
882ab2c2cbfffff,H3,2025,23,1.6
882ab2c403fffff,H3,2025,0,5.6
882ab2c403fffff,H3,2025,1,4.9
882ab2c403fffff,H3,2025,2,4.3
882ab2c403fffff,H3,2025,3,3.9
882ab2c403fffff,H3,2025,4,3.5
882ab2c403fffff,H3,2025,5,3.2
882ab2c403fffff,H3,2025,6,2.8
882ab2c403fffff,H3,2025,7,2.3
882ab2c403fffff,H3,2025,8,1.8
882ab2c403fffff,H3,2025,9,1.8
882ab2c403fffff,H3,2025,10,1.9
882ab2c403fffff,H3,2025,11,2.3
882ab2c403fffff,H3,2025,12,2.6
882ab2c403fffff,H3,2025,13,2.8
882ab2c403fffff,H3,2025,14,3.2
882ab2c403fffff,H3,2025,15,3.8
882ab2c403fffff,H3,2025,16,4.7
882ab2c403fffff,H3,2025,17,6.1
882ab2c403fffff,H3,2025,18,7.3
882ab2c403fffff,H3,2025,19,7.8
882ab2c403fffff,H3,2025,20,8.2
882ab2c403fffff,H3,2025,21,8.0
882ab2c403fffff,H3,2025,22,7.4
882ab2c403fffff,H3,2025,23,6.6
882ab2c58dfffff,H3,2025,0,21.6
882ab2c58dfffff,H3,2025,1,19.0
882ab2c58dfffff,H3,2025,2,16.6
882ab2c58dfffff,H3,2025,3,14.9
882ab2c58dfffff,H3,2025,4,13.5
882ab2c58dfffff,H3,2025,5,12.3
882ab2c58dfffff,H3,2025,6,10.8
882ab2c58dfffff,H3,2025,7,8.6
882ab2c58dfffff,H3,2025,8,7.3
882ab2c58dfffff,H3,2025,9,6.9
882ab2c58dfffff,H3,2025,10,7.5
882ab2c58dfffff,H3,2025,11,8.6
882ab2c58dfffff,H3,2025,12,10.0
882ab2c58dfffff,H3,2025,13,11.0
882ab2c58dfffff,H3,2025,14,12.4
882ab2c58dfffff,H3,2025,15,14.5
882ab2c58dfffff,H3,2025,16,18.2
882ab2c58dfffff,H3,2025,17,23.9
882ab2c58dfffff,H3,2025,18,28.0
882ab2c58dfffff,H3,2025,19,30.1
882ab2c58dfffff,H3,2025,20,31.4
882ab2c58dfffff,H3,2025,21,30.8
882ab2c58dfffff,H3,2025,22,28.6
882ab2c58dfffff,H3,2025,23,25.5
882ab2c5cbfffff,H3,2025,0,4.9
882ab2c5cbfffff,H3,2025,1,4.2
882ab2c5cbfffff,H3,2025,2,3.8
882ab2c5cbfffff,H3,2025,3,3.3
882ab2c5cbfffff,H3,2025,4,3.1
882ab2c5cbfffff,H3,2025,5,2.7
882ab2c5cbfffff,H3,2025,6,2.4
882ab2c5cbfffff,H3,2025,7,1.9
882ab2c5cbfffff,H3,2025,8,1.6
882ab2c5cbfffff,H3,2025,9,1.6
882ab2c5cbfffff,H3,2025,10,1.7
882ab2c5cbfffff,H3,2025,11,1.9
882ab2c5cbfffff,H3,2025,12,2.3
882ab2c5cbfffff,H3,2025,13,2.5
882ab2c5cbfffff,H3,2025,14,2.8
882ab2c5cbfffff,H3,2025,15,3.3
882ab2c5cbfffff,H3,2025,16,4.1
882ab2c5cbfffff,H3,2025,17,5.3
882ab2c5cbfffff,H3,2025,18,6.2
882ab2c5cbfffff,H3,2025,19,6.7
882ab2c5cbfffff,H3,2025,20,7.0
882ab2c5cbfffff,H3,2025,21,6.9
882ab2c5cbfffff,H3,2025,22,6.4
882ab2c5cbfffff,H3,2025,23,5.7
882ab2c5e7fffff,H3,2025,0,5.8
882ab2c5e7fffff,H3,2025,1,5.0
882ab2c5e7fffff,H3,2025,2,4.4
882ab2c5e7fffff,H3,2025,3,4.0
882ab2c5e7fffff,H3,2025,4,3.6
882ab2c5e7fffff,H3,2025,5,3.3
882ab2c5e7fffff,H3,2025,6,2.8
882ab2c5e7fffff,H3,2025,7,2.3
882ab2c5e7fffff,H3,2025,8,1.9
882ab2c5e7fffff,H3,2025,9,1.8
882ab2c5e7fffff,H3,2025,10,2.0
882ab2c5e7fffff,H3,2025,11,2.3
882ab2c5e7fffff,H3,2025,12,2.6
882ab2c5e7fffff,H3,2025,13,3.0
882ab2c5e7fffff,H3,2025,14,3.3
882ab2c5e7fffff,H3,2025,15,3.9
882ab2c5e7fffff,H3,2025,16,4.9
882ab2c5e7fffff,H3,2025,17,6.4
882ab2c5e7fffff,H3,2025,18,7.5
882ab2c5e7fffff,H3,2025,19,8.1
882ab2c5e7fffff,H3,2025,20,8.4
882ab2c5e7fffff,H3,2025,21,8.2
882ab2c5e7fffff,H3,2025,22,7.6
882ab2c5e7fffff,H3,2025,23,6.8
882ab2c5edfffff,H3,2025,0,4.4
882ab2c5edfffff,H3,2025,1,3.9
882ab2c5edfffff,H3,2025,2,3.4
882ab2c5edfffff,H3,2025,3,3.1
882ab2c5edfffff,H3,2025,4,2.7
882ab2c5edfffff,H3,2025,5,2.5
882ab2c5edfffff,H3,2025,6,2.3
882ab2c5edfffff,H3,2025,7,1.8
882ab2c5edfffff,H3,2025,8,1.5
882ab2c5edfffff,H3,2025,9,1.5
882ab2c5edfffff,H3,2025,10,1.6
882ab2c5edfffff,H3,2025,11,1.8
882ab2c5edfffff,H3,2025,12,2.2
882ab2c5edfffff,H3,2025,13,2.4
882ab2c5edfffff,H3,2025,14,2.6
882ab2c5edfffff,H3,2025,15,3.1
882ab2c5edfffff,H3,2025,16,3.9
882ab2c5edfffff,H3,2025,17,5.0
882ab2c5edfffff,H3,2025,18,5.9
882ab2c5edfffff,H3,2025,19,6.2
882ab2c5edfffff,H3,2025,20,6.6
882ab2c5edfffff,H3,2025,21,6.4
882ab2c5edfffff,H3,2025,22,5.9
882ab2c5edfffff,H3,2025,23,5.2
882ab2d523fffff,H3,2025,0,1.6
882ab2d523fffff,H3,2025,1,1.4
882ab2d523fffff,H3,2025,2,1.1
882ab2d523fffff,H3,2025,3,1.0
882ab2d523fffff,H3,2025,4,0.9
882ab2d523fffff,H3,2025,5,0.9
882ab2d523fffff,H3,2025,6,0.8
882ab2d523fffff,H3,2025,7,0.7
882ab2d523fffff,H3,2025,8,0.6
882ab2d523fffff,H3,2025,9,0.6
882ab2d523fffff,H3,2025,10,0.6
882ab2d523fffff,H3,2025,11,0.7
882ab2d523fffff,H3,2025,12,0.7
882ab2d523fffff,H3,2025,13,0.8
882ab2d523fffff,H3,2025,14,0.9
882ab2d523fffff,H3,2025,15,1.0
882ab2d523fffff,H3,2025,16,1.4
882ab2d523fffff,H3,2025,17,1.7
882ab2d523fffff,H3,2025,18,2.0
882ab2d523fffff,H3,2025,19,2.2
882ab2d523fffff,H3,2025,20,2.3
882ab2d523fffff,H3,2025,21,2.2
882ab2d523fffff,H3,2025,22,2.0
882ab2d523fffff,H3,2025,23,1.8
882ab38095fffff,H3,2025,0,4.9
882ab38095fffff,H3,2025,1,4.2
882ab38095fffff,H3,2025,2,3.6
882ab38095fffff,H3,2025,3,3.3
882ab38095fffff,H3,2025,4,3.0
882ab38095fffff,H3,2025,5,2.7
882ab38095fffff,H3,2025,6,2.5
882ab38095fffff,H3,2025,7,2.0
882ab38095fffff,H3,2025,8,1.7
882ab38095fffff,H3,2025,9,1.6
882ab38095fffff,H3,2025,10,1.8
882ab38095fffff,H3,2025,11,2.0
882ab38095fffff,H3,2025,12,2.4
882ab38095fffff,H3,2025,13,2.6
882ab38095fffff,H3,2025,14,3.0
882ab38095fffff,H3,2025,15,3.4
882ab38095fffff,H3,2025,16,4.3
882ab38095fffff,H3,2025,17,5.6
882ab38095fffff,H3,2025,18,6.5
882ab38095fffff,H3,2025,19,6.9
882ab38095fffff,H3,2025,20,7.3
882ab38095fffff,H3,2025,21,7.0
882ab38095fffff,H3,2025,22,6.5
882ab38095fffff,H3,2025,23,5.8
882ab380b9fffff,H3,2025,0,2.2
882ab380b9fffff,H3,2025,1,1.9
882ab380b9fffff,H3,2025,2,1.7
882ab380b9fffff,H3,2025,3,1.5
882ab380b9fffff,H3,2025,4,1.4
882ab380b9fffff,H3,2025,5,1.2
882ab380b9fffff,H3,2025,6,1.1
882ab380b9fffff,H3,2025,7,0.9
882ab380b9fffff,H3,2025,8,0.8
882ab380b9fffff,H3,2025,9,0.7
882ab380b9fffff,H3,2025,10,0.8
882ab380b9fffff,H3,2025,11,0.9
882ab380b9fffff,H3,2025,12,1.0
882ab380b9fffff,H3,2025,13,1.1
882ab380b9fffff,H3,2025,14,1.2
882ab380b9fffff,H3,2025,15,1.5
882ab380b9fffff,H3,2025,16,1.8
882ab380b9fffff,H3,2025,17,2.5
882ab380b9fffff,H3,2025,18,2.8
882ab380b9fffff,H3,2025,19,3.1
882ab380b9fffff,H3,2025,20,3.2
882ab380b9fffff,H3,2025,21,3.2
882ab380b9fffff,H3,2025,22,3.0
882ab380b9fffff,H3,2025,23,2.6
882ab381b3fffff,H3,2025,0,2.3
882ab381b3fffff,H3,2025,1,1.9
882ab381b3fffff,H3,2025,2,1.7
882ab381b3fffff,H3,2025,3,1.6
882ab381b3fffff,H3,2025,4,1.4
882ab381b3fffff,H3,2025,5,1.2
882ab381b3fffff,H3,2025,6,1.1
882ab381b3fffff,H3,2025,7,0.9
882ab381b3fffff,H3,2025,8,0.8
882ab381b3fffff,H3,2025,9,0.7
882ab381b3fffff,H3,2025,10,0.8
882ab381b3fffff,H3,2025,11,0.9
882ab381b3fffff,H3,2025,12,1.0
882ab381b3fffff,H3,2025,13,1.1
882ab381b3fffff,H3,2025,14,1.2
882ab381b3fffff,H3,2025,15,1.5
882ab381b3fffff,H3,2025,16,1.9
882ab381b3fffff,H3,2025,17,2.5
882ab381b3fffff,H3,2025,18,3.0
882ab381b3fffff,H3,2025,19,3.2
882ab381b3fffff,H3,2025,20,3.3
882ab381b3fffff,H3,2025,21,3.2
882ab381b3fffff,H3,2025,22,3.0
882ab381b3fffff,H3,2025,23,2.6
882ab38d85fffff,H3,2025,0,7.7
882ab38d85fffff,H3,2025,1,6.7
882ab38d85fffff,H3,2025,2,5.9
882ab38d85fffff,H3,2025,3,5.3
882ab38d85fffff,H3,2025,4,4.8
882ab38d85fffff,H3,2025,5,4.3
882ab38d85fffff,H3,2025,6,3.9
882ab38d85fffff,H3,2025,7,3.1
882ab38d85fffff,H3,2025,8,2.6
882ab38d85fffff,H3,2025,9,2.5
882ab38d85fffff,H3,2025,10,2.7
882ab38d85fffff,H3,2025,11,3.1
882ab38d85fffff,H3,2025,12,3.5
882ab38d85fffff,H3,2025,13,4.0
882ab38d85fffff,H3,2025,14,4.4
882ab38d85fffff,H3,2025,15,5.1
882ab38d85fffff,H3,2025,16,6.5
882ab38d85fffff,H3,2025,17,8.4
882ab38d85fffff,H3,2025,18,9.9
882ab38d85fffff,H3,2025,19,10.7
882ab38d85fffff,H3,2025,20,11.1
882ab38d85fffff,H3,2025,21,10.9
882ab38d85fffff,H3,2025,22,10.1
882ab38d85fffff,H3,2025,23,9.1
882ab38dd7fffff,H3,2025,0,4.4
882ab38dd7fffff,H3,2025,1,3.9
882ab38dd7fffff,H3,2025,2,3.4
882ab38dd7fffff,H3,2025,3,3.1
882ab38dd7fffff,H3,2025,4,2.7
882ab38dd7fffff,H3,2025,5,2.5
882ab38dd7fffff,H3,2025,6,2.2
882ab38dd7fffff,H3,2025,7,1.8
882ab38dd7fffff,H3,2025,8,1.5
882ab38dd7fffff,H3,2025,9,1.5
882ab38dd7fffff,H3,2025,10,1.6
882ab38dd7fffff,H3,2025,11,1.8
882ab38dd7fffff,H3,2025,12,2.0
882ab38dd7fffff,H3,2025,13,2.3
882ab38dd7fffff,H3,2025,14,2.6
882ab38dd7fffff,H3,2025,15,3.1
882ab38dd7fffff,H3,2025,16,3.8
882ab38dd7fffff,H3,2025,17,4.9
882ab38dd7fffff,H3,2025,18,5.8
882ab38dd7fffff,H3,2025,19,6.2
882ab38dd7fffff,H3,2025,20,6.5
882ab38dd7fffff,H3,2025,21,6.4
882ab38dd7fffff,H3,2025,22,5.9
882ab38dd7fffff,H3,2025,23,5.2
882ab38e67fffff,H3,2025,0,1.7
882ab38e67fffff,H3,2025,1,1.5
882ab38e67fffff,H3,2025,2,1.2
882ab38e67fffff,H3,2025,3,1.1
882ab38e67fffff,H3,2025,4,1.0
882ab38e67fffff,H3,2025,5,0.9
882ab38e67fffff,H3,2025,6,0.9
882ab38e67fffff,H3,2025,7,0.7
882ab38e67fffff,H3,2025,8,0.6
882ab38e67fffff,H3,2025,9,0.6
882ab38e67fffff,H3,2025,10,0.6
882ab38e67fffff,H3,2025,11,0.7
882ab38e67fffff,H3,2025,12,0.8
882ab38e67fffff,H3,2025,13,0.9
882ab38e67fffff,H3,2025,14,1.0
882ab38e67fffff,H3,2025,15,1.1
882ab38e67fffff,H3,2025,16,1.5
882ab38e67fffff,H3,2025,17,1.9
882ab38e67fffff,H3,2025,18,2.2
882ab38e67fffff,H3,2025,19,2.4
882ab38e67fffff,H3,2025,20,2.5
882ab38e67fffff,H3,2025,21,2.4
882ab38e67fffff,H3,2025,22,2.3
882ab38e67fffff,H3,2025,23,2.0
882ab38e6dfffff,H3,2025,0,0.9
882ab38e6dfffff,H3,2025,0,5.2
882ab38e6dfffff,H3,2025,1,0.8
882ab38e6dfffff,H3,2025,1,4.5
882ab38e6dfffff,H3,2025,2,0.7
882ab38e6dfffff,H3,2025,2,4.0
882ab38e6dfffff,H3,2025,3,0.6
882ab38e6dfffff,H3,2025,3,3.5
882ab38e6dfffff,H3,2025,4,0.6
882ab38e6dfffff,H3,2025,4,3.3
882ab38e6dfffff,H3,2025,5,0.5
882ab38e6dfffff,H3,2025,5,3.0
882ab38e6dfffff,H3,2025,6,0.5
882ab38e6dfffff,H3,2025,6,2.6
882ab38e6dfffff,H3,2025,7,0.3
882ab38e6dfffff,H3,2025,7,2.0
882ab38e6dfffff,H3,2025,8,0.2
882ab38e6dfffff,H3,2025,8,1.7
882ab38e6dfffff,H3,2025,9,0.2
882ab38e6dfffff,H3,2025,9,1.7
882ab38e6dfffff,H3,2025,10,0.3
882ab38e6dfffff,H3,2025,10,1.8
882ab38e6dfffff,H3,2025,11,0.3
882ab38e6dfffff,H3,2025,11,2.0
882ab38e6dfffff,H3,2025,12,0.3
882ab38e6dfffff,H3,2025,12,2.4
882ab38e6dfffff,H3,2025,13,0.5
882ab38e6dfffff,H3,2025,13,2.6
882ab38e6dfffff,H3,2025,14,0.5
882ab38e6dfffff,H3,2025,14,3.0
882ab38e6dfffff,H3,2025,15,0.6
882ab38e6dfffff,H3,2025,15,3.5
882ab38e6dfffff,H3,2025,16,0.7
882ab38e6dfffff,H3,2025,16,4.3
882ab38e6dfffff,H3,2025,17,0.9
882ab38e6dfffff,H3,2025,17,5.7
882ab38e6dfffff,H3,2025,18,1.1
882ab38e6dfffff,H3,2025,18,6.7
882ab38e6dfffff,H3,2025,19,1.2
882ab38e6dfffff,H3,2025,19,7.3
882ab38e6dfffff,H3,2025,20,1.2
882ab38e6dfffff,H3,2025,20,7.5
882ab38e6dfffff,H3,2025,21,1.2
882ab38e6dfffff,H3,2025,21,7.4
882ab38e6dfffff,H3,2025,22,1.1
882ab38e6dfffff,H3,2025,22,6.8
882ab38e6dfffff,H3,2025,23,1.0
882ab38e6dfffff,H3,2025,23,6.1
882ab38f53fffff,H3,2025,0,6.6
882ab38f53fffff,H3,2025,1,5.8
882ab38f53fffff,H3,2025,2,5.1
882ab38f53fffff,H3,2025,3,4.5
882ab38f53fffff,H3,2025,4,4.1
882ab38f53fffff,H3,2025,5,3.8
882ab38f53fffff,H3,2025,6,3.3
882ab38f53fffff,H3,2025,7,2.6
882ab38f53fffff,H3,2025,8,2.3
882ab38f53fffff,H3,2025,9,2.2
882ab38f53fffff,H3,2025,10,2.3
882ab38f53fffff,H3,2025,11,2.6
882ab38f53fffff,H3,2025,12,3.1
882ab38f53fffff,H3,2025,13,3.4
882ab38f53fffff,H3,2025,14,3.9
882ab38f53fffff,H3,2025,15,4.4
882ab38f53fffff,H3,2025,16,5.6
882ab38f53fffff,H3,2025,17,7.3
882ab38f53fffff,H3,2025,18,8.6
882ab38f53fffff,H3,2025,19,9.2
882ab38f53fffff,H3,2025,20,9.7
882ab38f53fffff,H3,2025,21,9.4
882ab38f53fffff,H3,2025,22,8.8
882ab38f53fffff,H3,2025,23,7.8
882ab3a76bfffff,H3,2025,0,1.2
882ab3a76bfffff,H3,2025,1,1.1
882ab3a76bfffff,H3,2025,2,0.9
882ab3a76bfffff,H3,2025,3,0.9
882ab3a76bfffff,H3,2025,4,0.8
882ab3a76bfffff,H3,2025,5,0.7
882ab3a76bfffff,H3,2025,6,0.7
882ab3a76bfffff,H3,2025,7,0.6
882ab3a76bfffff,H3,2025,8,0.5
882ab3a76bfffff,H3,2025,9,0.5
882ab3a76bfffff,H3,2025,10,0.5
882ab3a76bfffff,H3,2025,11,0.6
882ab3a76bfffff,H3,2025,12,0.6
882ab3a76bfffff,H3,2025,13,0.7
882ab3a76bfffff,H3,2025,14,0.8
882ab3a76bfffff,H3,2025,15,0.9
882ab3a76bfffff,H3,2025,16,1.1
882ab3a76bfffff,H3,2025,17,1.4
882ab3a76bfffff,H3,2025,18,1.7
882ab3a76bfffff,H3,2025,19,1.8
882ab3a76bfffff,H3,2025,20,1.8
882ab3a76bfffff,H3,2025,21,1.8
882ab3a76bfffff,H3,2025,22,1.7
882ab3a76bfffff,H3,2025,23,1.5
882ab3ac4dfffff,H3,2025,0,2.4
882ab3ac4dfffff,H3,2025,1,2.0
882ab3ac4dfffff,H3,2025,2,1.8
882ab3ac4dfffff,H3,2025,3,1.6
882ab3ac4dfffff,H3,2025,4,1.5
882ab3ac4dfffff,H3,2025,5,1.4
882ab3ac4dfffff,H3,2025,6,1.1
882ab3ac4dfffff,H3,2025,7,0.9
882ab3ac4dfffff,H3,2025,8,0.8
882ab3ac4dfffff,H3,2025,9,0.8
882ab3ac4dfffff,H3,2025,10,0.8
882ab3ac4dfffff,H3,2025,11,0.9
882ab3ac4dfffff,H3,2025,12,1.0
882ab3ac4dfffff,H3,2025,13,1.2
882ab3ac4dfffff,H3,2025,14,1.4
882ab3ac4dfffff,H3,2025,15,1.6
882ab3ac4dfffff,H3,2025,16,1.9
882ab3ac4dfffff,H3,2025,17,2.6
882ab3ac4dfffff,H3,2025,18,3.1
882ab3ac4dfffff,H3,2025,19,3.3
882ab3ac4dfffff,H3,2025,20,3.4
882ab3ac4dfffff,H3,2025,21,3.4
882ab3ac4dfffff,H3,2025,22,3.1
882ab3ac4dfffff,H3,2025,23,2.8
882ab3ace9fffff,H3,2025,0,2.5
882ab3ace9fffff,H3,2025,1,2.2
882ab3ace9fffff,H3,2025,2,1.9
882ab3ace9fffff,H3,2025,3,1.7
882ab3ace9fffff,H3,2025,4,1.6
882ab3ace9fffff,H3,2025,5,1.4
882ab3ace9fffff,H3,2025,6,1.2
882ab3ace9fffff,H3,2025,7,1.0
882ab3ace9fffff,H3,2025,8,0.8
882ab3ace9fffff,H3,2025,9,0.8
882ab3ace9fffff,H3,2025,10,0.9
882ab3ace9fffff,H3,2025,11,1.0
882ab3ace9fffff,H3,2025,12,1.1
882ab3ace9fffff,H3,2025,13,1.2
882ab3ace9fffff,H3,2025,14,1.4
882ab3ace9fffff,H3,2025,15,1.7
882ab3ace9fffff,H3,2025,16,2.0
882ab3ace9fffff,H3,2025,17,2.7
882ab3ace9fffff,H3,2025,18,3.2
882ab3ace9fffff,H3,2025,19,3.4
882ab3ace9fffff,H3,2025,20,3.6
882ab3ace9fffff,H3,2025,21,3.5
882ab3ace9fffff,H3,2025,22,3.3
882ab3ace9fffff,H3,2025,23,3.0
882ab3b957fffff,H3,2025,0,3.4
882ab3b957fffff,H3,2025,1,3.0
882ab3b957fffff,H3,2025,2,2.5
882ab3b957fffff,H3,2025,3,2.3
882ab3b957fffff,H3,2025,4,2.0
882ab3b957fffff,H3,2025,5,1.9
882ab3b957fffff,H3,2025,6,1.7
882ab3b957fffff,H3,2025,7,1.4
882ab3b957fffff,H3,2025,8,1.1
882ab3b957fffff,H3,2025,9,1.1
882ab3b957fffff,H3,2025,10,1.2
882ab3b957fffff,H3,2025,11,1.4
882ab3b957fffff,H3,2025,12,1.6
882ab3b957fffff,H3,2025,13,1.8
882ab3b957fffff,H3,2025,14,1.9
882ab3b957fffff,H3,2025,15,2.3
882ab3b957fffff,H3,2025,16,2.8
882ab3b957fffff,H3,2025,17,3.8
882ab3b957fffff,H3,2025,18,4.4
882ab3b957fffff,H3,2025,19,4.8
882ab3b957fffff,H3,2025,20,4.9
882ab3b957fffff,H3,2025,21,4.8
882ab3b957fffff,H3,2025,22,4.4
882ab3b957fffff,H3,2025,23,4.0
882ab57449fffff,H3,2025,0,1.2
882ab57449fffff,H3,2025,1,1.0
882ab57449fffff,H3,2025,2,0.9
882ab57449fffff,H3,2025,3,0.8
882ab57449fffff,H3,2025,4,0.8
882ab57449fffff,H3,2025,5,0.7
882ab57449fffff,H3,2025,6,0.6
882ab57449fffff,H3,2025,7,0.5
882ab57449fffff,H3,2025,8,0.5
882ab57449fffff,H3,2025,9,0.3
882ab57449fffff,H3,2025,10,0.5
882ab57449fffff,H3,2025,11,0.5
882ab57449fffff,H3,2025,12,0.6
882ab57449fffff,H3,2025,13,0.7
882ab57449fffff,H3,2025,14,0.7
882ab57449fffff,H3,2025,15,0.8
882ab57449fffff,H3,2025,16,1.0
882ab57449fffff,H3,2025,17,1.4
882ab57449fffff,H3,2025,18,1.6
882ab57449fffff,H3,2025,19,1.7
882ab57449fffff,H3,2025,20,1.8
882ab57449fffff,H3,2025,21,1.7
882ab57449fffff,H3,2025,22,1.6
882ab57449fffff,H3,2025,23,1.5
882ab60dd3fffff,H3,2025,0,1.2
882ab60dd3fffff,H3,2025,1,1.1
882ab60dd3fffff,H3,2025,2,0.9
882ab60dd3fffff,H3,2025,3,0.9
882ab60dd3fffff,H3,2025,4,0.8
882ab60dd3fffff,H3,2025,5,0.7
882ab60dd3fffff,H3,2025,6,0.7
882ab60dd3fffff,H3,2025,7,0.5
882ab60dd3fffff,H3,2025,8,0.5
882ab60dd3fffff,H3,2025,9,0.5
882ab60dd3fffff,H3,2025,10,0.5
882ab60dd3fffff,H3,2025,11,0.5
882ab60dd3fffff,H3,2025,12,0.6
882ab60dd3fffff,H3,2025,13,0.7
882ab60dd3fffff,H3,2025,14,0.7
882ab60dd3fffff,H3,2025,15,0.9
882ab60dd3fffff,H3,2025,16,1.0
882ab60dd3fffff,H3,2025,17,1.4
882ab60dd3fffff,H3,2025,18,1.6
882ab60dd3fffff,H3,2025,19,1.7
882ab60dd3fffff,H3,2025,20,1.8
882ab60dd3fffff,H3,2025,21,1.8
882ab60dd3fffff,H3,2025,22,1.7
882ab60dd3fffff,H3,2025,23,1.5
882ab60e31fffff,H3,2025,0,4.3
882ab60e31fffff,H3,2025,1,3.8
882ab60e31fffff,H3,2025,2,3.3
882ab60e31fffff,H3,2025,3,3.0
882ab60e31fffff,H3,2025,4,2.7
882ab60e31fffff,H3,2025,5,2.4
882ab60e31fffff,H3,2025,6,2.2
882ab60e31fffff,H3,2025,7,1.7
882ab60e31fffff,H3,2025,8,1.5
882ab60e31fffff,H3,2025,9,1.4
882ab60e31fffff,H3,2025,10,1.5
882ab60e31fffff,H3,2025,11,1.7
882ab60e31fffff,H3,2025,12,2.0
882ab60e31fffff,H3,2025,13,2.2
882ab60e31fffff,H3,2025,14,2.5
882ab60e31fffff,H3,2025,15,3.0
882ab60e31fffff,H3,2025,16,3.6
882ab60e31fffff,H3,2025,17,4.8
882ab60e31fffff,H3,2025,18,5.6
882ab60e31fffff,H3,2025,19,6.0
882ab60e31fffff,H3,2025,20,6.2
882ab60e31fffff,H3,2025,21,6.1
882ab60e31fffff,H3,2025,22,5.7
882ab60e31fffff,H3,2025,23,5.1
882ab66ca3fffff,H3,2025,0,18.1
882ab66ca3fffff,H3,2025,1,15.8
882ab66ca3fffff,H3,2025,2,13.8
882ab66ca3fffff,H3,2025,3,12.4
882ab66ca3fffff,H3,2025,4,11.2
882ab66ca3fffff,H3,2025,5,10.2
882ab66ca3fffff,H3,2025,6,9.1
882ab66ca3fffff,H3,2025,7,7.3
882ab66ca3fffff,H3,2025,8,6.0
882ab66ca3fffff,H3,2025,9,5.8
882ab66ca3fffff,H3,2025,10,6.4
882ab66ca3fffff,H3,2025,11,7.3
882ab66ca3fffff,H3,2025,12,8.3
882ab66ca3fffff,H3,2025,13,9.3
882ab66ca3fffff,H3,2025,14,10.5
882ab66ca3fffff,H3,2025,15,12.3
882ab66ca3fffff,H3,2025,16,15.2
882ab66ca3fffff,H3,2025,17,20.0
882ab66ca3fffff,H3,2025,18,23.4
882ab66ca3fffff,H3,2025,19,25.2
882ab66ca3fffff,H3,2025,20,26.2
882ab66ca3fffff,H3,2025,21,25.7
882ab66ca3fffff,H3,2025,22,23.9
882ab66ca3fffff,H3,2025,23,21.2
882ad020dbfffff,H3,2025,0,1.4
882ad020dbfffff,H3,2025,1,1.2
882ad020dbfffff,H3,2025,2,1.0
882ad020dbfffff,H3,2025,3,0.9
882ad020dbfffff,H3,2025,4,0.9
882ad020dbfffff,H3,2025,5,0.8
882ad020dbfffff,H3,2025,6,0.7
882ad020dbfffff,H3,2025,7,0.6
882ad020dbfffff,H3,2025,8,0.5
882ad020dbfffff,H3,2025,9,0.5
882ad020dbfffff,H3,2025,10,0.5
882ad020dbfffff,H3,2025,11,0.6
882ad020dbfffff,H3,2025,12,0.7
882ad020dbfffff,H3,2025,13,0.7
882ad020dbfffff,H3,2025,14,0.8
882ad020dbfffff,H3,2025,15,0.9
882ad020dbfffff,H3,2025,16,1.1
882ad020dbfffff,H3,2025,17,1.5
882ad020dbfffff,H3,2025,18,1.8
882ad020dbfffff,H3,2025,19,1.9
882ad020dbfffff,H3,2025,20,2.0
882ad020dbfffff,H3,2025,21,1.9
882ad020dbfffff,H3,2025,22,1.8
882ad020dbfffff,H3,2025,23,1.6
882ad02235fffff,H3,2025,0,2.3
882ad02235fffff,H3,2025,1,1.9
882ad02235fffff,H3,2025,2,1.7
882ad02235fffff,H3,2025,3,1.6
882ad02235fffff,H3,2025,4,1.4
882ad02235fffff,H3,2025,5,1.2
882ad02235fffff,H3,2025,6,1.1
882ad02235fffff,H3,2025,7,0.9
882ad02235fffff,H3,2025,8,0.8
882ad02235fffff,H3,2025,9,0.7
882ad02235fffff,H3,2025,10,0.8
882ad02235fffff,H3,2025,11,0.9
882ad02235fffff,H3,2025,12,1.0
882ad02235fffff,H3,2025,13,1.1
882ad02235fffff,H3,2025,14,1.2
882ad02235fffff,H3,2025,15,1.5
882ad02235fffff,H3,2025,16,1.9
882ad02235fffff,H3,2025,17,2.5
882ad02235fffff,H3,2025,18,3.0
882ad02235fffff,H3,2025,19,3.2
882ad02235fffff,H3,2025,20,3.3
882ad02235fffff,H3,2025,21,3.2
882ad02235fffff,H3,2025,22,3.0
882ad02235fffff,H3,2025,23,2.6
882ad022c9fffff,H3,2025,0,2.5
882ad022c9fffff,H3,2025,1,2.2
882ad022c9fffff,H3,2025,2,1.9
882ad022c9fffff,H3,2025,3,1.7
882ad022c9fffff,H3,2025,4,1.6
882ad022c9fffff,H3,2025,5,1.5
882ad022c9fffff,H3,2025,6,1.2
882ad022c9fffff,H3,2025,7,1.0
882ad022c9fffff,H3,2025,8,0.9
882ad022c9fffff,H3,2025,9,0.8
882ad022c9fffff,H3,2025,10,0.9
882ad022c9fffff,H3,2025,11,1.0
882ad022c9fffff,H3,2025,12,1.1
882ad022c9fffff,H3,2025,13,1.2
882ad022c9fffff,H3,2025,14,1.5
882ad022c9fffff,H3,2025,15,1.7
882ad022c9fffff,H3,2025,16,2.2
882ad022c9fffff,H3,2025,17,2.8
882ad022c9fffff,H3,2025,18,3.3
882ad022c9fffff,H3,2025,19,3.5
882ad022c9fffff,H3,2025,20,3.6
882ad022c9fffff,H3,2025,21,3.6
882ad022c9fffff,H3,2025,22,3.4
882ad022c9fffff,H3,2025,23,3.0
882ad14b4bfffff,H3,2025,0,6.4
882ad14b4bfffff,H3,2025,1,5.6
882ad14b4bfffff,H3,2025,2,4.9
882ad14b4bfffff,H3,2025,3,4.4
882ad14b4bfffff,H3,2025,4,4.0
882ad14b4bfffff,H3,2025,5,3.6
882ad14b4bfffff,H3,2025,6,3.2
882ad14b4bfffff,H3,2025,7,2.5
882ad14b4bfffff,H3,2025,8,2.2
882ad14b4bfffff,H3,2025,9,2.0
882ad14b4bfffff,H3,2025,10,2.3
882ad14b4bfffff,H3,2025,11,2.5
882ad14b4bfffff,H3,2025,12,3.0
882ad14b4bfffff,H3,2025,13,3.3
882ad14b4bfffff,H3,2025,14,3.6
882ad14b4bfffff,H3,2025,15,4.3
882ad14b4bfffff,H3,2025,16,5.3
882ad14b4bfffff,H3,2025,17,7.0
882ad14b4bfffff,H3,2025,18,8.3
882ad14b4bfffff,H3,2025,19,8.9
882ad14b4bfffff,H3,2025,20,9.2
882ad14b4bfffff,H3,2025,21,9.1
882ad14b4bfffff,H3,2025,22,8.4
882ad14b4bfffff,H3,2025,23,7.5
882ad25711fffff,H3,2025,0,1.2
882ad25711fffff,H3,2025,1,1.1
882ad25711fffff,H3,2025,2,1.0
882ad25711fffff,H3,2025,3,0.9
882ad25711fffff,H3,2025,4,0.8
882ad25711fffff,H3,2025,5,0.7
882ad25711fffff,H3,2025,6,0.7
882ad25711fffff,H3,2025,7,0.6
882ad25711fffff,H3,2025,8,0.5
882ad25711fffff,H3,2025,9,0.5
882ad25711fffff,H3,2025,10,0.5
882ad25711fffff,H3,2025,11,0.6
882ad25711fffff,H3,2025,12,0.6
882ad25711fffff,H3,2025,13,0.7
882ad25711fffff,H3,2025,14,0.8
882ad25711fffff,H3,2025,15,0.9
882ad25711fffff,H3,2025,16,1.0
882ad25711fffff,H3,2025,17,1.4
882ad25711fffff,H3,2025,18,1.7
882ad25711fffff,H3,2025,19,1.8
882ad25711fffff,H3,2025,20,1.8
882ad25711fffff,H3,2025,21,1.8
882ad25711fffff,H3,2025,22,1.7
882ad25711fffff,H3,2025,23,1.5
882ad261e9fffff,H3,2025,0,1.7
882ad261e9fffff,H3,2025,1,1.6
882ad261e9fffff,H3,2025,2,1.4
882ad261e9fffff,H3,2025,3,1.2
882ad261e9fffff,H3,2025,4,1.1
882ad261e9fffff,H3,2025,5,1.0
882ad261e9fffff,H3,2025,6,0.9
882ad261e9fffff,H3,2025,7,0.7
882ad261e9fffff,H3,2025,8,0.6
882ad261e9fffff,H3,2025,9,0.6
882ad261e9fffff,H3,2025,10,0.6
882ad261e9fffff,H3,2025,11,0.7
882ad261e9fffff,H3,2025,12,0.8
882ad261e9fffff,H3,2025,13,0.9
882ad261e9fffff,H3,2025,14,1.0
882ad261e9fffff,H3,2025,15,1.1
882ad261e9fffff,H3,2025,16,1.5
882ad261e9fffff,H3,2025,17,1.9
882ad261e9fffff,H3,2025,18,2.3
882ad261e9fffff,H3,2025,19,2.4
882ad261e9fffff,H3,2025,20,2.5
882ad261e9fffff,H3,2025,21,2.5
882ad261e9fffff,H3,2025,22,2.3
882ad261e9fffff,H3,2025,23,2.0
882ad44593fffff,H3,2025,0,2.5
882ad44593fffff,H3,2025,1,2.2
882ad44593fffff,H3,2025,2,1.8
882ad44593fffff,H3,2025,3,1.7
882ad44593fffff,H3,2025,4,1.5
882ad44593fffff,H3,2025,5,1.4
882ad44593fffff,H3,2025,6,1.2
882ad44593fffff,H3,2025,7,1.0
882ad44593fffff,H3,2025,8,0.8
882ad44593fffff,H3,2025,9,0.8
882ad44593fffff,H3,2025,10,0.9
882ad44593fffff,H3,2025,11,1.0
882ad44593fffff,H3,2025,12,1.1
882ad44593fffff,H3,2025,13,1.2
882ad44593fffff,H3,2025,14,1.4
882ad44593fffff,H3,2025,15,1.7
882ad44593fffff,H3,2025,16,2.0
882ad44593fffff,H3,2025,17,2.7
882ad44593fffff,H3,2025,18,3.2
882ad44593fffff,H3,2025,19,3.4
882ad44593fffff,H3,2025,20,3.6
882ad44593fffff,H3,2025,21,3.5
882ad44593fffff,H3,2025,22,3.3
882ad44593fffff,H3,2025,23,2.8
882ad488b3fffff,H3,2025,0,2.8
882ad488b3fffff,H3,2025,1,2.5
882ad488b3fffff,H3,2025,2,2.2
882ad488b3fffff,H3,2025,3,1.9
882ad488b3fffff,H3,2025,4,1.8
882ad488b3fffff,H3,2025,5,1.6
882ad488b3fffff,H3,2025,6,1.5
882ad488b3fffff,H3,2025,7,1.1
882ad488b3fffff,H3,2025,8,0.9
882ad488b3fffff,H3,2025,9,0.9
882ad488b3fffff,H3,2025,10,1.0
882ad488b3fffff,H3,2025,11,1.1
882ad488b3fffff,H3,2025,12,1.4
882ad488b3fffff,H3,2025,13,1.5
882ad488b3fffff,H3,2025,14,1.7
882ad488b3fffff,H3,2025,15,1.9
882ad488b3fffff,H3,2025,16,2.4
882ad488b3fffff,H3,2025,17,3.2
882ad488b3fffff,H3,2025,18,3.8
882ad488b3fffff,H3,2025,19,4.0
882ad488b3fffff,H3,2025,20,4.2
882ad488b3fffff,H3,2025,21,4.1
882ad488b3fffff,H3,2025,22,3.8
882ad488b3fffff,H3,2025,23,3.4
882ad48d39fffff,H3,2025,0,2.3
882ad48d39fffff,H3,2025,1,1.9
882ad48d39fffff,H3,2025,2,1.7
882ad48d39fffff,H3,2025,3,1.6
882ad48d39fffff,H3,2025,4,1.4
882ad48d39fffff,H3,2025,5,1.2
882ad48d39fffff,H3,2025,6,1.1
882ad48d39fffff,H3,2025,7,0.9
882ad48d39fffff,H3,2025,8,0.8
882ad48d39fffff,H3,2025,9,0.8
882ad48d39fffff,H3,2025,10,0.8
882ad48d39fffff,H3,2025,11,0.9
882ad48d39fffff,H3,2025,12,1.0
882ad48d39fffff,H3,2025,13,1.2
882ad48d39fffff,H3,2025,14,1.4
882ad48d39fffff,H3,2025,15,1.6
882ad48d39fffff,H3,2025,16,1.9
882ad48d39fffff,H3,2025,17,2.5
882ad48d39fffff,H3,2025,18,3.0
882ad48d39fffff,H3,2025,19,3.2
882ad48d39fffff,H3,2025,20,3.3
882ad48d39fffff,H3,2025,21,3.2
882ad48d39fffff,H3,2025,22,3.0
882ad48d39fffff,H3,2025,23,2.6
882ad541e3fffff,H3,2025,0,42.7
882ad541e3fffff,H3,2025,1,37.3
882ad541e3fffff,H3,2025,2,32.3
882ad541e3fffff,H3,2025,3,28.9
882ad541e3fffff,H3,2025,4,26.1
882ad541e3fffff,H3,2025,5,24.0
882ad541e3fffff,H3,2025,6,21.8
882ad541e3fffff,H3,2025,7,18.1
882ad541e3fffff,H3,2025,8,15.7
882ad541e3fffff,H3,2025,9,15.1
882ad541e3fffff,H3,2025,10,16.5
882ad541e3fffff,H3,2025,11,18.8
882ad541e3fffff,H3,2025,12,21.8
882ad541e3fffff,H3,2025,13,24.4
882ad541e3fffff,H3,2025,14,26.8
882ad541e3fffff,H3,2025,15,31.7
882ad541e3fffff,H3,2025,16,39.3
882ad541e3fffff,H3,2025,17,50.8
882ad541e3fffff,H3,2025,18,58.9
882ad541e3fffff,H3,2025,19,62.5
882ad541e3fffff,H3,2025,20,64.5
882ad541e3fffff,H3,2025,21,62.5
882ad541e3fffff,H3,2025,22,57.7
882ad541e3fffff,H3,2025,23,50.8
882ad5599bfffff,H3,2025,0,1.2
882ad5599bfffff,H3,2025,1,1.0
882ad5599bfffff,H3,2025,2,0.9
882ad5599bfffff,H3,2025,3,0.8
882ad5599bfffff,H3,2025,4,0.8
882ad5599bfffff,H3,2025,5,0.7
882ad5599bfffff,H3,2025,6,0.6
882ad5599bfffff,H3,2025,7,0.5
882ad5599bfffff,H3,2025,8,0.5
882ad5599bfffff,H3,2025,9,0.3
882ad5599bfffff,H3,2025,10,0.5
882ad5599bfffff,H3,2025,11,0.5
882ad5599bfffff,H3,2025,12,0.6
882ad5599bfffff,H3,2025,13,0.7
882ad5599bfffff,H3,2025,14,0.7
882ad5599bfffff,H3,2025,15,0.8
882ad5599bfffff,H3,2025,16,1.0
882ad5599bfffff,H3,2025,17,1.4
882ad5599bfffff,H3,2025,18,1.6
882ad5599bfffff,H3,2025,19,1.7
882ad5599bfffff,H3,2025,20,1.8
882ad5599bfffff,H3,2025,21,1.7
882ad5599bfffff,H3,2025,22,1.6
882ad5599bfffff,H3,2025,23,1.5
882ad5c735fffff,H3,2025,0,12.4
882ad5c735fffff,H3,2025,1,10.8
882ad5c735fffff,H3,2025,2,9.4
882ad5c735fffff,H3,2025,3,8.4
882ad5c735fffff,H3,2025,4,7.6
882ad5c735fffff,H3,2025,5,6.9
882ad5c735fffff,H3,2025,6,6.2
882ad5c735fffff,H3,2025,7,5.1
882ad5c735fffff,H3,2025,8,4.4
882ad5c735fffff,H3,2025,9,4.3
882ad5c735fffff,H3,2025,10,4.7
882ad5c735fffff,H3,2025,11,5.3
882ad5c735fffff,H3,2025,12,6.1
882ad5c735fffff,H3,2025,13,6.8
882ad5c735fffff,H3,2025,14,7.6
882ad5c735fffff,H3,2025,15,9.0
882ad5c735fffff,H3,2025,16,11.1
882ad5c735fffff,H3,2025,17,14.4
882ad5c735fffff,H3,2025,18,16.8
882ad5c735fffff,H3,2025,19,18.0
882ad5c735fffff,H3,2025,20,18.5
882ad5c735fffff,H3,2025,21,18.0
882ad5c735fffff,H3,2025,22,16.7
882ad5c735fffff,H3,2025,23,14.7
882ad5db31fffff,H3,2025,0,1.6
882ad5db31fffff,H3,2025,1,1.4
882ad5db31fffff,H3,2025,2,1.2
882ad5db31fffff,H3,2025,3,1.1
882ad5db31fffff,H3,2025,4,1.0
882ad5db31fffff,H3,2025,5,0.9
882ad5db31fffff,H3,2025,6,0.8
882ad5db31fffff,H3,2025,7,0.7
882ad5db31fffff,H3,2025,8,0.6
882ad5db31fffff,H3,2025,9,0.6
882ad5db31fffff,H3,2025,10,0.6
882ad5db31fffff,H3,2025,11,0.7
882ad5db31fffff,H3,2025,12,0.8
882ad5db31fffff,H3,2025,13,0.9
882ad5db31fffff,H3,2025,14,1.0
882ad5db31fffff,H3,2025,15,1.1
882ad5db31fffff,H3,2025,16,1.5
882ad5db31fffff,H3,2025,17,1.9
882ad5db31fffff,H3,2025,18,2.2
882ad5db31fffff,H3,2025,19,2.4
882ad5db31fffff,H3,2025,20,2.4
882ad5db31fffff,H3,2025,21,2.4
882ad5db31fffff,H3,2025,22,2.2
882ad5db31fffff,H3,2025,23,1.9
882ad62a6dfffff,H3,2025,0,5.5
882ad62a6dfffff,H3,2025,1,4.8
882ad62a6dfffff,H3,2025,2,4.2
882ad62a6dfffff,H3,2025,3,3.8
882ad62a6dfffff,H3,2025,4,3.4
882ad62a6dfffff,H3,2025,5,3.1
882ad62a6dfffff,H3,2025,6,2.7
882ad62a6dfffff,H3,2025,7,2.2
882ad62a6dfffff,H3,2025,8,1.8
882ad62a6dfffff,H3,2025,9,1.8
882ad62a6dfffff,H3,2025,10,1.9
882ad62a6dfffff,H3,2025,11,2.2
882ad62a6dfffff,H3,2025,12,2.5
882ad62a6dfffff,H3,2025,13,2.8
882ad62a6dfffff,H3,2025,14,3.2
882ad62a6dfffff,H3,2025,15,3.8
882ad62a6dfffff,H3,2025,16,4.7
882ad62a6dfffff,H3,2025,17,6.0
882ad62a6dfffff,H3,2025,18,7.2
882ad62a6dfffff,H3,2025,19,7.7
882ad62a6dfffff,H3,2025,20,8.0
882ad62a6dfffff,H3,2025,21,7.8
882ad62a6dfffff,H3,2025,22,7.3
882ad62a6dfffff,H3,2025,23,6.5
882ad62b1bfffff,H3,2025,0,1.7
882ad62b1bfffff,H3,2025,1,1.6
882ad62b1bfffff,H3,2025,2,1.4
882ad62b1bfffff,H3,2025,3,1.2
882ad62b1bfffff,H3,2025,4,1.1
882ad62b1bfffff,H3,2025,5,1.0
882ad62b1bfffff,H3,2025,6,0.9
882ad62b1bfffff,H3,2025,7,0.7
882ad62b1bfffff,H3,2025,8,0.6
882ad62b1bfffff,H3,2025,9,0.6
882ad62b1bfffff,H3,2025,10,0.6
882ad62b1bfffff,H3,2025,11,0.7
882ad62b1bfffff,H3,2025,12,0.8
882ad62b1bfffff,H3,2025,13,0.9
882ad62b1bfffff,H3,2025,14,1.0
882ad62b1bfffff,H3,2025,15,1.1
882ad62b1bfffff,H3,2025,16,1.5
882ad62b1bfffff,H3,2025,17,1.9
882ad62b1bfffff,H3,2025,18,2.3
882ad62b1bfffff,H3,2025,19,2.4
882ad62b1bfffff,H3,2025,20,2.5
882ad62b1bfffff,H3,2025,21,2.5
882ad62b1bfffff,H3,2025,22,2.3
882ad62b1bfffff,H3,2025,23,2.0
882ad674e3fffff,H3,2025,0,1.7
882ad674e3fffff,H3,2025,1,1.5
882ad674e3fffff,H3,2025,2,1.2
882ad674e3fffff,H3,2025,3,1.1
882ad674e3fffff,H3,2025,4,1.0
882ad674e3fffff,H3,2025,5,0.9
882ad674e3fffff,H3,2025,6,0.9
882ad674e3fffff,H3,2025,7,0.7
882ad674e3fffff,H3,2025,8,0.6
882ad674e3fffff,H3,2025,9,0.6
882ad674e3fffff,H3,2025,10,0.6
882ad674e3fffff,H3,2025,11,0.7
882ad674e3fffff,H3,2025,12,0.8
882ad674e3fffff,H3,2025,13,0.9
882ad674e3fffff,H3,2025,14,1.0
882ad674e3fffff,H3,2025,15,1.1
882ad674e3fffff,H3,2025,16,1.5
882ad674e3fffff,H3,2025,17,1.9
882ad674e3fffff,H3,2025,18,2.3
882ad674e3fffff,H3,2025,19,2.4
882ad674e3fffff,H3,2025,20,2.5
882ad674e3fffff,H3,2025,21,2.4
882ad674e3fffff,H3,2025,22,2.3
882ad674e3fffff,H3,2025,23,2.0
882ad67601fffff,H3,2025,0,3.9
882ad67601fffff,H3,2025,1,3.4
882ad67601fffff,H3,2025,2,3.0
882ad67601fffff,H3,2025,3,2.7
882ad67601fffff,H3,2025,4,2.4
882ad67601fffff,H3,2025,5,2.2
882ad67601fffff,H3,2025,6,1.9
882ad67601fffff,H3,2025,7,1.6
882ad67601fffff,H3,2025,8,1.4
882ad67601fffff,H3,2025,9,1.2
882ad67601fffff,H3,2025,10,1.4
882ad67601fffff,H3,2025,11,1.6
882ad67601fffff,H3,2025,12,1.8
882ad67601fffff,H3,2025,13,2.0
882ad67601fffff,H3,2025,14,2.3
882ad67601fffff,H3,2025,15,2.7
882ad67601fffff,H3,2025,16,3.4
882ad67601fffff,H3,2025,17,4.4
882ad67601fffff,H3,2025,18,5.1
882ad67601fffff,H3,2025,19,5.5
882ad67601fffff,H3,2025,20,5.7
882ad67601fffff,H3,2025,21,5.6
882ad67601fffff,H3,2025,22,5.2
882ad67601fffff,H3,2025,23,4.7
882ad6770bfffff,H3,2025,0,68.1
882ad6770bfffff,H3,2025,1,59.2
882ad6770bfffff,H3,2025,2,51.2
882ad6770bfffff,H3,2025,3,45.9
882ad6770bfffff,H3,2025,4,41.5
882ad6770bfffff,H3,2025,5,38.1
882ad6770bfffff,H3,2025,6,34.8
882ad6770bfffff,H3,2025,7,28.9
882ad6770bfffff,H3,2025,8,25.2
882ad6770bfffff,H3,2025,9,24.4
882ad6770bfffff,H3,2025,10,26.6
882ad6770bfffff,H3,2025,11,30.2
882ad6770bfffff,H3,2025,12,35.1
882ad6770bfffff,H3,2025,13,39.3
882ad6770bfffff,H3,2025,14,43.2
882ad6770bfffff,H3,2025,15,50.9
882ad6770bfffff,H3,2025,16,63.2
882ad6770bfffff,H3,2025,17,81.6
882ad6770bfffff,H3,2025,18,94.3
882ad6770bfffff,H3,2025,19,100.1
882ad6770bfffff,H3,2025,20,103.1
882ad6770bfffff,H3,2025,21,99.8
882ad6770bfffff,H3,2025,22,92.0
882ad6770bfffff,H3,2025,23,80.9
882ad69b1dfffff,H3,2025,0,5.9
882ad69b1dfffff,H3,2025,1,5.1
882ad69b1dfffff,H3,2025,2,4.5
882ad69b1dfffff,H3,2025,3,4.1
882ad69b1dfffff,H3,2025,4,3.6
882ad69b1dfffff,H3,2025,5,3.3
882ad69b1dfffff,H3,2025,6,3.0
882ad69b1dfffff,H3,2025,7,2.4
882ad69b1dfffff,H3,2025,8,1.9
882ad69b1dfffff,H3,2025,9,1.9
882ad69b1dfffff,H3,2025,10,2.0
882ad69b1dfffff,H3,2025,11,2.4
882ad69b1dfffff,H3,2025,12,2.7
882ad69b1dfffff,H3,2025,13,3.1
882ad69b1dfffff,H3,2025,14,3.4
882ad69b1dfffff,H3,2025,15,4.0
882ad69b1dfffff,H3,2025,16,5.0
882ad69b1dfffff,H3,2025,17,6.5
882ad69b1dfffff,H3,2025,18,7.6
882ad69b1dfffff,H3,2025,19,8.2
882ad69b1dfffff,H3,2025,20,8.5
882ad69b1dfffff,H3,2025,21,8.4
882ad69b1dfffff,H3,2025,22,7.7
882ad69b1dfffff,H3,2025,23,6.9
882ad69b27fffff,H3,2025,0,3.1
882ad69b27fffff,H3,2025,1,2.7
882ad69b27fffff,H3,2025,2,2.4
882ad69b27fffff,H3,2025,3,2.0
882ad69b27fffff,H3,2025,4,1.9
882ad69b27fffff,H3,2025,5,1.7
882ad69b27fffff,H3,2025,6,1.6
882ad69b27fffff,H3,2025,7,1.2
882ad69b27fffff,H3,2025,8,1.1
882ad69b27fffff,H3,2025,9,1.0
882ad69b27fffff,H3,2025,10,1.1
882ad69b27fffff,H3,2025,11,1.4
882ad69b27fffff,H3,2025,12,1.6
882ad69b27fffff,H3,2025,13,1.7
882ad69b27fffff,H3,2025,14,1.9
882ad69b27fffff,H3,2025,15,2.3
882ad69b27fffff,H3,2025,16,2.8
882ad69b27fffff,H3,2025,17,3.6
882ad69b27fffff,H3,2025,18,4.3
882ad69b27fffff,H3,2025,19,4.5
882ad69b27fffff,H3,2025,20,4.7
882ad69b27fffff,H3,2025,21,4.5
882ad69b27fffff,H3,2025,22,4.2
882ad69b27fffff,H3,2025,23,3.6
882ad6d2d7fffff,H3,2025,0,3.4
882ad6d2d7fffff,H3,2025,1,3.0
882ad6d2d7fffff,H3,2025,2,2.6
882ad6d2d7fffff,H3,2025,3,2.3
882ad6d2d7fffff,H3,2025,4,2.0
882ad6d2d7fffff,H3,2025,5,1.9
882ad6d2d7fffff,H3,2025,6,1.7
882ad6d2d7fffff,H3,2025,7,1.4
882ad6d2d7fffff,H3,2025,8,1.1
882ad6d2d7fffff,H3,2025,9,1.0
882ad6d2d7fffff,H3,2025,10,1.1
882ad6d2d7fffff,H3,2025,11,1.4
882ad6d2d7fffff,H3,2025,12,1.6
882ad6d2d7fffff,H3,2025,13,1.7
882ad6d2d7fffff,H3,2025,14,1.9
882ad6d2d7fffff,H3,2025,15,2.3
882ad6d2d7fffff,H3,2025,16,2.8
882ad6d2d7fffff,H3,2025,17,3.6
882ad6d2d7fffff,H3,2025,18,4.3
882ad6d2d7fffff,H3,2025,19,4.7
882ad6d2d7fffff,H3,2025,20,4.9
882ad6d2d7fffff,H3,2025,21,4.8
882ad6d2d7fffff,H3,2025,22,4.4
882ad6d2d7fffff,H3,2025,23,4.0
882af02d03fffff,H3,2025,0,8.2
882af02d03fffff,H3,2025,1,7.2
882af02d03fffff,H3,2025,2,6.2
882af02d03fffff,H3,2025,3,5.7
882af02d03fffff,H3,2025,4,5.1
882af02d03fffff,H3,2025,5,4.7
882af02d03fffff,H3,2025,6,4.1
882af02d03fffff,H3,2025,7,3.3
882af02d03fffff,H3,2025,8,2.7
882af02d03fffff,H3,2025,9,2.6
882af02d03fffff,H3,2025,10,2.8
882af02d03fffff,H3,2025,11,3.3
882af02d03fffff,H3,2025,12,3.8
882af02d03fffff,H3,2025,13,4.2
882af02d03fffff,H3,2025,14,4.8
882af02d03fffff,H3,2025,15,5.6
882af02d03fffff,H3,2025,16,6.9
882af02d03fffff,H3,2025,17,9.1
882af02d03fffff,H3,2025,18,10.7
882af02d03fffff,H3,2025,19,11.5
882af02d03fffff,H3,2025,20,11.9
882af02d03fffff,H3,2025,21,11.7
882af02d03fffff,H3,2025,22,10.8
882af02d03fffff,H3,2025,23,9.7
882af04ca3fffff,H3,2025,0,2.3
882af04ca3fffff,H3,2025,1,1.9
882af04ca3fffff,H3,2025,2,1.7
882af04ca3fffff,H3,2025,3,1.5
882af04ca3fffff,H3,2025,4,1.4
882af04ca3fffff,H3,2025,5,1.2
882af04ca3fffff,H3,2025,6,1.1
882af04ca3fffff,H3,2025,7,0.9
882af04ca3fffff,H3,2025,8,0.8
882af04ca3fffff,H3,2025,9,0.8
882af04ca3fffff,H3,2025,10,0.8
882af04ca3fffff,H3,2025,11,0.9
882af04ca3fffff,H3,2025,12,1.0
882af04ca3fffff,H3,2025,13,1.2
882af04ca3fffff,H3,2025,14,1.4
882af04ca3fffff,H3,2025,15,1.6
882af04ca3fffff,H3,2025,16,1.9
882af04ca3fffff,H3,2025,17,2.5
882af04ca3fffff,H3,2025,18,3.0
882af04ca3fffff,H3,2025,19,3.2
882af04ca3fffff,H3,2025,20,3.3
882af04ca3fffff,H3,2025,21,3.2
882af04ca3fffff,H3,2025,22,3.0
882af04ca3fffff,H3,2025,23,2.6
882af0cb11fffff,H3,2025,0,17.5
882af0cb11fffff,H3,2025,1,15.3
882af0cb11fffff,H3,2025,2,13.4
882af0cb11fffff,H3,2025,3,12.0
882af0cb11fffff,H3,2025,4,10.9
882af0cb11fffff,H3,2025,5,9.9
882af0cb11fffff,H3,2025,6,8.9
882af0cb11fffff,H3,2025,7,7.0
882af0cb11fffff,H3,2025,8,5.9
882af0cb11fffff,H3,2025,9,5.7
882af0cb11fffff,H3,2025,10,6.2
882af0cb11fffff,H3,2025,11,7.0
882af0cb11fffff,H3,2025,12,8.2
882af0cb11fffff,H3,2025,13,9.1
882af0cb11fffff,H3,2025,14,10.2
882af0cb11fffff,H3,2025,15,12.0
882af0cb11fffff,H3,2025,16,15.0
882af0cb11fffff,H3,2025,17,19.5
882af0cb11fffff,H3,2025,18,23.0
882af0cb11fffff,H3,2025,19,24.5
882af0cb11fffff,H3,2025,20,25.6
882af0cb11fffff,H3,2025,21,25.0
882af0cb11fffff,H3,2025,22,23.3
882af0cb11fffff,H3,2025,23,20.7
882af29151fffff,H3,2025,0,1.4
882af29151fffff,H3,2025,1,1.2
882af29151fffff,H3,2025,2,1.0
882af29151fffff,H3,2025,3,1.0
882af29151fffff,H3,2025,4,0.9
882af29151fffff,H3,2025,5,0.8
882af29151fffff,H3,2025,6,0.7
882af29151fffff,H3,2025,7,0.6
882af29151fffff,H3,2025,8,0.5
882af29151fffff,H3,2025,9,0.5
882af29151fffff,H3,2025,10,0.5
882af29151fffff,H3,2025,11,0.6
882af29151fffff,H3,2025,12,0.7
882af29151fffff,H3,2025,13,0.7
882af29151fffff,H3,2025,14,0.8
882af29151fffff,H3,2025,15,0.9
882af29151fffff,H3,2025,16,1.2
882af29151fffff,H3,2025,17,1.6
882af29151fffff,H3,2025,18,1.8
882af29151fffff,H3,2025,19,1.9
882af29151fffff,H3,2025,20,2.0
882af29151fffff,H3,2025,21,2.0
882af29151fffff,H3,2025,22,1.8
882af29151fffff,H3,2025,23,1.7
882af605e5fffff,H3,2025,0,10.6
882af605e5fffff,H3,2025,1,9.2
882af605e5fffff,H3,2025,2,8.0
882af605e5fffff,H3,2025,3,7.2
882af605e5fffff,H3,2025,4,6.5
882af605e5fffff,H3,2025,5,5.9
882af605e5fffff,H3,2025,6,5.3
882af605e5fffff,H3,2025,7,4.3
882af605e5fffff,H3,2025,8,3.6
882af605e5fffff,H3,2025,9,3.5
882af605e5fffff,H3,2025,10,3.9
882af605e5fffff,H3,2025,11,4.4
882af605e5fffff,H3,2025,12,5.1
882af605e5fffff,H3,2025,13,5.7
882af605e5fffff,H3,2025,14,6.4
882af605e5fffff,H3,2025,15,7.4
882af605e5fffff,H3,2025,16,9.3
882af605e5fffff,H3,2025,17,12.0
882af605e5fffff,H3,2025,18,14.1
882af605e5fffff,H3,2025,19,15.2
882af605e5fffff,H3,2025,20,15.8
882af605e5fffff,H3,2025,21,15.3
882af605e5fffff,H3,2025,22,14.1
882af605e5fffff,H3,2025,23,12.5
882af60a1dfffff,H3,2025,0,3.2
882af60a1dfffff,H3,2025,1,2.8
882af60a1dfffff,H3,2025,2,2.5
882af60a1dfffff,H3,2025,3,2.2
882af60a1dfffff,H3,2025,4,2.0
882af60a1dfffff,H3,2025,5,1.8
882af60a1dfffff,H3,2025,6,1.6
882af60a1dfffff,H3,2025,7,1.2
882af60a1dfffff,H3,2025,8,1.0
882af60a1dfffff,H3,2025,9,1.0
882af60a1dfffff,H3,2025,10,1.1
882af60a1dfffff,H3,2025,11,1.2
882af60a1dfffff,H3,2025,12,1.5
882af60a1dfffff,H3,2025,13,1.7
882af60a1dfffff,H3,2025,14,1.8
882af60a1dfffff,H3,2025,15,2.2
882af60a1dfffff,H3,2025,16,2.7
882af60a1dfffff,H3,2025,17,3.5
882af60a1dfffff,H3,2025,18,4.2
882af60a1dfffff,H3,2025,19,4.5
882af60a1dfffff,H3,2025,20,4.7
882af60a1dfffff,H3,2025,21,4.5
882af60a1dfffff,H3,2025,22,4.3
882af60a1dfffff,H3,2025,23,3.8
882af60a2bfffff,H3,2025,0,9.2
882af60a2bfffff,H3,2025,1,8.1
882af60a2bfffff,H3,2025,2,6.9
882af60a2bfffff,H3,2025,3,6.2
882af60a2bfffff,H3,2025,4,5.7
882af60a2bfffff,H3,2025,5,5.1
882af60a2bfffff,H3,2025,6,4.8
882af60a2bfffff,H3,2025,7,3.9
882af60a2bfffff,H3,2025,8,3.3
882af60a2bfffff,H3,2025,9,3.2
882af60a2bfffff,H3,2025,10,3.5
882af60a2bfffff,H3,2025,11,4.0
882af60a2bfffff,H3,2025,12,4.7
882af60a2bfffff,H3,2025,13,5.2
882af60a2bfffff,H3,2025,14,5.7
882af60a2bfffff,H3,2025,15,6.8
882af60a2bfffff,H3,2025,16,8.4
882af60a2bfffff,H3,2025,17,10.9
882af60a2bfffff,H3,2025,18,12.6
882af60a2bfffff,H3,2025,19,13.5
882af60a2bfffff,H3,2025,20,13.9
882af60a2bfffff,H3,2025,21,13.5
882af60a2bfffff,H3,2025,22,12.5
882af60a2bfffff,H3,2025,23,10.9
882af62067fffff,H3,2025,0,3.6
882af62067fffff,H3,2025,1,3.2
882af62067fffff,H3,2025,2,2.8
882af62067fffff,H3,2025,3,2.5
882af62067fffff,H3,2025,4,2.3
882af62067fffff,H3,2025,5,2.0
882af62067fffff,H3,2025,6,1.8
882af62067fffff,H3,2025,7,1.5
882af62067fffff,H3,2025,8,1.2
882af62067fffff,H3,2025,9,1.1
882af62067fffff,H3,2025,10,1.2
882af62067fffff,H3,2025,11,1.5
882af62067fffff,H3,2025,12,1.7
882af62067fffff,H3,2025,13,1.8
882af62067fffff,H3,2025,14,2.2
882af62067fffff,H3,2025,15,2.5
882af62067fffff,H3,2025,16,3.1
882af62067fffff,H3,2025,17,4.1
882af62067fffff,H3,2025,18,4.8
882af62067fffff,H3,2025,19,5.1
882af62067fffff,H3,2025,20,5.3
882af62067fffff,H3,2025,21,5.2
882af62067fffff,H3,2025,22,4.9
882af62067fffff,H3,2025,23,4.3
882af62091fffff,H3,2025,0,1.8
882af62091fffff,H3,2025,1,1.6
882af62091fffff,H3,2025,2,1.5
882af62091fffff,H3,2025,3,1.2
882af62091fffff,H3,2025,4,1.1
882af62091fffff,H3,2025,5,1.0
882af62091fffff,H3,2025,6,0.9
882af62091fffff,H3,2025,7,0.8
882af62091fffff,H3,2025,8,0.7
882af62091fffff,H3,2025,9,0.6
882af62091fffff,H3,2025,10,0.7
882af62091fffff,H3,2025,11,0.8
882af62091fffff,H3,2025,12,0.9
882af62091fffff,H3,2025,13,0.9
882af62091fffff,H3,2025,14,1.0
882af62091fffff,H3,2025,15,1.2
882af62091fffff,H3,2025,16,1.6
882af62091fffff,H3,2025,17,2.0
882af62091fffff,H3,2025,18,2.4
882af62091fffff,H3,2025,19,2.6
882af62091fffff,H3,2025,20,2.7
882af62091fffff,H3,2025,21,2.7
882af62091fffff,H3,2025,22,2.5
882af62091fffff,H3,2025,23,2.2
882af62189fffff,H3,2025,0,11.0
882af62189fffff,H3,2025,1,9.5
882af62189fffff,H3,2025,2,8.3
882af62189fffff,H3,2025,3,7.4
882af62189fffff,H3,2025,4,6.7
882af62189fffff,H3,2025,5,6.1
882af62189fffff,H3,2025,6,5.7
882af62189fffff,H3,2025,7,4.7
882af62189fffff,H3,2025,8,4.0
882af62189fffff,H3,2025,9,3.9
882af62189fffff,H3,2025,10,4.2
882af62189fffff,H3,2025,11,4.8
882af62189fffff,H3,2025,12,5.6
882af62189fffff,H3,2025,13,6.2
882af62189fffff,H3,2025,14,6.8
882af62189fffff,H3,2025,15,8.2
882af62189fffff,H3,2025,16,10.2
882af62189fffff,H3,2025,17,13.2
882af62189fffff,H3,2025,18,15.2
882af62189fffff,H3,2025,19,16.2
882af62189fffff,H3,2025,20,16.7
882af62189fffff,H3,2025,21,16.1
882af62189fffff,H3,2025,22,14.9
882af62189fffff,H3,2025,23,13.1
882af62245fffff,H3,2025,0,1.6
882af62245fffff,H3,2025,1,1.4
882af62245fffff,H3,2025,2,1.1
882af62245fffff,H3,2025,3,1.0
882af62245fffff,H3,2025,4,0.9
882af62245fffff,H3,2025,5,0.9
882af62245fffff,H3,2025,6,0.8
882af62245fffff,H3,2025,7,0.7
882af62245fffff,H3,2025,8,0.6
882af62245fffff,H3,2025,9,0.6
882af62245fffff,H3,2025,10,0.6
882af62245fffff,H3,2025,11,0.7
882af62245fffff,H3,2025,12,0.8
882af62245fffff,H3,2025,13,0.9
882af62245fffff,H3,2025,14,1.0
882af62245fffff,H3,2025,15,1.1
882af62245fffff,H3,2025,16,1.5
882af62245fffff,H3,2025,17,1.9
882af62245fffff,H3,2025,18,2.2
882af62245fffff,H3,2025,19,2.3
882af62245fffff,H3,2025,20,2.4
882af62245fffff,H3,2025,21,2.3
882af62245fffff,H3,2025,22,2.2
882af62245fffff,H3,2025,23,1.8
882af62a01fffff,H3,2025,0,3.5
882af62a01fffff,H3,2025,1,3.1
882af62a01fffff,H3,2025,2,2.7
882af62a01fffff,H3,2025,3,2.4
882af62a01fffff,H3,2025,4,2.2
882af62a01fffff,H3,2025,5,1.9
882af62a01fffff,H3,2025,6,1.8
882af62a01fffff,H3,2025,7,1.5
882af62a01fffff,H3,2025,8,1.2
882af62a01fffff,H3,2025,9,1.2
882af62a01fffff,H3,2025,10,1.2
882af62a01fffff,H3,2025,11,1.5
882af62a01fffff,H3,2025,12,1.7
882af62a01fffff,H3,2025,13,1.9
882af62a01fffff,H3,2025,14,2.2
882af62a01fffff,H3,2025,15,2.5
882af62a01fffff,H3,2025,16,3.2
882af62a01fffff,H3,2025,17,4.1
882af62a01fffff,H3,2025,18,4.8
882af62a01fffff,H3,2025,19,5.1
882af62a01fffff,H3,2025,20,5.2
882af62a01fffff,H3,2025,21,5.1
882af62a01fffff,H3,2025,22,4.8
882af62a01fffff,H3,2025,23,4.2
882af63083fffff,H3,2025,0,19.5
882af63083fffff,H3,2025,1,16.9
882af63083fffff,H3,2025,2,14.7
882af63083fffff,H3,2025,3,13.0
882af63083fffff,H3,2025,4,11.7
882af63083fffff,H3,2025,5,10.9
882af63083fffff,H3,2025,6,10.1
882af63083fffff,H3,2025,7,8.6
882af63083fffff,H3,2025,8,7.5
882af63083fffff,H3,2025,9,7.3
882af63083fffff,H3,2025,10,8.0
882af63083fffff,H3,2025,11,9.0
882af63083fffff,H3,2025,12,10.6
882af63083fffff,H3,2025,13,11.9
882af63083fffff,H3,2025,14,13.0
882af63083fffff,H3,2025,15,15.5
882af63083fffff,H3,2025,16,19.3
882af63083fffff,H3,2025,17,24.7
882af63083fffff,H3,2025,18,28.2
882af63083fffff,H3,2025,19,29.8
882af63083fffff,H3,2025,20,30.5
882af63083fffff,H3,2025,21,29.3
882af63083fffff,H3,2025,22,26.8
882af63083fffff,H3,2025,23,23.4
882af634d5fffff,H3,2025,0,10.3
882af634d5fffff,H3,2025,1,9.0
882af634d5fffff,H3,2025,2,7.7
882af634d5fffff,H3,2025,3,6.8
882af634d5fffff,H3,2025,4,6.2
882af634d5fffff,H3,2025,5,5.7
882af634d5fffff,H3,2025,6,5.2
882af634d5fffff,H3,2025,7,4.3
882af634d5fffff,H3,2025,8,3.8
882af634d5fffff,H3,2025,9,3.5
882af634d5fffff,H3,2025,10,3.9
882af634d5fffff,H3,2025,11,4.4
882af634d5fffff,H3,2025,12,5.2
882af634d5fffff,H3,2025,13,5.8
882af634d5fffff,H3,2025,14,6.5
882af634d5fffff,H3,2025,15,7.6
882af634d5fffff,H3,2025,16,9.5
882af634d5fffff,H3,2025,17,12.3
882af634d5fffff,H3,2025,18,14.3
882af634d5fffff,H3,2025,19,15.5
882af634d5fffff,H3,2025,20,15.8
882af634d5fffff,H3,2025,21,15.3
882af634d5fffff,H3,2025,22,14.0
882af634d5fffff,H3,2025,23,12.3
882af635c5fffff,H3,2025,0,1.7
882af635c5fffff,H3,2025,1,1.5
882af635c5fffff,H3,2025,2,1.4
882af635c5fffff,H3,2025,3,1.1
882af635c5fffff,H3,2025,4,1.0
882af635c5fffff,H3,2025,5,1.0
882af635c5fffff,H3,2025,6,0.9
882af635c5fffff,H3,2025,7,0.7
882af635c5fffff,H3,2025,8,0.6
882af635c5fffff,H3,2025,9,0.6
882af635c5fffff,H3,2025,10,0.6
882af635c5fffff,H3,2025,11,0.7
882af635c5fffff,H3,2025,12,0.8
882af635c5fffff,H3,2025,13,0.9
882af635c5fffff,H3,2025,14,1.0
882af635c5fffff,H3,2025,15,1.1
882af635c5fffff,H3,2025,16,1.5
882af635c5fffff,H3,2025,17,1.9
882af635c5fffff,H3,2025,18,2.3
882af635c5fffff,H3,2025,19,2.4
882af635c5fffff,H3,2025,20,2.5
882af635c5fffff,H3,2025,21,2.5
882af635c5fffff,H3,2025,22,2.3
882af635c5fffff,H3,2025,23,2.0
882af63a63fffff,H3,2025,0,3.8
882af63a63fffff,H3,2025,1,3.3
882af63a63fffff,H3,2025,2,2.8
882af63a63fffff,H3,2025,3,2.6
882af63a63fffff,H3,2025,4,2.3
882af63a63fffff,H3,2025,5,2.2
882af63a63fffff,H3,2025,6,1.9
882af63a63fffff,H3,2025,7,1.5
882af63a63fffff,H3,2025,8,1.2
882af63a63fffff,H3,2025,9,1.2
882af63a63fffff,H3,2025,10,1.4
882af63a63fffff,H3,2025,11,1.6
882af63a63fffff,H3,2025,12,1.8
882af63a63fffff,H3,2025,13,1.9
882af63a63fffff,H3,2025,14,2.2
882af63a63fffff,H3,2025,15,2.6
882af63a63fffff,H3,2025,16,3.3
882af63a63fffff,H3,2025,17,4.2
882af63a63fffff,H3,2025,18,5.0
882af63a63fffff,H3,2025,19,5.3
882af63a63fffff,H3,2025,20,5.6
882af63a63fffff,H3,2025,21,5.5
882af63a63fffff,H3,2025,22,5.0
882af63a63fffff,H3,2025,23,4.4
882af63aa1fffff,H3,2025,0,48.2
882af63aa1fffff,H3,2025,1,41.9
882af63aa1fffff,H3,2025,2,36.2
882af63aa1fffff,H3,2025,3,32.4
882af63aa1fffff,H3,2025,4,29.3
882af63aa1fffff,H3,2025,5,26.9
882af63aa1fffff,H3,2025,6,24.8
882af63aa1fffff,H3,2025,7,20.6
882af63aa1fffff,H3,2025,8,17.8
882af63aa1fffff,H3,2025,9,17.3
882af63aa1fffff,H3,2025,10,18.8
882af63aa1fffff,H3,2025,11,21.4
882af63aa1fffff,H3,2025,12,24.9
882af63aa1fffff,H3,2025,13,28.0
882af63aa1fffff,H3,2025,14,30.7
882af63aa1fffff,H3,2025,15,36.4
882af63aa1fffff,H3,2025,16,45.2
882af63aa1fffff,H3,2025,17,58.3
882af63aa1fffff,H3,2025,18,67.3
882af63aa1fffff,H3,2025,19,71.5
882af63aa1fffff,H3,2025,20,73.5
882af63aa1fffff,H3,2025,21,71.0
882af63aa1fffff,H3,2025,22,65.5
882af63aa1fffff,H3,2025,23,57.4
882af65581fffff,H3,2025,0,1.5
882af65581fffff,H3,2025,1,1.2
882af65581fffff,H3,2025,2,1.0
882af65581fffff,H3,2025,3,0.9
882af65581fffff,H3,2025,4,0.9
882af65581fffff,H3,2025,5,0.8
882af65581fffff,H3,2025,6,0.8
882af65581fffff,H3,2025,7,0.7
882af65581fffff,H3,2025,8,0.6
882af65581fffff,H3,2025,9,0.6
882af65581fffff,H3,2025,10,0.6
882af65581fffff,H3,2025,11,0.7
882af65581fffff,H3,2025,12,0.8
882af65581fffff,H3,2025,13,0.9
882af65581fffff,H3,2025,14,0.9
882af65581fffff,H3,2025,15,1.1
882af65581fffff,H3,2025,16,1.5
882af65581fffff,H3,2025,17,1.8
882af65581fffff,H3,2025,18,2.2
882af65581fffff,H3,2025,19,2.3
882af65581fffff,H3,2025,20,2.3
882af65581fffff,H3,2025,21,2.2
882af65581fffff,H3,2025,22,2.0
882af65581fffff,H3,2025,23,1.7
882b103153fffff,H3,2025,0,1.8
882b103153fffff,H3,2025,1,1.6
882b103153fffff,H3,2025,2,1.4
882b103153fffff,H3,2025,3,1.2
882b103153fffff,H3,2025,4,1.1
882b103153fffff,H3,2025,5,1.0
882b103153fffff,H3,2025,6,0.9
882b103153fffff,H3,2025,7,0.7
882b103153fffff,H3,2025,8,0.6
882b103153fffff,H3,2025,9,0.6
882b103153fffff,H3,2025,10,0.6
882b103153fffff,H3,2025,11,0.7
882b103153fffff,H3,2025,12,0.8
882b103153fffff,H3,2025,13,0.9
882b103153fffff,H3,2025,14,1.0
882b103153fffff,H3,2025,15,1.1
882b103153fffff,H3,2025,16,1.5
882b103153fffff,H3,2025,17,1.9
882b103153fffff,H3,2025,18,2.3
882b103153fffff,H3,2025,19,2.5
882b103153fffff,H3,2025,20,2.5
882b103153fffff,H3,2025,21,2.5
882b103153fffff,H3,2025,22,2.3
882b103153fffff,H3,2025,23,2.0
882b116089fffff,H3,2025,0,11.6
882b116089fffff,H3,2025,1,10.1
882b116089fffff,H3,2025,2,8.9
882b116089fffff,H3,2025,3,8.0
882b116089fffff,H3,2025,4,7.3
882b116089fffff,H3,2025,5,6.6
882b116089fffff,H3,2025,6,5.8
882b116089fffff,H3,2025,7,4.7
882b116089fffff,H3,2025,8,3.9
882b116089fffff,H3,2025,9,3.8
882b116089fffff,H3,2025,10,4.0
882b116089fffff,H3,2025,11,4.7
882b116089fffff,H3,2025,12,5.3
882b116089fffff,H3,2025,13,5.9
882b116089fffff,H3,2025,14,6.6
882b116089fffff,H3,2025,15,7.8
882b116089fffff,H3,2025,16,9.8
882b116089fffff,H3,2025,17,12.7
882b116089fffff,H3,2025,18,15.0
882b116089fffff,H3,2025,19,16.1
882b116089fffff,H3,2025,20,16.8
882b116089fffff,H3,2025,21,16.5
882b116089fffff,H3,2025,22,15.3
882b116089fffff,H3,2025,23,13.6
882b187981fffff,H3,2025,0,2.2
882b187981fffff,H3,2025,1,1.9
882b187981fffff,H3,2025,2,1.7
882b187981fffff,H3,2025,3,1.5
882b187981fffff,H3,2025,4,1.4
882b187981fffff,H3,2025,5,1.2
882b187981fffff,H3,2025,6,1.1
882b187981fffff,H3,2025,7,0.9
882b187981fffff,H3,2025,8,0.8
882b187981fffff,H3,2025,9,0.7
882b187981fffff,H3,2025,10,0.8
882b187981fffff,H3,2025,11,0.9
882b187981fffff,H3,2025,12,1.0
882b187981fffff,H3,2025,13,1.1
882b187981fffff,H3,2025,14,1.2
882b187981fffff,H3,2025,15,1.5
882b187981fffff,H3,2025,16,1.8
882b187981fffff,H3,2025,17,2.4
882b187981fffff,H3,2025,18,2.8
882b187981fffff,H3,2025,19,3.1
882b187981fffff,H3,2025,20,3.2
882b187981fffff,H3,2025,21,3.1
882b187981fffff,H3,2025,22,2.8
882b187981fffff,H3,2025,23,2.5
882b18d053fffff,H3,2025,0,1.4
882b18d053fffff,H3,2025,1,1.2
882b18d053fffff,H3,2025,2,1.0
882b18d053fffff,H3,2025,3,0.9
882b18d053fffff,H3,2025,4,0.8
882b18d053fffff,H3,2025,5,0.8
882b18d053fffff,H3,2025,6,0.7
882b18d053fffff,H3,2025,7,0.6
882b18d053fffff,H3,2025,8,0.5
882b18d053fffff,H3,2025,9,0.5
882b18d053fffff,H3,2025,10,0.5
882b18d053fffff,H3,2025,11,0.6
882b18d053fffff,H3,2025,12,0.7
882b18d053fffff,H3,2025,13,0.7
882b18d053fffff,H3,2025,14,0.8
882b18d053fffff,H3,2025,15,0.9
882b18d053fffff,H3,2025,16,1.1
882b18d053fffff,H3,2025,17,1.5
882b18d053fffff,H3,2025,18,1.7
882b18d053fffff,H3,2025,19,1.9
882b18d053fffff,H3,2025,20,1.9
882b18d053fffff,H3,2025,21,1.9
882b18d053fffff,H3,2025,22,1.8
882b18d053fffff,H3,2025,23,1.6
882b1a6aa9fffff,H3,2025,0,2.5
882b1a6aa9fffff,H3,2025,1,2.2
882b1a6aa9fffff,H3,2025,2,1.9
882b1a6aa9fffff,H3,2025,3,1.7
882b1a6aa9fffff,H3,2025,4,1.6
882b1a6aa9fffff,H3,2025,5,1.4
882b1a6aa9fffff,H3,2025,6,1.2
882b1a6aa9fffff,H3,2025,7,1.0
882b1a6aa9fffff,H3,2025,8,0.9
882b1a6aa9fffff,H3,2025,9,0.8
882b1a6aa9fffff,H3,2025,10,0.9
882b1a6aa9fffff,H3,2025,11,1.0
882b1a6aa9fffff,H3,2025,12,1.2
882b1a6aa9fffff,H3,2025,13,1.4
882b1a6aa9fffff,H3,2025,14,1.5
882b1a6aa9fffff,H3,2025,15,1.7
882b1a6aa9fffff,H3,2025,16,2.2
882b1a6aa9fffff,H3,2025,17,2.8
882b1a6aa9fffff,H3,2025,18,3.3
882b1a6aa9fffff,H3,2025,19,3.5
882b1a6aa9fffff,H3,2025,20,3.8
882b1a6aa9fffff,H3,2025,21,3.6
882b1a6aa9fffff,H3,2025,22,3.4
882b1a6aa9fffff,H3,2025,23,3.0
882b1a6ae3fffff,H3,2025,0,1.6
882b1a6ae3fffff,H3,2025,1,1.4
882b1a6ae3fffff,H3,2025,2,1.1
882b1a6ae3fffff,H3,2025,3,1.0
882b1a6ae3fffff,H3,2025,4,0.9
882b1a6ae3fffff,H3,2025,5,0.9
882b1a6ae3fffff,H3,2025,6,0.8
882b1a6ae3fffff,H3,2025,7,0.6
882b1a6ae3fffff,H3,2025,8,0.6
882b1a6ae3fffff,H3,2025,9,0.5
882b1a6ae3fffff,H3,2025,10,0.6
882b1a6ae3fffff,H3,2025,11,0.6
882b1a6ae3fffff,H3,2025,12,0.7
882b1a6ae3fffff,H3,2025,13,0.8
882b1a6ae3fffff,H3,2025,14,0.9
882b1a6ae3fffff,H3,2025,15,1.0
882b1a6ae3fffff,H3,2025,16,1.2
882b1a6ae3fffff,H3,2025,17,1.7
882b1a6ae3fffff,H3,2025,18,2.0
882b1a6ae3fffff,H3,2025,19,2.2
882b1a6ae3fffff,H3,2025,20,2.3
882b1a6ae3fffff,H3,2025,21,2.2
882b1a6ae3fffff,H3,2025,22,2.0
882b1a6ae3fffff,H3,2025,23,1.8
882b1a6aedfffff,H3,2025,0,6.8
882b1a6aedfffff,H3,2025,1,5.9
882b1a6aedfffff,H3,2025,2,5.2
882b1a6aedfffff,H3,2025,3,4.7
882b1a6aedfffff,H3,2025,4,4.2
882b1a6aedfffff,H3,2025,5,3.9
882b1a6aedfffff,H3,2025,6,3.4
882b1a6aedfffff,H3,2025,7,2.7
882b1a6aedfffff,H3,2025,8,2.3
882b1a6aedfffff,H3,2025,9,2.2
882b1a6aedfffff,H3,2025,10,2.4
882b1a6aedfffff,H3,2025,11,2.7
882b1a6aedfffff,H3,2025,12,3.2
882b1a6aedfffff,H3,2025,13,3.4
882b1a6aedfffff,H3,2025,14,3.9
882b1a6aedfffff,H3,2025,15,4.5
882b1a6aedfffff,H3,2025,16,5.7
882b1a6aedfffff,H3,2025,17,7.5
882b1a6aedfffff,H3,2025,18,8.8
882b1a6aedfffff,H3,2025,19,9.4
882b1a6aedfffff,H3,2025,20,9.9
882b1a6aedfffff,H3,2025,21,9.7
882b1a6aedfffff,H3,2025,22,9.0
882b1a6aedfffff,H3,2025,23,8.0
882b1a81a1fffff,H3,2025,0,4.8
882b1a81a1fffff,H3,2025,1,4.1
882b1a81a1fffff,H3,2025,2,3.6
882b1a81a1fffff,H3,2025,3,3.2
882b1a81a1fffff,H3,2025,4,3.0
882b1a81a1fffff,H3,2025,5,2.6
882b1a81a1fffff,H3,2025,6,2.4
882b1a81a1fffff,H3,2025,7,1.9
882b1a81a1fffff,H3,2025,8,1.6
882b1a81a1fffff,H3,2025,9,1.6
882b1a81a1fffff,H3,2025,10,1.7
882b1a81a1fffff,H3,2025,11,1.9
882b1a81a1fffff,H3,2025,12,2.3
882b1a81a1fffff,H3,2025,13,2.5
882b1a81a1fffff,H3,2025,14,2.8
882b1a81a1fffff,H3,2025,15,3.3
882b1a81a1fffff,H3,2025,16,4.1
882b1a81a1fffff,H3,2025,17,5.3
882b1a81a1fffff,H3,2025,18,6.2
882b1a81a1fffff,H3,2025,19,6.7
882b1a81a1fffff,H3,2025,20,6.9
882b1a81a1fffff,H3,2025,21,6.8
882b1a81a1fffff,H3,2025,22,6.2
882b1a81a1fffff,H3,2025,23,5.6
882b1c6ad7fffff,H3,2025,0,1.2
882b1c6ad7fffff,H3,2025,1,1.1
882b1c6ad7fffff,H3,2025,2,0.9
882b1c6ad7fffff,H3,2025,3,0.9
882b1c6ad7fffff,H3,2025,4,0.8
882b1c6ad7fffff,H3,2025,5,0.7
882b1c6ad7fffff,H3,2025,6,0.7
882b1c6ad7fffff,H3,2025,7,0.5
882b1c6ad7fffff,H3,2025,8,0.5
882b1c6ad7fffff,H3,2025,9,0.3
882b1c6ad7fffff,H3,2025,10,0.5
882b1c6ad7fffff,H3,2025,11,0.5
882b1c6ad7fffff,H3,2025,12,0.6
882b1c6ad7fffff,H3,2025,13,0.7
882b1c6ad7fffff,H3,2025,14,0.7
882b1c6ad7fffff,H3,2025,15,0.8
882b1c6ad7fffff,H3,2025,16,1.0
882b1c6ad7fffff,H3,2025,17,1.4
882b1c6ad7fffff,H3,2025,18,1.6
882b1c6ad7fffff,H3,2025,19,1.7
882b1c6ad7fffff,H3,2025,20,1.8
882b1c6ad7fffff,H3,2025,21,1.8
882b1c6ad7fffff,H3,2025,22,1.6
882b1c6ad7fffff,H3,2025,23,1.5
882b890053fffff,H3,2025,0,2.3
882b890053fffff,H3,2025,0,4.0
882b890053fffff,H3,2025,1,1.9
882b890053fffff,H3,2025,1,3.4
882b890053fffff,H3,2025,2,1.6
882b890053fffff,H3,2025,2,3.0
882b890053fffff,H3,2025,3,1.4
882b890053fffff,H3,2025,3,2.7
882b890053fffff,H3,2025,4,1.2
882b890053fffff,H3,2025,4,2.5
882b890053fffff,H3,2025,5,1.2
882b890053fffff,H3,2025,5,2.3
882b890053fffff,H3,2025,6,1.2
882b890053fffff,H3,2025,6,1.9
882b890053fffff,H3,2025,7,1.1
882b890053fffff,H3,2025,7,1.6
882b890053fffff,H3,2025,8,1.0
882b890053fffff,H3,2025,8,1.4
882b890053fffff,H3,2025,9,1.0
882b890053fffff,H3,2025,9,1.2
882b890053fffff,H3,2025,10,1.1
882b890053fffff,H3,2025,10,1.4
882b890053fffff,H3,2025,11,1.2
882b890053fffff,H3,2025,11,1.6
882b890053fffff,H3,2025,12,1.5
882b890053fffff,H3,2025,12,1.8
882b890053fffff,H3,2025,13,1.7
882b890053fffff,H3,2025,13,2.0
882b890053fffff,H3,2025,14,1.8
882b890053fffff,H3,2025,14,2.3
882b890053fffff,H3,2025,15,2.3
882b890053fffff,H3,2025,15,2.7
882b890053fffff,H3,2025,16,2.8
882b890053fffff,H3,2025,16,3.3
882b890053fffff,H3,2025,17,3.5
882b890053fffff,H3,2025,17,4.4
882b890053fffff,H3,2025,18,3.9
882b890053fffff,H3,2025,18,5.1
882b890053fffff,H3,2025,19,4.0
882b890053fffff,H3,2025,19,5.5
882b890053fffff,H3,2025,20,3.9
882b890053fffff,H3,2025,20,5.8
882b890053fffff,H3,2025,21,3.6
882b890053fffff,H3,2025,21,5.7
882b890053fffff,H3,2025,22,3.3
882b890053fffff,H3,2025,22,5.2
882b890053fffff,H3,2025,23,2.7
882b890053fffff,H3,2025,23,4.7
882b890235fffff,H3,2025,0,2.0
882b890235fffff,H3,2025,1,1.8
882b890235fffff,H3,2025,2,1.6
882b890235fffff,H3,2025,3,1.4
882b890235fffff,H3,2025,4,1.2
882b890235fffff,H3,2025,5,1.1
882b890235fffff,H3,2025,6,1.0
882b890235fffff,H3,2025,7,0.8
882b890235fffff,H3,2025,8,0.7
882b890235fffff,H3,2025,9,0.7
882b890235fffff,H3,2025,10,0.7
882b890235fffff,H3,2025,11,0.8
882b890235fffff,H3,2025,12,0.9
882b890235fffff,H3,2025,13,1.0
882b890235fffff,H3,2025,14,1.1
882b890235fffff,H3,2025,15,1.4
882b890235fffff,H3,2025,16,1.7
882b890235fffff,H3,2025,17,2.3
882b890235fffff,H3,2025,18,2.6
882b890235fffff,H3,2025,19,2.8
882b890235fffff,H3,2025,20,3.0
882b890235fffff,H3,2025,21,2.8
882b890235fffff,H3,2025,22,2.7
882b890235fffff,H3,2025,23,2.4
882b890291fffff,H3,2025,0,3.2
882b890291fffff,H3,2025,1,2.8
882b890291fffff,H3,2025,2,2.5
882b890291fffff,H3,2025,3,2.2
882b890291fffff,H3,2025,4,2.0
882b890291fffff,H3,2025,5,1.8
882b890291fffff,H3,2025,6,1.6
882b890291fffff,H3,2025,7,1.2
882b890291fffff,H3,2025,8,1.0
882b890291fffff,H3,2025,9,1.0
882b890291fffff,H3,2025,10,1.1
882b890291fffff,H3,2025,11,1.2
882b890291fffff,H3,2025,12,1.5
882b890291fffff,H3,2025,13,1.6
882b890291fffff,H3,2025,14,1.8
882b890291fffff,H3,2025,15,2.2
882b890291fffff,H3,2025,16,2.7
882b890291fffff,H3,2025,17,3.5
882b890291fffff,H3,2025,18,4.2
882b890291fffff,H3,2025,19,4.4
882b890291fffff,H3,2025,20,4.7
882b890291fffff,H3,2025,21,4.5
882b890291fffff,H3,2025,22,4.3
882b890291fffff,H3,2025,23,3.8
882b890293fffff,H3,2025,0,5.7
882b890293fffff,H3,2025,0,11.2
882b890293fffff,H3,2025,0,0.2
882b890293fffff,H3,2025,1,4.9
882b890293fffff,H3,2025,1,9.9
882b890293fffff,H3,2025,1,0.2
882b890293fffff,H3,2025,2,4.3
882b890293fffff,H3,2025,2,8.5
882b890293fffff,H3,2025,2,0.1
882b890293fffff,H3,2025,3,3.9
882b890293fffff,H3,2025,3,7.7
882b890293fffff,H3,2025,3,0.1
882b890293fffff,H3,2025,4,3.5
882b890293fffff,H3,2025,4,7.0
882b890293fffff,H3,2025,4,0.1
882b890293fffff,H3,2025,5,3.2
882b890293fffff,H3,2025,5,6.4
882b890293fffff,H3,2025,5,0.1
882b890293fffff,H3,2025,6,2.8
882b890293fffff,H3,2025,6,5.6
882b890293fffff,H3,2025,6,0.1
882b890293fffff,H3,2025,7,2.3
882b890293fffff,H3,2025,7,4.4
882b890293fffff,H3,2025,7,0.1
882b890293fffff,H3,2025,8,1.9
882b890293fffff,H3,2025,8,3.8
882b890293fffff,H3,2025,8,0.1
882b890293fffff,H3,2025,9,1.8
882b890293fffff,H3,2025,9,3.6
882b890293fffff,H3,2025,9,0.1
882b890293fffff,H3,2025,10,1.9
882b890293fffff,H3,2025,10,3.9
882b890293fffff,H3,2025,10,0.1
882b890293fffff,H3,2025,11,2.3
882b890293fffff,H3,2025,11,4.4
882b890293fffff,H3,2025,11,0.1
882b890293fffff,H3,2025,12,2.6
882b890293fffff,H3,2025,12,5.1
882b890293fffff,H3,2025,12,0.1
882b890293fffff,H3,2025,13,2.8
882b890293fffff,H3,2025,13,5.7
882b890293fffff,H3,2025,13,0.1
882b890293fffff,H3,2025,14,3.2
882b890293fffff,H3,2025,14,6.5
882b890293fffff,H3,2025,14,0.1
882b890293fffff,H3,2025,15,3.8
882b890293fffff,H3,2025,15,7.6
882b890293fffff,H3,2025,15,0.1
882b890293fffff,H3,2025,16,4.8
882b890293fffff,H3,2025,16,9.4
882b890293fffff,H3,2025,16,0.1
882b890293fffff,H3,2025,17,6.2
882b890293fffff,H3,2025,17,12.4
882b890293fffff,H3,2025,17,0.2
882b890293fffff,H3,2025,18,7.3
882b890293fffff,H3,2025,18,14.5
882b890293fffff,H3,2025,18,0.2
882b890293fffff,H3,2025,19,7.8
882b890293fffff,H3,2025,19,15.6
882b890293fffff,H3,2025,19,0.2
882b890293fffff,H3,2025,20,8.2
882b890293fffff,H3,2025,20,16.2
882b890293fffff,H3,2025,20,0.3
882b890293fffff,H3,2025,21,8.0
882b890293fffff,H3,2025,21,15.9
882b890293fffff,H3,2025,21,0.3
882b890293fffff,H3,2025,22,7.4
882b890293fffff,H3,2025,22,14.8
882b890293fffff,H3,2025,22,0.2
882b890293fffff,H3,2025,23,6.6
882b890293fffff,H3,2025,23,13.2
882b890293fffff,H3,2025,23,0.2
882b8902b7fffff,H3,2025,0,1.6
882b8902b7fffff,H3,2025,1,1.5
882b8902b7fffff,H3,2025,2,1.2
882b8902b7fffff,H3,2025,3,1.1
882b8902b7fffff,H3,2025,4,1.0
882b8902b7fffff,H3,2025,5,0.9
882b8902b7fffff,H3,2025,6,0.9
882b8902b7fffff,H3,2025,7,0.7
882b8902b7fffff,H3,2025,8,0.6
882b8902b7fffff,H3,2025,9,0.6
882b8902b7fffff,H3,2025,10,0.7
882b8902b7fffff,H3,2025,11,0.7
882b8902b7fffff,H3,2025,12,0.9
882b8902b7fffff,H3,2025,13,0.9
882b8902b7fffff,H3,2025,14,1.0
882b8902b7fffff,H3,2025,15,1.2
882b8902b7fffff,H3,2025,16,1.6
882b8902b7fffff,H3,2025,17,2.0
882b8902b7fffff,H3,2025,18,2.3
882b8902b7fffff,H3,2025,19,2.5
882b8902b7fffff,H3,2025,20,2.5
882b8902b7fffff,H3,2025,21,2.4
882b8902b7fffff,H3,2025,22,2.3
882b8902b7fffff,H3,2025,23,1.9
882b8902bbfffff,H3,2025,0,13.6
882b8902bbfffff,H3,2025,1,11.9
882b8902bbfffff,H3,2025,2,10.5
882b8902bbfffff,H3,2025,3,9.3
882b8902bbfffff,H3,2025,4,8.5
882b8902bbfffff,H3,2025,5,7.7
882b8902bbfffff,H3,2025,6,6.9
882b8902bbfffff,H3,2025,7,5.6
882b8902bbfffff,H3,2025,8,4.8
882b8902bbfffff,H3,2025,9,4.5
882b8902bbfffff,H3,2025,10,4.9
882b8902bbfffff,H3,2025,11,5.6
882b8902bbfffff,H3,2025,12,6.5
882b8902bbfffff,H3,2025,13,7.3
882b8902bbfffff,H3,2025,14,8.1
882b8902bbfffff,H3,2025,15,9.5
882b8902bbfffff,H3,2025,16,11.8
882b8902bbfffff,H3,2025,17,15.5
882b8902bbfffff,H3,2025,18,18.1
882b8902bbfffff,H3,2025,19,19.4
882b8902bbfffff,H3,2025,20,20.1
882b8902bbfffff,H3,2025,21,19.7
882b8902bbfffff,H3,2025,22,18.2
882b8902bbfffff,H3,2025,23,16.1
882b890741fffff,H3,2025,0,4.5
882b890741fffff,H3,2025,1,4.0
882b890741fffff,H3,2025,2,3.5
882b890741fffff,H3,2025,3,3.2
882b890741fffff,H3,2025,4,2.8
882b890741fffff,H3,2025,5,2.6
882b890741fffff,H3,2025,6,2.3
882b890741fffff,H3,2025,7,1.8
882b890741fffff,H3,2025,8,1.5
882b890741fffff,H3,2025,9,1.5
882b890741fffff,H3,2025,10,1.6
882b890741fffff,H3,2025,11,1.8
882b890741fffff,H3,2025,12,2.2
882b890741fffff,H3,2025,13,2.4
882b890741fffff,H3,2025,14,2.6
882b890741fffff,H3,2025,15,3.1
882b890741fffff,H3,2025,16,3.9
882b890741fffff,H3,2025,17,5.0
882b890741fffff,H3,2025,18,5.9
882b890741fffff,H3,2025,19,6.4
882b890741fffff,H3,2025,20,6.6
882b890741fffff,H3,2025,21,6.5
882b890741fffff,H3,2025,22,6.0
882b890741fffff,H3,2025,23,5.3
882b890767fffff,H3,2025,0,3.6
882b890767fffff,H3,2025,1,3.2
882b890767fffff,H3,2025,2,2.8
882b890767fffff,H3,2025,3,2.5
882b890767fffff,H3,2025,4,2.3
882b890767fffff,H3,2025,5,2.0
882b890767fffff,H3,2025,6,1.8
882b890767fffff,H3,2025,7,1.5
882b890767fffff,H3,2025,8,1.2
882b890767fffff,H3,2025,9,1.1
882b890767fffff,H3,2025,10,1.2
882b890767fffff,H3,2025,11,1.5
882b890767fffff,H3,2025,12,1.7
882b890767fffff,H3,2025,13,1.8
882b890767fffff,H3,2025,14,2.0
882b890767fffff,H3,2025,15,2.5
882b890767fffff,H3,2025,16,3.1
882b890767fffff,H3,2025,17,4.0
882b890767fffff,H3,2025,18,4.8
882b890767fffff,H3,2025,19,5.1
882b890767fffff,H3,2025,20,5.3
882b890767fffff,H3,2025,21,5.2
882b890767fffff,H3,2025,22,4.8
882b890767fffff,H3,2025,23,4.3
882b890769fffff,H3,2025,0,1.5
882b890769fffff,H3,2025,1,1.2
882b890769fffff,H3,2025,2,1.1
882b890769fffff,H3,2025,3,1.0
882b890769fffff,H3,2025,4,0.9
882b890769fffff,H3,2025,5,0.8
882b890769fffff,H3,2025,6,0.7
882b890769fffff,H3,2025,7,0.6
882b890769fffff,H3,2025,8,0.5
882b890769fffff,H3,2025,9,0.5
882b890769fffff,H3,2025,10,0.5
882b890769fffff,H3,2025,11,0.6
882b890769fffff,H3,2025,12,0.7
882b890769fffff,H3,2025,13,0.8
882b890769fffff,H3,2025,14,0.8
882b890769fffff,H3,2025,15,0.9
882b890769fffff,H3,2025,16,1.2
882b890769fffff,H3,2025,17,1.6
882b890769fffff,H3,2025,18,1.8
882b890769fffff,H3,2025,19,2.0
882b890769fffff,H3,2025,20,2.0
882b890769fffff,H3,2025,21,2.0
882b890769fffff,H3,2025,22,1.9
882b890769fffff,H3,2025,23,1.7
882b89076dfffff,H3,2025,0,8.6
882b89076dfffff,H3,2025,1,7.5
882b89076dfffff,H3,2025,2,6.6
882b89076dfffff,H3,2025,3,5.9
882b89076dfffff,H3,2025,4,5.3
882b89076dfffff,H3,2025,5,4.9
882b89076dfffff,H3,2025,6,4.3
882b89076dfffff,H3,2025,7,3.4
882b89076dfffff,H3,2025,8,2.8
882b89076dfffff,H3,2025,9,2.7
882b89076dfffff,H3,2025,10,3.0
882b89076dfffff,H3,2025,11,3.4
882b89076dfffff,H3,2025,12,4.0
882b89076dfffff,H3,2025,13,4.4
882b89076dfffff,H3,2025,14,4.9
882b89076dfffff,H3,2025,15,5.8
882b89076dfffff,H3,2025,16,7.2
882b89076dfffff,H3,2025,17,9.4
882b89076dfffff,H3,2025,18,11.1
882b89076dfffff,H3,2025,19,11.9
882b89076dfffff,H3,2025,20,12.5
882b89076dfffff,H3,2025,21,12.3
882b89076dfffff,H3,2025,22,11.4
882b89076dfffff,H3,2025,23,10.1
882b8910b7fffff,H3,2025,0,4.8
882b8910b7fffff,H3,2025,1,4.2
882b8910b7fffff,H3,2025,2,3.6
882b8910b7fffff,H3,2025,3,3.3
882b8910b7fffff,H3,2025,4,3.0
882b8910b7fffff,H3,2025,5,2.7
882b8910b7fffff,H3,2025,6,2.4
882b8910b7fffff,H3,2025,7,1.9
882b8910b7fffff,H3,2025,8,1.6
882b8910b7fffff,H3,2025,9,1.6
882b8910b7fffff,H3,2025,10,1.7
882b8910b7fffff,H3,2025,11,1.9
882b8910b7fffff,H3,2025,12,2.3
882b8910b7fffff,H3,2025,13,2.5
882b8910b7fffff,H3,2025,14,2.8
882b8910b7fffff,H3,2025,15,3.3
882b8910b7fffff,H3,2025,16,4.1
882b8910b7fffff,H3,2025,17,5.5
882b8910b7fffff,H3,2025,18,6.4
882b8910b7fffff,H3,2025,19,6.7
882b8910b7fffff,H3,2025,20,7.0
882b8910b7fffff,H3,2025,21,6.8
882b8910b7fffff,H3,2025,22,6.4
882b8910b7fffff,H3,2025,23,5.7
882b891541fffff,H3,2025,0,1.8
882b891541fffff,H3,2025,1,1.6
882b891541fffff,H3,2025,2,1.4
882b891541fffff,H3,2025,3,1.2
882b891541fffff,H3,2025,4,1.1
882b891541fffff,H3,2025,5,1.0
882b891541fffff,H3,2025,6,0.9
882b891541fffff,H3,2025,7,0.7
882b891541fffff,H3,2025,8,0.6
882b891541fffff,H3,2025,9,0.6
882b891541fffff,H3,2025,10,0.7
882b891541fffff,H3,2025,11,0.7
882b891541fffff,H3,2025,12,0.8
882b891541fffff,H3,2025,13,0.9
882b891541fffff,H3,2025,14,1.0
882b891541fffff,H3,2025,15,1.2
882b891541fffff,H3,2025,16,1.6
882b891541fffff,H3,2025,17,2.0
882b891541fffff,H3,2025,18,2.4
882b891541fffff,H3,2025,19,2.5
882b891541fffff,H3,2025,20,2.6
882b891541fffff,H3,2025,21,2.6
882b891541fffff,H3,2025,22,2.4
882b891541fffff,H3,2025,23,2.2
882b891547fffff,H3,2025,0,16.0
882b891547fffff,H3,2025,1,14.1
882b891547fffff,H3,2025,2,12.3
882b891547fffff,H3,2025,3,11.0
882b891547fffff,H3,2025,4,10.0
882b891547fffff,H3,2025,5,9.1
882b891547fffff,H3,2025,6,8.1
882b891547fffff,H3,2025,7,6.5
882b891547fffff,H3,2025,8,5.5
882b891547fffff,H3,2025,9,5.2
882b891547fffff,H3,2025,10,5.6
882b891547fffff,H3,2025,11,6.5
882b891547fffff,H3,2025,12,7.4
882b891547fffff,H3,2025,13,8.3
882b891547fffff,H3,2025,14,9.3
882b891547fffff,H3,2025,15,10.9
882b891547fffff,H3,2025,16,13.5
882b891547fffff,H3,2025,17,17.8
882b891547fffff,H3,2025,18,20.9
882b891547fffff,H3,2025,19,22.4
882b891547fffff,H3,2025,20,23.4
882b891547fffff,H3,2025,21,22.8
882b891547fffff,H3,2025,22,21.2
882b891547fffff,H3,2025,23,18.9
882b891a81fffff,H3,2025,0,1.2
882b891a81fffff,H3,2025,1,1.1
882b891a81fffff,H3,2025,2,0.9
882b891a81fffff,H3,2025,3,0.9
882b891a81fffff,H3,2025,4,0.8
882b891a81fffff,H3,2025,5,0.7
882b891a81fffff,H3,2025,6,0.7
882b891a81fffff,H3,2025,7,0.6
882b891a81fffff,H3,2025,8,0.5
882b891a81fffff,H3,2025,9,0.5
882b891a81fffff,H3,2025,10,0.5
882b891a81fffff,H3,2025,11,0.6
882b891a81fffff,H3,2025,12,0.6
882b891a81fffff,H3,2025,13,0.7
882b891a81fffff,H3,2025,14,0.8
882b891a81fffff,H3,2025,15,0.9
882b891a81fffff,H3,2025,16,1.1
882b891a81fffff,H3,2025,17,1.4
882b891a81fffff,H3,2025,18,1.7
882b891a81fffff,H3,2025,19,1.8
882b891a81fffff,H3,2025,20,1.8
882b891a81fffff,H3,2025,21,1.8
882b891a81fffff,H3,2025,22,1.7
882b891a81fffff,H3,2025,23,1.5
882b8a2183fffff,H3,2025,0,3.8
882b8a2183fffff,H3,2025,1,3.3
882b8a2183fffff,H3,2025,2,2.8
882b8a2183fffff,H3,2025,3,2.5
882b8a2183fffff,H3,2025,4,2.3
882b8a2183fffff,H3,2025,5,2.0
882b8a2183fffff,H3,2025,6,1.8
882b8a2183fffff,H3,2025,7,1.5
882b8a2183fffff,H3,2025,8,1.2
882b8a2183fffff,H3,2025,9,1.2
882b8a2183fffff,H3,2025,10,1.4
882b8a2183fffff,H3,2025,11,1.5
882b8a2183fffff,H3,2025,12,1.8
882b8a2183fffff,H3,2025,13,1.9
882b8a2183fffff,H3,2025,14,2.2
882b8a2183fffff,H3,2025,15,2.6
882b8a2183fffff,H3,2025,16,3.2
882b8a2183fffff,H3,2025,17,4.2
882b8a2183fffff,H3,2025,18,4.9
882b8a2183fffff,H3,2025,19,5.2
882b8a2183fffff,H3,2025,20,5.5
882b8a2183fffff,H3,2025,21,5.3
882b8a2183fffff,H3,2025,22,4.9
882b8a2183fffff,H3,2025,23,4.4
882b8a21c1fffff,H3,2025,0,1.4
882b8a21c1fffff,H3,2025,1,1.2
882b8a21c1fffff,H3,2025,2,1.0
882b8a21c1fffff,H3,2025,3,1.0
882b8a21c1fffff,H3,2025,4,0.9
882b8a21c1fffff,H3,2025,5,0.8
882b8a21c1fffff,H3,2025,6,0.7
882b8a21c1fffff,H3,2025,7,0.6
882b8a21c1fffff,H3,2025,8,0.5
882b8a21c1fffff,H3,2025,9,0.5
882b8a21c1fffff,H3,2025,10,0.5
882b8a21c1fffff,H3,2025,11,0.6
882b8a21c1fffff,H3,2025,12,0.7
882b8a21c1fffff,H3,2025,13,0.7
882b8a21c1fffff,H3,2025,14,0.8
882b8a21c1fffff,H3,2025,15,0.9
882b8a21c1fffff,H3,2025,16,1.1
882b8a21c1fffff,H3,2025,17,1.6
882b8a21c1fffff,H3,2025,18,1.8
882b8a21c1fffff,H3,2025,19,1.9
882b8a21c1fffff,H3,2025,20,2.0
882b8a21c1fffff,H3,2025,21,2.0
882b8a21c1fffff,H3,2025,22,1.8
882b8a21c1fffff,H3,2025,23,1.7
882b8a2e25fffff,H3,2025,0,1.6
882b8a2e25fffff,H3,2025,1,1.4
882b8a2e25fffff,H3,2025,2,1.2
882b8a2e25fffff,H3,2025,3,1.0
882b8a2e25fffff,H3,2025,4,0.9
882b8a2e25fffff,H3,2025,5,0.9
882b8a2e25fffff,H3,2025,6,0.8
882b8a2e25fffff,H3,2025,7,0.7
882b8a2e25fffff,H3,2025,8,0.6
882b8a2e25fffff,H3,2025,9,0.5
882b8a2e25fffff,H3,2025,10,0.6
882b8a2e25fffff,H3,2025,11,0.6
882b8a2e25fffff,H3,2025,12,0.7
882b8a2e25fffff,H3,2025,13,0.8
882b8a2e25fffff,H3,2025,14,0.9
882b8a2e25fffff,H3,2025,15,1.0
882b8a2e25fffff,H3,2025,16,1.2
882b8a2e25fffff,H3,2025,17,1.7
882b8a2e25fffff,H3,2025,18,2.0
882b8a2e25fffff,H3,2025,19,2.2
882b8a2e25fffff,H3,2025,20,2.3
882b8a2e25fffff,H3,2025,21,2.2
882b8a2e25fffff,H3,2025,22,2.0
882b8a2e25fffff,H3,2025,23,1.8
882b8a2e27fffff,H3,2025,0,7.4
882b8a2e27fffff,H3,2025,1,6.5
882b8a2e27fffff,H3,2025,2,5.6
882b8a2e27fffff,H3,2025,3,5.1
882b8a2e27fffff,H3,2025,4,4.5
882b8a2e27fffff,H3,2025,5,4.1
882b8a2e27fffff,H3,2025,6,3.6
882b8a2e27fffff,H3,2025,7,3.0
882b8a2e27fffff,H3,2025,8,2.5
882b8a2e27fffff,H3,2025,9,2.4
882b8a2e27fffff,H3,2025,10,2.5
882b8a2e27fffff,H3,2025,11,3.0
882b8a2e27fffff,H3,2025,12,3.4
882b8a2e27fffff,H3,2025,13,3.8
882b8a2e27fffff,H3,2025,14,4.2
882b8a2e27fffff,H3,2025,15,5.0
882b8a2e27fffff,H3,2025,16,6.1
882b8a2e27fffff,H3,2025,17,8.1
882b8a2e27fffff,H3,2025,18,9.5
882b8a2e27fffff,H3,2025,19,10.2
882b8a2e27fffff,H3,2025,20,10.7
882b8a2e27fffff,H3,2025,21,10.5
882b8a2e27fffff,H3,2025,22,9.8
882b8a2e27fffff,H3,2025,23,8.6
882b8a2e2bfffff,H3,2025,0,1.4
882b8a2e2bfffff,H3,2025,1,1.1
882b8a2e2bfffff,H3,2025,2,1.0
882b8a2e2bfffff,H3,2025,3,0.9
882b8a2e2bfffff,H3,2025,4,0.8
882b8a2e2bfffff,H3,2025,5,0.8
882b8a2e2bfffff,H3,2025,6,0.7
882b8a2e2bfffff,H3,2025,7,0.6
882b8a2e2bfffff,H3,2025,8,0.5
882b8a2e2bfffff,H3,2025,9,0.5
882b8a2e2bfffff,H3,2025,10,0.5
882b8a2e2bfffff,H3,2025,11,0.6
882b8a2e2bfffff,H3,2025,12,0.7
882b8a2e2bfffff,H3,2025,13,0.7
882b8a2e2bfffff,H3,2025,14,0.8
882b8a2e2bfffff,H3,2025,15,0.9
882b8a2e2bfffff,H3,2025,16,1.1
882b8a2e2bfffff,H3,2025,17,1.5
882b8a2e2bfffff,H3,2025,18,1.7
882b8a2e2bfffff,H3,2025,19,1.9
882b8a2e2bfffff,H3,2025,20,1.9
882b8a2e2bfffff,H3,2025,21,1.9
882b8a2e2bfffff,H3,2025,22,1.8
882b8a2e2bfffff,H3,2025,23,1.6
882b8a2e31fffff,H3,2025,0,4.9
882b8a2e31fffff,H3,2025,1,4.2
882b8a2e31fffff,H3,2025,2,3.6
882b8a2e31fffff,H3,2025,3,3.3
882b8a2e31fffff,H3,2025,4,3.0
882b8a2e31fffff,H3,2025,5,2.7
882b8a2e31fffff,H3,2025,6,2.5
882b8a2e31fffff,H3,2025,7,2.0
882b8a2e31fffff,H3,2025,8,1.7
882b8a2e31fffff,H3,2025,9,1.6
882b8a2e31fffff,H3,2025,10,1.8
882b8a2e31fffff,H3,2025,11,2.0
882b8a2e31fffff,H3,2025,12,2.4
882b8a2e31fffff,H3,2025,13,2.6
882b8a2e31fffff,H3,2025,14,3.0
882b8a2e31fffff,H3,2025,15,3.4
882b8a2e31fffff,H3,2025,16,4.3
882b8a2e31fffff,H3,2025,17,5.6
882b8a2e31fffff,H3,2025,18,6.5
882b8a2e31fffff,H3,2025,19,6.9
882b8a2e31fffff,H3,2025,20,7.2
882b8a2e31fffff,H3,2025,21,7.0
882b8a2e31fffff,H3,2025,22,6.5
882b8a2e31fffff,H3,2025,23,5.7
882b8bd31dfffff,H3,2025,0,2.4
882b8bd31dfffff,H3,2025,1,2.2
882b8bd31dfffff,H3,2025,2,1.8
882b8bd31dfffff,H3,2025,3,1.7
882b8bd31dfffff,H3,2025,4,1.5
882b8bd31dfffff,H3,2025,5,1.4
882b8bd31dfffff,H3,2025,6,1.2
882b8bd31dfffff,H3,2025,7,0.9
882b8bd31dfffff,H3,2025,8,0.8
882b8bd31dfffff,H3,2025,9,0.8
882b8bd31dfffff,H3,2025,10,0.8
882b8bd31dfffff,H3,2025,11,0.9
882b8bd31dfffff,H3,2025,12,1.1
882b8bd31dfffff,H3,2025,13,1.2
882b8bd31dfffff,H3,2025,14,1.4
882b8bd31dfffff,H3,2025,15,1.6
882b8bd31dfffff,H3,2025,16,2.0
882b8bd31dfffff,H3,2025,17,2.7
882b8bd31dfffff,H3,2025,18,3.2
882b8bd31dfffff,H3,2025,19,3.4
882b8bd31dfffff,H3,2025,20,3.5
882b8bd31dfffff,H3,2025,21,3.4
882b8bd31dfffff,H3,2025,22,3.2
882b8bd31dfffff,H3,2025,23,2.8
882b8c9139fffff,H3,2025,0,4.1
882b8c9139fffff,H3,2025,1,3.5
882b8c9139fffff,H3,2025,2,3.1
882b8c9139fffff,H3,2025,3,2.8
882b8c9139fffff,H3,2025,4,2.5
882b8c9139fffff,H3,2025,5,2.3
882b8c9139fffff,H3,2025,6,2.0
882b8c9139fffff,H3,2025,7,1.6
882b8c9139fffff,H3,2025,8,1.4
882b8c9139fffff,H3,2025,9,1.2
882b8c9139fffff,H3,2025,10,1.4
882b8c9139fffff,H3,2025,11,1.6
882b8c9139fffff,H3,2025,12,1.8
882b8c9139fffff,H3,2025,13,2.0
882b8c9139fffff,H3,2025,14,2.4
882b8c9139fffff,H3,2025,15,2.7
882b8c9139fffff,H3,2025,16,3.4
882b8c9139fffff,H3,2025,17,4.5
882b8c9139fffff,H3,2025,18,5.2
882b8c9139fffff,H3,2025,19,5.7
882b8c9139fffff,H3,2025,20,5.9
882b8c9139fffff,H3,2025,21,5.8
882b8c9139fffff,H3,2025,22,5.3
882b8c9139fffff,H3,2025,23,4.8
882b8cb519fffff,H3,2025,0,1.5
882b8cb519fffff,H3,2025,1,1.4
882b8cb519fffff,H3,2025,2,1.1
882b8cb519fffff,H3,2025,3,1.0
882b8cb519fffff,H3,2025,4,0.9
882b8cb519fffff,H3,2025,5,0.9
882b8cb519fffff,H3,2025,6,0.8
882b8cb519fffff,H3,2025,7,0.6
882b8cb519fffff,H3,2025,8,0.5
882b8cb519fffff,H3,2025,9,0.5
882b8cb519fffff,H3,2025,10,0.6
882b8cb519fffff,H3,2025,11,0.6
882b8cb519fffff,H3,2025,12,0.7
882b8cb519fffff,H3,2025,13,0.8
882b8cb519fffff,H3,2025,14,0.9
882b8cb519fffff,H3,2025,15,1.0
882b8cb519fffff,H3,2025,16,1.2
882b8cb519fffff,H3,2025,17,1.6
882b8cb519fffff,H3,2025,18,1.9
882b8cb519fffff,H3,2025,19,2.0
882b8cb519fffff,H3,2025,20,2.2
882b8cb519fffff,H3,2025,21,2.2
882b8cb519fffff,H3,2025,22,1.9
882b8cb519fffff,H3,2025,23,1.8
882b8cb56bfffff,H3,2025,0,3.3
882b8cb56bfffff,H3,2025,1,2.8
882b8cb56bfffff,H3,2025,2,2.5
882b8cb56bfffff,H3,2025,3,2.3
882b8cb56bfffff,H3,2025,4,2.0
882b8cb56bfffff,H3,2025,5,1.8
882b8cb56bfffff,H3,2025,6,1.6
882b8cb56bfffff,H3,2025,7,1.2
882b8cb56bfffff,H3,2025,8,1.1
882b8cb56bfffff,H3,2025,9,1.0
882b8cb56bfffff,H3,2025,10,1.1
882b8cb56bfffff,H3,2025,11,1.2
882b8cb56bfffff,H3,2025,12,1.5
882b8cb56bfffff,H3,2025,13,1.7
882b8cb56bfffff,H3,2025,14,1.8
882b8cb56bfffff,H3,2025,15,2.2
882b8cb56bfffff,H3,2025,16,2.7
882b8cb56bfffff,H3,2025,17,3.5
882b8cb56bfffff,H3,2025,18,4.2
882b8cb56bfffff,H3,2025,19,4.5
882b8cb56bfffff,H3,2025,20,4.7
882b8cb56bfffff,H3,2025,21,4.5
882b8cb56bfffff,H3,2025,22,4.3
882b8cb56bfffff,H3,2025,23,3.9
882b8cb72bfffff,H3,2025,0,1.9
882b8cb72bfffff,H3,2025,1,1.7
882b8cb72bfffff,H3,2025,2,1.5
882b8cb72bfffff,H3,2025,3,1.4
882b8cb72bfffff,H3,2025,4,1.2
882b8cb72bfffff,H3,2025,5,1.1
882b8cb72bfffff,H3,2025,6,1.0
882b8cb72bfffff,H3,2025,7,0.8
882b8cb72bfffff,H3,2025,8,0.7
882b8cb72bfffff,H3,2025,9,0.7
882b8cb72bfffff,H3,2025,10,0.7
882b8cb72bfffff,H3,2025,11,0.8
882b8cb72bfffff,H3,2025,12,0.9
882b8cb72bfffff,H3,2025,13,1.0
882b8cb72bfffff,H3,2025,14,1.1
882b8cb72bfffff,H3,2025,15,1.4
882b8cb72bfffff,H3,2025,16,1.7
882b8cb72bfffff,H3,2025,17,2.2
882b8cb72bfffff,H3,2025,18,2.6
882b8cb72bfffff,H3,2025,19,2.7
882b8cb72bfffff,H3,2025,20,2.8
882b8cb72bfffff,H3,2025,21,2.8
882b8cb72bfffff,H3,2025,22,2.6
882b8cb72bfffff,H3,2025,23,2.3
882b8db2c7fffff,H3,2025,0,2.2
882b8db2c7fffff,H3,2025,1,1.9
882b8db2c7fffff,H3,2025,2,1.7
882b8db2c7fffff,H3,2025,3,1.5
882b8db2c7fffff,H3,2025,4,1.4
882b8db2c7fffff,H3,2025,5,1.2
882b8db2c7fffff,H3,2025,6,1.1
882b8db2c7fffff,H3,2025,7,0.9
882b8db2c7fffff,H3,2025,8,0.8
882b8db2c7fffff,H3,2025,9,0.7
882b8db2c7fffff,H3,2025,10,0.8
882b8db2c7fffff,H3,2025,11,0.9
882b8db2c7fffff,H3,2025,12,1.0
882b8db2c7fffff,H3,2025,13,1.1
882b8db2c7fffff,H3,2025,14,1.2
882b8db2c7fffff,H3,2025,15,1.5
882b8db2c7fffff,H3,2025,16,1.8
882b8db2c7fffff,H3,2025,17,2.4
882b8db2c7fffff,H3,2025,18,2.8
882b8db2c7fffff,H3,2025,19,3.1
882b8db2c7fffff,H3,2025,20,3.2
882b8db2c7fffff,H3,2025,21,3.2
882b8db2c7fffff,H3,2025,22,3.0
882b8db2c7fffff,H3,2025,23,2.6
882b8e6343fffff,H3,2025,0,2.2
882b8e6343fffff,H3,2025,1,1.9
882b8e6343fffff,H3,2025,2,1.7
882b8e6343fffff,H3,2025,3,1.5
882b8e6343fffff,H3,2025,4,1.4
882b8e6343fffff,H3,2025,5,1.2
882b8e6343fffff,H3,2025,6,1.1
882b8e6343fffff,H3,2025,7,0.9
882b8e6343fffff,H3,2025,8,0.8
882b8e6343fffff,H3,2025,9,0.7
882b8e6343fffff,H3,2025,10,0.8
882b8e6343fffff,H3,2025,11,0.9
882b8e6343fffff,H3,2025,12,1.0
882b8e6343fffff,H3,2025,13,1.1
882b8e6343fffff,H3,2025,14,1.2
882b8e6343fffff,H3,2025,15,1.5
882b8e6343fffff,H3,2025,16,1.8
882b8e6343fffff,H3,2025,17,2.4
882b8e6343fffff,H3,2025,18,2.8
882b8e6343fffff,H3,2025,19,3.1
882b8e6343fffff,H3,2025,20,3.2
882b8e6343fffff,H3,2025,21,3.2
882b8e6343fffff,H3,2025,22,3.0
882b8e6343fffff,H3,2025,23,2.6
882b8e6499fffff,H3,2025,0,7.4
882b8e6499fffff,H3,2025,1,6.4
882b8e6499fffff,H3,2025,2,5.5
882b8e6499fffff,H3,2025,3,4.8
882b8e6499fffff,H3,2025,4,4.3
882b8e6499fffff,H3,2025,5,4.0
882b8e6499fffff,H3,2025,6,4.0
882b8e6499fffff,H3,2025,7,3.4
882b8e6499fffff,H3,2025,8,3.1
882b8e6499fffff,H3,2025,9,3.0
882b8e6499fffff,H3,2025,10,3.3
882b8e6499fffff,H3,2025,11,3.8
882b8e6499fffff,H3,2025,12,4.4
882b8e6499fffff,H3,2025,13,5.0
882b8e6499fffff,H3,2025,14,5.3
882b8e6499fffff,H3,2025,15,6.5
882b8e6499fffff,H3,2025,16,8.1
882b8e6499fffff,H3,2025,17,10.1
882b8e6499fffff,H3,2025,18,11.5
882b8e6499fffff,H3,2025,19,11.9
882b8e6499fffff,H3,2025,20,12.0
882b8e6499fffff,H3,2025,21,11.5
882b8e6499fffff,H3,2025,22,10.3
882b8e6499fffff,H3,2025,23,8.9
882b8e64d7fffff,H3,2025,0,1.7
882b8e64d7fffff,H3,2025,1,1.5
882b8e64d7fffff,H3,2025,2,1.4
882b8e64d7fffff,H3,2025,3,1.2
882b8e64d7fffff,H3,2025,4,1.0
882b8e64d7fffff,H3,2025,5,1.0
882b8e64d7fffff,H3,2025,6,0.9
882b8e64d7fffff,H3,2025,7,0.7
882b8e64d7fffff,H3,2025,8,0.6
882b8e64d7fffff,H3,2025,9,0.6
882b8e64d7fffff,H3,2025,10,0.6
882b8e64d7fffff,H3,2025,11,0.7
882b8e64d7fffff,H3,2025,12,0.8
882b8e64d7fffff,H3,2025,13,0.9
882b8e64d7fffff,H3,2025,14,1.0
882b8e64d7fffff,H3,2025,15,1.2
882b8e64d7fffff,H3,2025,16,1.5
882b8e64d7fffff,H3,2025,17,1.9
882b8e64d7fffff,H3,2025,18,2.3
882b8e64d7fffff,H3,2025,19,2.4
882b8e64d7fffff,H3,2025,20,2.5
882b8e64d7fffff,H3,2025,21,2.5
882b8e64d7fffff,H3,2025,22,2.3
882b8e64d7fffff,H3,2025,23,2.0
882b993145fffff,H3,2025,0,4.5
882b993145fffff,H3,2025,1,4.0
882b993145fffff,H3,2025,2,3.5
882b993145fffff,H3,2025,3,3.2
882b993145fffff,H3,2025,4,2.8
882b993145fffff,H3,2025,5,2.6
882b993145fffff,H3,2025,6,2.3
882b993145fffff,H3,2025,7,1.8
882b993145fffff,H3,2025,8,1.6
882b993145fffff,H3,2025,9,1.5
882b993145fffff,H3,2025,10,1.6
882b993145fffff,H3,2025,11,1.8
882b993145fffff,H3,2025,12,2.2
882b993145fffff,H3,2025,13,2.4
882b993145fffff,H3,2025,14,2.6
882b993145fffff,H3,2025,15,3.1
882b993145fffff,H3,2025,16,3.9
882b993145fffff,H3,2025,17,5.0
882b993145fffff,H3,2025,18,5.9
882b993145fffff,H3,2025,19,6.4
882b993145fffff,H3,2025,20,6.6
882b993145fffff,H3,2025,21,6.5
882b993145fffff,H3,2025,22,6.0
882b993145fffff,H3,2025,23,5.3
882b9931a3fffff,H3,2025,0,2.0
882b9931a3fffff,H3,2025,1,1.8
882b9931a3fffff,H3,2025,2,1.6
882b9931a3fffff,H3,2025,3,1.4
882b9931a3fffff,H3,2025,4,1.2
882b9931a3fffff,H3,2025,5,1.1
882b9931a3fffff,H3,2025,6,1.0
882b9931a3fffff,H3,2025,7,0.8
882b9931a3fffff,H3,2025,8,0.7
882b9931a3fffff,H3,2025,9,0.7
882b9931a3fffff,H3,2025,10,0.7
882b9931a3fffff,H3,2025,11,0.8
882b9931a3fffff,H3,2025,12,0.9
882b9931a3fffff,H3,2025,13,1.0
882b9931a3fffff,H3,2025,14,1.1
882b9931a3fffff,H3,2025,15,1.4
882b9931a3fffff,H3,2025,16,1.7
882b9931a3fffff,H3,2025,17,2.3
882b9931a3fffff,H3,2025,18,2.6
882b9931a3fffff,H3,2025,19,2.8
882b9931a3fffff,H3,2025,20,3.0
882b9931a3fffff,H3,2025,21,3.0
882b9931a3fffff,H3,2025,22,2.7
882b9931a3fffff,H3,2025,23,2.4
882b9b30cdfffff,H3,2025,0,2.0
882b9b30cdfffff,H3,2025,1,1.8
882b9b30cdfffff,H3,2025,2,1.6
882b9b30cdfffff,H3,2025,3,1.4
882b9b30cdfffff,H3,2025,4,1.2
882b9b30cdfffff,H3,2025,5,1.1
882b9b30cdfffff,H3,2025,6,1.0
882b9b30cdfffff,H3,2025,7,0.8
882b9b30cdfffff,H3,2025,8,0.7
882b9b30cdfffff,H3,2025,9,0.7
882b9b30cdfffff,H3,2025,10,0.7
882b9b30cdfffff,H3,2025,11,0.8
882b9b30cdfffff,H3,2025,12,0.9
882b9b30cdfffff,H3,2025,13,1.0
882b9b30cdfffff,H3,2025,14,1.2
882b9b30cdfffff,H3,2025,15,1.4
882b9b30cdfffff,H3,2025,16,1.7
882b9b30cdfffff,H3,2025,17,2.3
882b9b30cdfffff,H3,2025,18,2.7
882b9b30cdfffff,H3,2025,19,2.8
882b9b30cdfffff,H3,2025,20,3.0
882b9b30cdfffff,H3,2025,21,3.0
882b9b30cdfffff,H3,2025,22,2.7
882b9b30cdfffff,H3,2025,23,2.4
882b9b32d3fffff,H3,2025,0,3.6
882b9b32d3fffff,H3,2025,1,3.2
882b9b32d3fffff,H3,2025,2,2.8
882b9b32d3fffff,H3,2025,3,2.5
882b9b32d3fffff,H3,2025,4,2.3
882b9b32d3fffff,H3,2025,5,2.0
882b9b32d3fffff,H3,2025,6,1.8
882b9b32d3fffff,H3,2025,7,1.5
882b9b32d3fffff,H3,2025,8,1.2
882b9b32d3fffff,H3,2025,9,1.1
882b9b32d3fffff,H3,2025,10,1.2
882b9b32d3fffff,H3,2025,11,1.5
882b9b32d3fffff,H3,2025,12,1.7
882b9b32d3fffff,H3,2025,13,1.9
882b9b32d3fffff,H3,2025,14,2.2
882b9b32d3fffff,H3,2025,15,2.5
882b9b32d3fffff,H3,2025,16,3.1
882b9b32d3fffff,H3,2025,17,4.1
882b9b32d3fffff,H3,2025,18,4.8
882b9b32d3fffff,H3,2025,19,5.1
882b9b32d3fffff,H3,2025,20,5.3
882b9b32d3fffff,H3,2025,21,5.2
882b9b32d3fffff,H3,2025,22,4.9
882b9b32d3fffff,H3,2025,23,4.3
882b9b3455fffff,H3,2025,0,2.4
882b9b3455fffff,H3,2025,1,2.2
882b9b3455fffff,H3,2025,2,1.8
882b9b3455fffff,H3,2025,3,1.7
882b9b3455fffff,H3,2025,4,1.5
882b9b3455fffff,H3,2025,5,1.4
882b9b3455fffff,H3,2025,6,1.2
882b9b3455fffff,H3,2025,7,0.9
882b9b3455fffff,H3,2025,8,0.8
882b9b3455fffff,H3,2025,9,0.8
882b9b3455fffff,H3,2025,10,0.8
882b9b3455fffff,H3,2025,11,0.9
882b9b3455fffff,H3,2025,12,1.1
882b9b3455fffff,H3,2025,13,1.2
882b9b3455fffff,H3,2025,14,1.4
882b9b3455fffff,H3,2025,15,1.6
882b9b3455fffff,H3,2025,16,2.0
882b9b3455fffff,H3,2025,17,2.6
882b9b3455fffff,H3,2025,18,3.1
882b9b3455fffff,H3,2025,19,3.4
882b9b3455fffff,H3,2025,20,3.5
882b9b3455fffff,H3,2025,21,3.4
882b9b3455fffff,H3,2025,22,3.2
882b9b3455fffff,H3,2025,23,2.8
882b9b349dfffff,H3,2025,0,2.0
882b9b349dfffff,H3,2025,1,1.7
882b9b349dfffff,H3,2025,2,1.5
882b9b349dfffff,H3,2025,3,1.4
882b9b349dfffff,H3,2025,4,1.2
882b9b349dfffff,H3,2025,5,1.1
882b9b349dfffff,H3,2025,6,1.0
882b9b349dfffff,H3,2025,7,0.8
882b9b349dfffff,H3,2025,8,0.7
882b9b349dfffff,H3,2025,9,0.7
882b9b349dfffff,H3,2025,10,0.7
882b9b349dfffff,H3,2025,11,0.8
882b9b349dfffff,H3,2025,12,0.9
882b9b349dfffff,H3,2025,13,1.0
882b9b349dfffff,H3,2025,14,1.1
882b9b349dfffff,H3,2025,15,1.4
882b9b349dfffff,H3,2025,16,1.7
882b9b349dfffff,H3,2025,17,2.3
882b9b349dfffff,H3,2025,18,2.6
882b9b349dfffff,H3,2025,19,2.8
882b9b349dfffff,H3,2025,20,3.0
882b9b349dfffff,H3,2025,21,2.8
882b9b349dfffff,H3,2025,22,2.6
882b9b349dfffff,H3,2025,23,2.4
882b9b3733fffff,H3,2025,0,11.1
882b9b3733fffff,H3,2025,1,9.8
882b9b3733fffff,H3,2025,2,8.5
882b9b3733fffff,H3,2025,3,7.6
882b9b3733fffff,H3,2025,4,6.9
882b9b3733fffff,H3,2025,5,6.2
882b9b3733fffff,H3,2025,6,5.6
882b9b3733fffff,H3,2025,7,4.4
882b9b3733fffff,H3,2025,8,3.8
882b9b3733fffff,H3,2025,9,3.5
882b9b3733fffff,H3,2025,10,3.9
882b9b3733fffff,H3,2025,11,4.4
882b9b3733fffff,H3,2025,12,5.1
882b9b3733fffff,H3,2025,13,5.7
882b9b3733fffff,H3,2025,14,6.4
882b9b3733fffff,H3,2025,15,7.5
882b9b3733fffff,H3,2025,16,9.3
882b9b3733fffff,H3,2025,17,12.3
882b9b3733fffff,H3,2025,18,14.4
882b9b3733fffff,H3,2025,19,15.5
882b9b3733fffff,H3,2025,20,16.1
882b9b3733fffff,H3,2025,21,15.8
882b9b3733fffff,H3,2025,22,14.7
882b9b3733fffff,H3,2025,23,13.1
882ba82c07fffff,H3,2025,0,5.8
882ba82c07fffff,H3,2025,1,5.1
882ba82c07fffff,H3,2025,2,4.4
882ba82c07fffff,H3,2025,3,4.0
882ba82c07fffff,H3,2025,4,3.6
882ba82c07fffff,H3,2025,5,3.3
882ba82c07fffff,H3,2025,6,3.0
882ba82c07fffff,H3,2025,7,2.3
882ba82c07fffff,H3,2025,8,1.9
882ba82c07fffff,H3,2025,9,1.9
882ba82c07fffff,H3,2025,10,2.0
882ba82c07fffff,H3,2025,11,2.3
882ba82c07fffff,H3,2025,12,2.7
882ba82c07fffff,H3,2025,13,3.0
882ba82c07fffff,H3,2025,14,3.4
882ba82c07fffff,H3,2025,15,4.0
882ba82c07fffff,H3,2025,16,4.9
882ba82c07fffff,H3,2025,17,6.5
882ba82c07fffff,H3,2025,18,7.6
882ba82c07fffff,H3,2025,19,8.2
882ba82c07fffff,H3,2025,20,8.5
882ba82c07fffff,H3,2025,21,8.3
882ba82c07fffff,H3,2025,22,7.7
882ba82c07fffff,H3,2025,23,6.9
882ba9713dfffff,H3,2025,0,1.9
882ba9713dfffff,H3,2025,1,1.7
882ba9713dfffff,H3,2025,2,1.5
882ba9713dfffff,H3,2025,3,1.4
882ba9713dfffff,H3,2025,4,1.2
882ba9713dfffff,H3,2025,5,1.1
882ba9713dfffff,H3,2025,6,1.0
882ba9713dfffff,H3,2025,7,0.8
882ba9713dfffff,H3,2025,8,0.7
882ba9713dfffff,H3,2025,9,0.7
882ba9713dfffff,H3,2025,10,0.7
882ba9713dfffff,H3,2025,11,0.8
882ba9713dfffff,H3,2025,12,0.9
882ba9713dfffff,H3,2025,13,1.0
882ba9713dfffff,H3,2025,14,1.1
882ba9713dfffff,H3,2025,15,1.4
882ba9713dfffff,H3,2025,16,1.7
882ba9713dfffff,H3,2025,17,2.2
882ba9713dfffff,H3,2025,18,2.5
882ba9713dfffff,H3,2025,19,2.7
882ba9713dfffff,H3,2025,20,2.8
882ba9713dfffff,H3,2025,21,2.8
882ba9713dfffff,H3,2025,22,2.6
882ba9713dfffff,H3,2025,23,2.3
882baa2c87fffff,H3,2025,0,8.0
882baa2c87fffff,H3,2025,1,6.9
882baa2c87fffff,H3,2025,2,6.0
882baa2c87fffff,H3,2025,3,5.5
882baa2c87fffff,H3,2025,4,4.9
882baa2c87fffff,H3,2025,5,4.5
882baa2c87fffff,H3,2025,6,4.0
882baa2c87fffff,H3,2025,7,3.2
882baa2c87fffff,H3,2025,8,2.6
882baa2c87fffff,H3,2025,9,2.5
882baa2c87fffff,H3,2025,10,2.7
882baa2c87fffff,H3,2025,11,3.2
882baa2c87fffff,H3,2025,12,3.6
882baa2c87fffff,H3,2025,13,4.1
882baa2c87fffff,H3,2025,14,4.5
882baa2c87fffff,H3,2025,15,5.3
882baa2c87fffff,H3,2025,16,6.7
882baa2c87fffff,H3,2025,17,8.8
882baa2c87fffff,H3,2025,18,10.2
882baa2c87fffff,H3,2025,19,11.0
882baa2c87fffff,H3,2025,20,11.5
882baa2c87fffff,H3,2025,21,11.2
882baa2c87fffff,H3,2025,22,10.5
882baa2c87fffff,H3,2025,23,9.3
882bab5b61fffff,H3,2025,0,6.0
882bab5b61fffff,H3,2025,1,5.3
882bab5b61fffff,H3,2025,2,4.7
882bab5b61fffff,H3,2025,3,4.2
882bab5b61fffff,H3,2025,4,3.8
882bab5b61fffff,H3,2025,5,3.4
882bab5b61fffff,H3,2025,6,3.1
882bab5b61fffff,H3,2025,7,2.4
882bab5b61fffff,H3,2025,8,2.0
882bab5b61fffff,H3,2025,9,1.9
882bab5b61fffff,H3,2025,10,2.0
882bab5b61fffff,H3,2025,11,2.4
882bab5b61fffff,H3,2025,12,2.7
882bab5b61fffff,H3,2025,13,3.1
882bab5b61fffff,H3,2025,14,3.4
882bab5b61fffff,H3,2025,15,4.1
882bab5b61fffff,H3,2025,16,5.1
882bab5b61fffff,H3,2025,17,6.6
882bab5b61fffff,H3,2025,18,7.8
882bab5b61fffff,H3,2025,19,8.4
882bab5b61fffff,H3,2025,20,8.8
882bab5b61fffff,H3,2025,21,8.5
882bab5b61fffff,H3,2025,22,8.0
882bab5b61fffff,H3,2025,23,7.2
882babd6c9fffff,H3,2025,0,2.2
882babd6c9fffff,H3,2025,1,1.8
882babd6c9fffff,H3,2025,2,1.6
882babd6c9fffff,H3,2025,3,1.5
882babd6c9fffff,H3,2025,4,1.4
882babd6c9fffff,H3,2025,5,1.2
882babd6c9fffff,H3,2025,6,1.0
882babd6c9fffff,H3,2025,7,0.9
882babd6c9fffff,H3,2025,8,0.7
882babd6c9fffff,H3,2025,9,0.7
882babd6c9fffff,H3,2025,10,0.8
882babd6c9fffff,H3,2025,11,0.9
882babd6c9fffff,H3,2025,12,1.0
882babd6c9fffff,H3,2025,13,1.1
882babd6c9fffff,H3,2025,14,1.2
882babd6c9fffff,H3,2025,15,1.5
882babd6c9fffff,H3,2025,16,1.8
882babd6c9fffff,H3,2025,17,2.4
882babd6c9fffff,H3,2025,18,2.7
882babd6c9fffff,H3,2025,19,3.0
882babd6c9fffff,H3,2025,20,3.1
882babd6c9fffff,H3,2025,21,3.1
882babd6c9fffff,H3,2025,22,2.8
882babd6c9fffff,H3,2025,23,2.5
882bad54a1fffff,H3,2025,0,1.4
882bad54a1fffff,H3,2025,1,1.2
882bad54a1fffff,H3,2025,2,1.0
882bad54a1fffff,H3,2025,3,0.9
882bad54a1fffff,H3,2025,4,0.9
882bad54a1fffff,H3,2025,5,0.8
882bad54a1fffff,H3,2025,6,0.7
882bad54a1fffff,H3,2025,7,0.6
882bad54a1fffff,H3,2025,8,0.5
882bad54a1fffff,H3,2025,9,0.5
882bad54a1fffff,H3,2025,10,0.5
882bad54a1fffff,H3,2025,11,0.6
882bad54a1fffff,H3,2025,12,0.7
882bad54a1fffff,H3,2025,13,0.7
882bad54a1fffff,H3,2025,14,0.8
882bad54a1fffff,H3,2025,15,0.9
882bad54a1fffff,H3,2025,16,1.1
882bad54a1fffff,H3,2025,17,1.6
882bad54a1fffff,H3,2025,18,1.8
882bad54a1fffff,H3,2025,19,1.9
882bad54a1fffff,H3,2025,20,2.0
882bad54a1fffff,H3,2025,21,2.0
882bad54a1fffff,H3,2025,22,1.8
882bad54a1fffff,H3,2025,23,1.6
8844123817fffff,H3,2025,0,1.2
8844123817fffff,H3,2025,1,1.1
8844123817fffff,H3,2025,2,0.9
8844123817fffff,H3,2025,3,0.8
8844123817fffff,H3,2025,4,0.8
8844123817fffff,H3,2025,5,0.7
8844123817fffff,H3,2025,6,0.7
8844123817fffff,H3,2025,7,0.6
8844123817fffff,H3,2025,8,0.5
8844123817fffff,H3,2025,9,0.5
8844123817fffff,H3,2025,10,0.5
8844123817fffff,H3,2025,11,0.6
8844123817fffff,H3,2025,12,0.7
8844123817fffff,H3,2025,13,0.7
8844123817fffff,H3,2025,14,0.8
8844123817fffff,H3,2025,15,0.9
8844123817fffff,H3,2025,16,1.1
8844123817fffff,H3,2025,17,1.5
8844123817fffff,H3,2025,18,1.7
8844123817fffff,H3,2025,19,1.8
8844123817fffff,H3,2025,20,1.8
8844123817fffff,H3,2025,21,1.8
8844123817fffff,H3,2025,22,1.7
8844123817fffff,H3,2025,23,1.5
88441305b3fffff,H3,2025,0,1.2
88441305b3fffff,H3,2025,1,1.1
88441305b3fffff,H3,2025,2,0.9
88441305b3fffff,H3,2025,3,0.9
88441305b3fffff,H3,2025,4,0.8
88441305b3fffff,H3,2025,5,0.7
88441305b3fffff,H3,2025,6,0.7
88441305b3fffff,H3,2025,7,0.6
88441305b3fffff,H3,2025,8,0.5
88441305b3fffff,H3,2025,9,0.5
88441305b3fffff,H3,2025,10,0.5
88441305b3fffff,H3,2025,11,0.5
88441305b3fffff,H3,2025,12,0.6
88441305b3fffff,H3,2025,13,0.7
88441305b3fffff,H3,2025,14,0.7
88441305b3fffff,H3,2025,15,0.9
88441305b3fffff,H3,2025,16,1.0
88441305b3fffff,H3,2025,17,1.4
88441305b3fffff,H3,2025,18,1.6
88441305b3fffff,H3,2025,19,1.8
88441305b3fffff,H3,2025,20,1.8
88441305b3fffff,H3,2025,21,1.8
88441305b3fffff,H3,2025,22,1.7
88441305b3fffff,H3,2025,23,1.5
8844137691fffff,H3,2025,0,1.2
8844137691fffff,H3,2025,1,1.1
8844137691fffff,H3,2025,2,1.0
8844137691fffff,H3,2025,3,0.9
8844137691fffff,H3,2025,4,0.8
8844137691fffff,H3,2025,5,0.8
8844137691fffff,H3,2025,6,0.7
8844137691fffff,H3,2025,7,0.6
8844137691fffff,H3,2025,8,0.5
8844137691fffff,H3,2025,9,0.5
8844137691fffff,H3,2025,10,0.5
8844137691fffff,H3,2025,11,0.6
8844137691fffff,H3,2025,12,0.6
8844137691fffff,H3,2025,13,0.7
8844137691fffff,H3,2025,14,0.8
8844137691fffff,H3,2025,15,0.9
8844137691fffff,H3,2025,16,1.1
8844137691fffff,H3,2025,17,1.5
8844137691fffff,H3,2025,18,1.7
8844137691fffff,H3,2025,19,1.8
8844137691fffff,H3,2025,20,1.9
8844137691fffff,H3,2025,21,1.8
8844137691fffff,H3,2025,22,1.7
8844137691fffff,H3,2025,23,1.6
8844164eb1fffff,H3,2025,0,1.9
8844164eb1fffff,H3,2025,1,1.7
8844164eb1fffff,H3,2025,2,1.5
8844164eb1fffff,H3,2025,3,1.2
8844164eb1fffff,H3,2025,4,1.1
8844164eb1fffff,H3,2025,5,1.0
8844164eb1fffff,H3,2025,6,0.9
8844164eb1fffff,H3,2025,7,0.8
8844164eb1fffff,H3,2025,8,0.7
8844164eb1fffff,H3,2025,9,0.6
8844164eb1fffff,H3,2025,10,0.7
8844164eb1fffff,H3,2025,11,0.8
8844164eb1fffff,H3,2025,12,0.9
8844164eb1fffff,H3,2025,13,1.0
8844164eb1fffff,H3,2025,14,1.1
8844164eb1fffff,H3,2025,15,1.2
8844164eb1fffff,H3,2025,16,1.6
8844164eb1fffff,H3,2025,17,2.0
8844164eb1fffff,H3,2025,18,2.5
8844164eb1fffff,H3,2025,19,2.6
8844164eb1fffff,H3,2025,20,2.7
8844164eb1fffff,H3,2025,21,2.7
8844164eb1fffff,H3,2025,22,2.5
8844164eb1fffff,H3,2025,23,2.3
884416a305fffff,H3,2025,0,4.3
884416a305fffff,H3,2025,1,3.8
884416a305fffff,H3,2025,2,3.3
884416a305fffff,H3,2025,3,2.8
884416a305fffff,H3,2025,4,2.6
884416a305fffff,H3,2025,5,2.4
884416a305fffff,H3,2025,6,2.2
884416a305fffff,H3,2025,7,1.8
884416a305fffff,H3,2025,8,1.6
884416a305fffff,H3,2025,9,1.5
884416a305fffff,H3,2025,10,1.7
884416a305fffff,H3,2025,11,1.9
884416a305fffff,H3,2025,12,2.2
884416a305fffff,H3,2025,13,2.5
884416a305fffff,H3,2025,14,2.7
884416a305fffff,H3,2025,15,3.3
884416a305fffff,H3,2025,16,4.1
884416a305fffff,H3,2025,17,5.2
884416a305fffff,H3,2025,18,6.0
884416a305fffff,H3,2025,19,6.5
884416a305fffff,H3,2025,20,6.6
884416a305fffff,H3,2025,21,6.4
884416a305fffff,H3,2025,22,5.9
884416a305fffff,H3,2025,23,5.1
884416a329fffff,H3,2025,0,1.7
884416a329fffff,H3,2025,1,1.5
884416a329fffff,H3,2025,2,1.2
884416a329fffff,H3,2025,3,1.1
884416a329fffff,H3,2025,4,1.0
884416a329fffff,H3,2025,5,1.0
884416a329fffff,H3,2025,6,0.9
884416a329fffff,H3,2025,7,0.8
884416a329fffff,H3,2025,8,0.7
884416a329fffff,H3,2025,9,0.6
884416a329fffff,H3,2025,10,0.7
884416a329fffff,H3,2025,11,0.8
884416a329fffff,H3,2025,12,0.9
884416a329fffff,H3,2025,13,1.0
884416a329fffff,H3,2025,14,1.0
884416a329fffff,H3,2025,15,1.2
884416a329fffff,H3,2025,16,1.6
884416a329fffff,H3,2025,17,2.0
884416a329fffff,H3,2025,18,2.4
884416a329fffff,H3,2025,19,2.5
884416a329fffff,H3,2025,20,2.6
884416a329fffff,H3,2025,21,2.5
884416a329fffff,H3,2025,22,2.4
884416a329fffff,H3,2025,23,2.0
88441a11c9fffff,H3,2025,0,12.0
88441a11c9fffff,H3,2025,1,10.5
88441a11c9fffff,H3,2025,2,9.1
88441a11c9fffff,H3,2025,3,8.2
88441a11c9fffff,H3,2025,4,7.4
88441a11c9fffff,H3,2025,5,6.7
88441a11c9fffff,H3,2025,6,6.0
88441a11c9fffff,H3,2025,7,4.9
88441a11c9fffff,H3,2025,8,4.2
88441a11c9fffff,H3,2025,9,4.0
88441a11c9fffff,H3,2025,10,4.3
88441a11c9fffff,H3,2025,11,5.0
88441a11c9fffff,H3,2025,12,5.8
88441a11c9fffff,H3,2025,13,6.5
88441a11c9fffff,H3,2025,14,7.2
88441a11c9fffff,H3,2025,15,8.4
88441a11c9fffff,H3,2025,16,10.5
88441a11c9fffff,H3,2025,17,13.6
88441a11c9fffff,H3,2025,18,16.0
88441a11c9fffff,H3,2025,19,17.4
88441a11c9fffff,H3,2025,20,18.1
88441a11c9fffff,H3,2025,21,17.5
88441a11c9fffff,H3,2025,22,16.1
88441a11c9fffff,H3,2025,23,14.2
88441a12adfffff,H3,2025,0,8.2
88441a12adfffff,H3,2025,1,7.2
88441a12adfffff,H3,2025,2,6.2
88441a12adfffff,H3,2025,3,5.7
88441a12adfffff,H3,2025,4,5.1
88441a12adfffff,H3,2025,5,4.7
88441a12adfffff,H3,2025,6,4.1
88441a12adfffff,H3,2025,7,3.3
88441a12adfffff,H3,2025,8,2.8
88441a12adfffff,H3,2025,9,2.7
88441a12adfffff,H3,2025,10,3.0
88441a12adfffff,H3,2025,11,3.3
88441a12adfffff,H3,2025,12,3.9
88441a12adfffff,H3,2025,13,4.3
88441a12adfffff,H3,2025,14,4.8
88441a12adfffff,H3,2025,15,5.7
88441a12adfffff,H3,2025,16,7.0
88441a12adfffff,H3,2025,17,9.2
88441a12adfffff,H3,2025,18,10.8
88441a12adfffff,H3,2025,19,11.6
88441a12adfffff,H3,2025,20,12.0
88441a12adfffff,H3,2025,21,11.8
88441a12adfffff,H3,2025,22,10.9
88441a12adfffff,H3,2025,23,9.7
88441a88a3fffff,H3,2025,0,2.2
88441a88a3fffff,H3,2025,1,1.9
88441a88a3fffff,H3,2025,2,1.7
88441a88a3fffff,H3,2025,3,1.5
88441a88a3fffff,H3,2025,4,1.4
88441a88a3fffff,H3,2025,5,1.2
88441a88a3fffff,H3,2025,6,1.1
88441a88a3fffff,H3,2025,7,0.9
88441a88a3fffff,H3,2025,8,0.7
88441a88a3fffff,H3,2025,9,0.7
88441a88a3fffff,H3,2025,10,0.8
88441a88a3fffff,H3,2025,11,0.9
88441a88a3fffff,H3,2025,12,1.0
88441a88a3fffff,H3,2025,13,1.1
88441a88a3fffff,H3,2025,14,1.2
88441a88a3fffff,H3,2025,15,1.5
88441a88a3fffff,H3,2025,16,1.8
88441a88a3fffff,H3,2025,17,2.4
88441a88a3fffff,H3,2025,18,2.8
88441a88a3fffff,H3,2025,19,3.1
88441a88a3fffff,H3,2025,20,3.2
88441a88a3fffff,H3,2025,21,3.1
88441a88a3fffff,H3,2025,22,2.8
88441a88a3fffff,H3,2025,23,2.6
88441a89a1fffff,H3,2025,0,8.5
88441a89a1fffff,H3,2025,1,7.4
88441a89a1fffff,H3,2025,2,6.5
88441a89a1fffff,H3,2025,3,5.9
88441a89a1fffff,H3,2025,4,5.3
88441a89a1fffff,H3,2025,5,4.8
88441a89a1fffff,H3,2025,6,4.2
88441a89a1fffff,H3,2025,7,3.4
88441a89a1fffff,H3,2025,8,2.8
88441a89a1fffff,H3,2025,9,2.7
88441a89a1fffff,H3,2025,10,3.0
88441a89a1fffff,H3,2025,11,3.4
88441a89a1fffff,H3,2025,12,3.9
88441a89a1fffff,H3,2025,13,4.3
88441a89a1fffff,H3,2025,14,4.9
88441a89a1fffff,H3,2025,15,5.7
88441a89a1fffff,H3,2025,16,7.2
88441a89a1fffff,H3,2025,17,9.3
88441a89a1fffff,H3,2025,18,11.0
88441a89a1fffff,H3,2025,19,11.8
88441a89a1fffff,H3,2025,20,12.3
88441a89a1fffff,H3,2025,21,12.0
88441a89a1fffff,H3,2025,22,11.2
88441a89a1fffff,H3,2025,23,10.0
88441a8b15fffff,H3,2025,0,2.6
88441a8b15fffff,H3,2025,1,2.3
88441a8b15fffff,H3,2025,2,2.0
88441a8b15fffff,H3,2025,3,1.8
88441a8b15fffff,H3,2025,4,1.6
88441a8b15fffff,H3,2025,5,1.5
88441a8b15fffff,H3,2025,6,1.4
88441a8b15fffff,H3,2025,7,1.0
88441a8b15fffff,H3,2025,8,0.9
88441a8b15fffff,H3,2025,9,0.9
88441a8b15fffff,H3,2025,10,0.9
88441a8b15fffff,H3,2025,11,1.0
88441a8b15fffff,H3,2025,12,1.2
88441a8b15fffff,H3,2025,13,1.4
88441a8b15fffff,H3,2025,14,1.6
88441a8b15fffff,H3,2025,15,1.8
88441a8b15fffff,H3,2025,16,2.3
88441a8b15fffff,H3,2025,17,3.0
88441a8b15fffff,H3,2025,18,3.5
88441a8b15fffff,H3,2025,19,3.8
88441a8b15fffff,H3,2025,20,3.9
88441a8b15fffff,H3,2025,21,3.8
88441a8b15fffff,H3,2025,22,3.5
88441a8b15fffff,H3,2025,23,3.2
88441a8d05fffff,H3,2025,0,1.6
88441a8d05fffff,H3,2025,1,1.5
88441a8d05fffff,H3,2025,2,1.2
88441a8d05fffff,H3,2025,3,1.1
88441a8d05fffff,H3,2025,4,1.0
88441a8d05fffff,H3,2025,5,0.9
88441a8d05fffff,H3,2025,6,0.8
88441a8d05fffff,H3,2025,7,0.7
88441a8d05fffff,H3,2025,8,0.6
88441a8d05fffff,H3,2025,9,0.6
88441a8d05fffff,H3,2025,10,0.6
88441a8d05fffff,H3,2025,11,0.7
88441a8d05fffff,H3,2025,12,0.8
88441a8d05fffff,H3,2025,13,0.8
88441a8d05fffff,H3,2025,14,0.9
88441a8d05fffff,H3,2025,15,1.1
88441a8d05fffff,H3,2025,16,1.4
88441a8d05fffff,H3,2025,17,1.8
88441a8d05fffff,H3,2025,18,2.2
88441a8d05fffff,H3,2025,19,2.3
88441a8d05fffff,H3,2025,20,2.4
88441a8d05fffff,H3,2025,21,2.4
88441a8d05fffff,H3,2025,22,2.2
88441a8d05fffff,H3,2025,23,1.9
88441a951dfffff,H3,2025,0,2.8
88441a951dfffff,H3,2025,1,2.5
88441a951dfffff,H3,2025,2,2.2
88441a951dfffff,H3,2025,3,1.9
88441a951dfffff,H3,2025,4,1.8
88441a951dfffff,H3,2025,5,1.6
88441a951dfffff,H3,2025,6,1.4
88441a951dfffff,H3,2025,7,1.1
88441a951dfffff,H3,2025,8,0.9
88441a951dfffff,H3,2025,9,0.9
88441a951dfffff,H3,2025,10,1.0
88441a951dfffff,H3,2025,11,1.1
88441a951dfffff,H3,2025,12,1.4
88441a951dfffff,H3,2025,13,1.5
88441a951dfffff,H3,2025,14,1.6
88441a951dfffff,H3,2025,15,1.9
88441a951dfffff,H3,2025,16,2.4
88441a951dfffff,H3,2025,17,3.2
88441a951dfffff,H3,2025,18,3.6
88441a951dfffff,H3,2025,19,4.0
88441a951dfffff,H3,2025,20,4.1
88441a951dfffff,H3,2025,21,4.1
88441a951dfffff,H3,2025,22,3.8
88441a951dfffff,H3,2025,23,3.3
88441a9553fffff,H3,2025,0,6.7
88441a9553fffff,H3,2025,1,5.9
88441a9553fffff,H3,2025,2,5.1
88441a9553fffff,H3,2025,3,4.5
88441a9553fffff,H3,2025,4,4.2
88441a9553fffff,H3,2025,5,3.8
88441a9553fffff,H3,2025,6,3.4
88441a9553fffff,H3,2025,7,2.7
88441a9553fffff,H3,2025,8,2.3
88441a9553fffff,H3,2025,9,2.2
88441a9553fffff,H3,2025,10,2.4
88441a9553fffff,H3,2025,11,2.7
88441a9553fffff,H3,2025,12,3.2
88441a9553fffff,H3,2025,13,3.5
88441a9553fffff,H3,2025,14,4.0
88441a9553fffff,H3,2025,15,4.7
88441a9553fffff,H3,2025,16,5.8
88441a9553fffff,H3,2025,17,7.6
88441a9553fffff,H3,2025,18,8.9
88441a9553fffff,H3,2025,19,9.5
88441a9553fffff,H3,2025,20,9.9
88441a9553fffff,H3,2025,21,9.7
88441a9553fffff,H3,2025,22,9.0
88441a9553fffff,H3,2025,23,8.0
88441ac631fffff,H3,2025,0,4.1
88441ac631fffff,H3,2025,1,3.6
88441ac631fffff,H3,2025,2,3.2
88441ac631fffff,H3,2025,3,2.8
88441ac631fffff,H3,2025,4,2.6
88441ac631fffff,H3,2025,5,2.4
88441ac631fffff,H3,2025,6,2.0
88441ac631fffff,H3,2025,7,1.6
88441ac631fffff,H3,2025,8,1.4
88441ac631fffff,H3,2025,9,1.4
88441ac631fffff,H3,2025,10,1.5
88441ac631fffff,H3,2025,11,1.6
88441ac631fffff,H3,2025,12,1.9
88441ac631fffff,H3,2025,13,2.2
88441ac631fffff,H3,2025,14,2.4
88441ac631fffff,H3,2025,15,2.8
88441ac631fffff,H3,2025,16,3.5
88441ac631fffff,H3,2025,17,4.5
88441ac631fffff,H3,2025,18,5.3
88441ac631fffff,H3,2025,19,5.8
88441ac631fffff,H3,2025,20,6.0
88441ac631fffff,H3,2025,21,5.9
88441ac631fffff,H3,2025,22,5.5
88441ac631fffff,H3,2025,23,4.9
884440c119fffff,H3,2025,0,5.3
884440c119fffff,H3,2025,1,4.7
884440c119fffff,H3,2025,2,4.1
884440c119fffff,H3,2025,3,3.6
884440c119fffff,H3,2025,4,3.3
884440c119fffff,H3,2025,5,3.0
884440c119fffff,H3,2025,6,2.7
884440c119fffff,H3,2025,7,2.2
884440c119fffff,H3,2025,8,1.8
884440c119fffff,H3,2025,9,1.7
884440c119fffff,H3,2025,10,1.8
884440c119fffff,H3,2025,11,2.2
884440c119fffff,H3,2025,12,2.5
884440c119fffff,H3,2025,13,2.7
884440c119fffff,H3,2025,14,3.1
884440c119fffff,H3,2025,15,3.6
884440c119fffff,H3,2025,16,4.4
884440c119fffff,H3,2025,17,5.9
884440c119fffff,H3,2025,18,6.9
884440c119fffff,H3,2025,19,7.4
884440c119fffff,H3,2025,20,7.7
884440c119fffff,H3,2025,21,7.6
884440c119fffff,H3,2025,22,7.0
884440c119fffff,H3,2025,23,6.2
884440c181fffff,H3,2025,0,1.8
884440c181fffff,H3,2025,1,1.6
884440c181fffff,H3,2025,2,1.4
884440c181fffff,H3,2025,3,1.2
884440c181fffff,H3,2025,4,1.1
884440c181fffff,H3,2025,5,1.0
884440c181fffff,H3,2025,6,0.9
884440c181fffff,H3,2025,7,0.7
884440c181fffff,H3,2025,8,0.6
884440c181fffff,H3,2025,9,0.6
884440c181fffff,H3,2025,10,0.7
884440c181fffff,H3,2025,11,0.7
884440c181fffff,H3,2025,12,0.8
884440c181fffff,H3,2025,13,0.9
884440c181fffff,H3,2025,14,1.0
884440c181fffff,H3,2025,15,1.2
884440c181fffff,H3,2025,16,1.5
884440c181fffff,H3,2025,17,1.9
884440c181fffff,H3,2025,18,2.3
884440c181fffff,H3,2025,19,2.5
884440c181fffff,H3,2025,20,2.6
884440c181fffff,H3,2025,21,2.5
884440c181fffff,H3,2025,22,2.4
884440c181fffff,H3,2025,23,2.0
884440c189fffff,H3,2025,0,35.7
884440c189fffff,H3,2025,1,31.4
884440c189fffff,H3,2025,2,27.3
884440c189fffff,H3,2025,3,24.7
884440c189fffff,H3,2025,4,22.3
884440c189fffff,H3,2025,5,20.2
884440c189fffff,H3,2025,6,18.0
884440c189fffff,H3,2025,7,14.3
884440c189fffff,H3,2025,8,11.9
884440c189fffff,H3,2025,9,11.5
884440c189fffff,H3,2025,10,12.4
884440c189fffff,H3,2025,11,14.2
884440c189fffff,H3,2025,12,16.5
884440c189fffff,H3,2025,13,18.3
884440c189fffff,H3,2025,14,20.6
884440c189fffff,H3,2025,15,24.1
884440c189fffff,H3,2025,16,30.0
884440c189fffff,H3,2025,17,39.4
884440c189fffff,H3,2025,18,46.2
884440c189fffff,H3,2025,19,49.8
884440c189fffff,H3,2025,20,51.9
884440c189fffff,H3,2025,21,50.8
884440c189fffff,H3,2025,22,47.3
884440c189fffff,H3,2025,23,42.2
884440c18bfffff,H3,2025,0,1.7
884440c18bfffff,H3,2025,1,1.5
884440c18bfffff,H3,2025,2,1.2
884440c18bfffff,H3,2025,3,1.1
884440c18bfffff,H3,2025,4,1.0
884440c18bfffff,H3,2025,5,0.9
884440c18bfffff,H3,2025,6,0.8
884440c18bfffff,H3,2025,7,0.7
884440c18bfffff,H3,2025,8,0.6
884440c18bfffff,H3,2025,9,0.6
884440c18bfffff,H3,2025,10,0.6
884440c18bfffff,H3,2025,11,0.7
884440c18bfffff,H3,2025,12,0.8
884440c18bfffff,H3,2025,13,0.9
884440c18bfffff,H3,2025,14,0.9
884440c18bfffff,H3,2025,15,1.1
884440c18bfffff,H3,2025,16,1.4
884440c18bfffff,H3,2025,17,1.8
884440c18bfffff,H3,2025,18,2.2
884440c18bfffff,H3,2025,19,2.3
884440c18bfffff,H3,2025,20,2.4
884440c18bfffff,H3,2025,21,2.4
884440c18bfffff,H3,2025,22,2.2
884440c18bfffff,H3,2025,23,1.9
884440c843fffff,H3,2025,0,2.8
884440c843fffff,H3,2025,1,2.5
884440c843fffff,H3,2025,2,2.2
884440c843fffff,H3,2025,3,2.0
884440c843fffff,H3,2025,4,1.8
884440c843fffff,H3,2025,5,1.6
884440c843fffff,H3,2025,6,1.5
884440c843fffff,H3,2025,7,1.1
884440c843fffff,H3,2025,8,1.0
884440c843fffff,H3,2025,9,0.9
884440c843fffff,H3,2025,10,1.0
884440c843fffff,H3,2025,11,1.1
884440c843fffff,H3,2025,12,1.4
884440c843fffff,H3,2025,13,1.5
884440c843fffff,H3,2025,14,1.7
884440c843fffff,H3,2025,15,1.9
884440c843fffff,H3,2025,16,2.5
884440c843fffff,H3,2025,17,3.2
884440c843fffff,H3,2025,18,3.8
884440c843fffff,H3,2025,19,4.1
884440c843fffff,H3,2025,20,4.2
884440c843fffff,H3,2025,21,4.1
884440c843fffff,H3,2025,22,3.9
884440c843fffff,H3,2025,23,3.4
884440d1d1fffff,H3,2025,0,1.9
884440d1d1fffff,H3,2025,1,1.7
884440d1d1fffff,H3,2025,2,1.5
884440d1d1fffff,H3,2025,3,1.4
884440d1d1fffff,H3,2025,4,1.2
884440d1d1fffff,H3,2025,5,1.1
884440d1d1fffff,H3,2025,6,1.0
884440d1d1fffff,H3,2025,7,0.8
884440d1d1fffff,H3,2025,8,0.7
884440d1d1fffff,H3,2025,9,0.7
884440d1d1fffff,H3,2025,10,0.7
884440d1d1fffff,H3,2025,11,0.8
884440d1d1fffff,H3,2025,12,0.9
884440d1d1fffff,H3,2025,13,1.0
884440d1d1fffff,H3,2025,14,1.1
884440d1d1fffff,H3,2025,15,1.4
884440d1d1fffff,H3,2025,16,1.7
884440d1d1fffff,H3,2025,17,2.2
884440d1d1fffff,H3,2025,18,2.6
884440d1d1fffff,H3,2025,19,2.7
884440d1d1fffff,H3,2025,20,2.8
884440d1d1fffff,H3,2025,21,2.8
884440d1d1fffff,H3,2025,22,2.6
884440d1d1fffff,H3,2025,23,2.3
884440d883fffff,H3,2025,0,5.0
884440d883fffff,H3,2025,1,4.4
884440d883fffff,H3,2025,2,3.9
884440d883fffff,H3,2025,3,3.4
884440d883fffff,H3,2025,4,3.1
884440d883fffff,H3,2025,5,2.8
884440d883fffff,H3,2025,6,2.5
884440d883fffff,H3,2025,7,2.0
884440d883fffff,H3,2025,8,1.7
884440d883fffff,H3,2025,9,1.6
884440d883fffff,H3,2025,10,1.7
884440d883fffff,H3,2025,11,2.0
884440d883fffff,H3,2025,12,2.3
884440d883fffff,H3,2025,13,2.6
884440d883fffff,H3,2025,14,2.8
884440d883fffff,H3,2025,15,3.4
884440d883fffff,H3,2025,16,4.2
884440d883fffff,H3,2025,17,5.6
884440d883fffff,H3,2025,18,6.5
884440d883fffff,H3,2025,19,6.9
884440d883fffff,H3,2025,20,7.3
884440d883fffff,H3,2025,21,7.2
884440d883fffff,H3,2025,22,6.6
884440d883fffff,H3,2025,23,5.9
884441002dfffff,H3,2025,0,1.4
884441002dfffff,H3,2025,1,1.1
884441002dfffff,H3,2025,2,1.0
884441002dfffff,H3,2025,3,0.9
884441002dfffff,H3,2025,4,0.8
884441002dfffff,H3,2025,5,0.8
884441002dfffff,H3,2025,6,0.7
884441002dfffff,H3,2025,7,0.6
884441002dfffff,H3,2025,8,0.5
884441002dfffff,H3,2025,9,0.5
884441002dfffff,H3,2025,10,0.5
884441002dfffff,H3,2025,11,0.6
884441002dfffff,H3,2025,12,0.7
884441002dfffff,H3,2025,13,0.7
884441002dfffff,H3,2025,14,0.8
884441002dfffff,H3,2025,15,0.9
884441002dfffff,H3,2025,16,1.2
884441002dfffff,H3,2025,17,1.6
884441002dfffff,H3,2025,18,1.8
884441002dfffff,H3,2025,19,1.9
884441002dfffff,H3,2025,20,2.0
884441002dfffff,H3,2025,21,1.9
884441002dfffff,H3,2025,22,1.8
884441002dfffff,H3,2025,23,1.6
8844411307fffff,H3,2025,0,7.4
8844411307fffff,H3,2025,1,6.5
8844411307fffff,H3,2025,2,5.6
8844411307fffff,H3,2025,3,5.0
8844411307fffff,H3,2025,4,4.5
8844411307fffff,H3,2025,5,4.1
8844411307fffff,H3,2025,6,3.8
8844411307fffff,H3,2025,7,3.0
8844411307fffff,H3,2025,8,2.5
8844411307fffff,H3,2025,9,2.4
8844411307fffff,H3,2025,10,2.6
8844411307fffff,H3,2025,11,3.0
8844411307fffff,H3,2025,12,3.4
8844411307fffff,H3,2025,13,3.9
8844411307fffff,H3,2025,14,4.3
8844411307fffff,H3,2025,15,5.1
8844411307fffff,H3,2025,16,6.4
8844411307fffff,H3,2025,17,8.3
8844411307fffff,H3,2025,18,9.7
8844411307fffff,H3,2025,19,10.3
8844411307fffff,H3,2025,20,10.8
8844411307fffff,H3,2025,21,10.6
8844411307fffff,H3,2025,22,9.8
8844411307fffff,H3,2025,23,8.6
884441130bfffff,H3,2025,0,4.1
884441130bfffff,H3,2025,1,3.6
884441130bfffff,H3,2025,2,3.2
884441130bfffff,H3,2025,3,2.8
884441130bfffff,H3,2025,4,2.5
884441130bfffff,H3,2025,5,2.3
884441130bfffff,H3,2025,6,2.0
884441130bfffff,H3,2025,7,1.6
884441130bfffff,H3,2025,8,1.4
884441130bfffff,H3,2025,9,1.4
884441130bfffff,H3,2025,10,1.5
884441130bfffff,H3,2025,11,1.6
884441130bfffff,H3,2025,12,1.9
884441130bfffff,H3,2025,13,2.2
884441130bfffff,H3,2025,14,2.4
884441130bfffff,H3,2025,15,2.8
884441130bfffff,H3,2025,16,3.5
884441130bfffff,H3,2025,17,4.5
884441130bfffff,H3,2025,18,5.3
884441130bfffff,H3,2025,19,5.8
884441130bfffff,H3,2025,20,6.0
884441130bfffff,H3,2025,21,5.9
884441130bfffff,H3,2025,22,5.5
884441130bfffff,H3,2025,23,4.9
8844411347fffff,H3,2025,0,2.0
8844411347fffff,H3,2025,1,1.8
8844411347fffff,H3,2025,2,1.6
8844411347fffff,H3,2025,3,1.5
8844411347fffff,H3,2025,4,1.2
8844411347fffff,H3,2025,5,1.1
8844411347fffff,H3,2025,6,1.0
8844411347fffff,H3,2025,7,0.8
8844411347fffff,H3,2025,8,0.7
8844411347fffff,H3,2025,9,0.7
8844411347fffff,H3,2025,10,0.7
8844411347fffff,H3,2025,11,0.8
8844411347fffff,H3,2025,12,0.9
8844411347fffff,H3,2025,13,1.0
8844411347fffff,H3,2025,14,1.2
8844411347fffff,H3,2025,15,1.4
8844411347fffff,H3,2025,16,1.8
8844411347fffff,H3,2025,17,2.3
8844411347fffff,H3,2025,18,2.7
8844411347fffff,H3,2025,19,3.0
8844411347fffff,H3,2025,20,3.1
8844411347fffff,H3,2025,21,3.0
8844411347fffff,H3,2025,22,2.7
8844411347fffff,H3,2025,23,2.5
8844418e8bfffff,H3,2025,0,1.4
8844418e8bfffff,H3,2025,1,1.2
8844418e8bfffff,H3,2025,2,1.0
8844418e8bfffff,H3,2025,3,0.9
8844418e8bfffff,H3,2025,4,0.9
8844418e8bfffff,H3,2025,5,0.8
8844418e8bfffff,H3,2025,6,0.7
8844418e8bfffff,H3,2025,7,0.6
8844418e8bfffff,H3,2025,8,0.5
8844418e8bfffff,H3,2025,9,0.5
8844418e8bfffff,H3,2025,10,0.5
8844418e8bfffff,H3,2025,11,0.6
8844418e8bfffff,H3,2025,12,0.7
8844418e8bfffff,H3,2025,13,0.7
8844418e8bfffff,H3,2025,14,0.8
8844418e8bfffff,H3,2025,15,0.9
8844418e8bfffff,H3,2025,16,1.1
8844418e8bfffff,H3,2025,17,1.6
8844418e8bfffff,H3,2025,18,1.8
8844418e8bfffff,H3,2025,19,1.9
8844418e8bfffff,H3,2025,20,2.0
8844418e8bfffff,H3,2025,21,2.0
8844418e8bfffff,H3,2025,22,1.8
8844418e8bfffff,H3,2025,23,1.6
884443d897fffff,H3,2025,0,2.4
884443d897fffff,H3,2025,1,2.0
884443d897fffff,H3,2025,2,1.8
884443d897fffff,H3,2025,3,1.6
884443d897fffff,H3,2025,4,1.5
884443d897fffff,H3,2025,5,1.4
884443d897fffff,H3,2025,6,1.1
884443d897fffff,H3,2025,7,0.9
884443d897fffff,H3,2025,8,0.8
884443d897fffff,H3,2025,9,0.8
884443d897fffff,H3,2025,10,0.8
884443d897fffff,H3,2025,11,0.9
884443d897fffff,H3,2025,12,1.1
884443d897fffff,H3,2025,13,1.2
884443d897fffff,H3,2025,14,1.4
884443d897fffff,H3,2025,15,1.6
884443d897fffff,H3,2025,16,2.0
884443d897fffff,H3,2025,17,2.6
884443d897fffff,H3,2025,18,3.1
884443d897fffff,H3,2025,19,3.3
884443d897fffff,H3,2025,20,3.4
884443d897fffff,H3,2025,21,3.4
884443d897fffff,H3,2025,22,3.1
884443d897fffff,H3,2025,23,2.7
8844442593fffff,H3,2025,0,1.6
8844442593fffff,H3,2025,1,1.5
8844442593fffff,H3,2025,2,1.2
8844442593fffff,H3,2025,3,1.1
8844442593fffff,H3,2025,4,1.0
8844442593fffff,H3,2025,5,0.9
8844442593fffff,H3,2025,6,0.8
8844442593fffff,H3,2025,7,0.7
8844442593fffff,H3,2025,8,0.6
8844442593fffff,H3,2025,9,0.6
8844442593fffff,H3,2025,10,0.6
8844442593fffff,H3,2025,11,0.7
8844442593fffff,H3,2025,12,0.8
8844442593fffff,H3,2025,13,0.8
8844442593fffff,H3,2025,14,0.9
8844442593fffff,H3,2025,15,1.1
8844442593fffff,H3,2025,16,1.4
8844442593fffff,H3,2025,17,1.8
8844442593fffff,H3,2025,18,2.2
8844442593fffff,H3,2025,19,2.3
8844442593fffff,H3,2025,20,2.4
8844442593fffff,H3,2025,21,2.3
8844442593fffff,H3,2025,22,2.2
8844442593fffff,H3,2025,23,1.9
8844452945fffff,H3,2025,0,2.5
8844452945fffff,H3,2025,1,2.2
8844452945fffff,H3,2025,2,1.9
8844452945fffff,H3,2025,3,1.7
8844452945fffff,H3,2025,4,1.5
8844452945fffff,H3,2025,5,1.4
8844452945fffff,H3,2025,6,1.2
8844452945fffff,H3,2025,7,1.0
8844452945fffff,H3,2025,8,0.9
8844452945fffff,H3,2025,9,0.9
8844452945fffff,H3,2025,10,1.0
8844452945fffff,H3,2025,11,1.1
8844452945fffff,H3,2025,12,1.2
8844452945fffff,H3,2025,13,1.5
8844452945fffff,H3,2025,14,1.6
8844452945fffff,H3,2025,15,1.8
8844452945fffff,H3,2025,16,2.3
8844452945fffff,H3,2025,17,3.0
8844452945fffff,H3,2025,18,3.4
8844452945fffff,H3,2025,19,3.6
8844452945fffff,H3,2025,20,3.8
8844452945fffff,H3,2025,21,3.6
8844452945fffff,H3,2025,22,3.4
8844452945fffff,H3,2025,23,3.0
884445b233fffff,H3,2025,0,2.8
884445b233fffff,H3,2025,1,2.5
884445b233fffff,H3,2025,2,2.2
884445b233fffff,H3,2025,3,1.9
884445b233fffff,H3,2025,4,1.8
884445b233fffff,H3,2025,5,1.6
884445b233fffff,H3,2025,6,1.5
884445b233fffff,H3,2025,7,1.1
884445b233fffff,H3,2025,8,0.9
884445b233fffff,H3,2025,9,0.9
884445b233fffff,H3,2025,10,1.0
884445b233fffff,H3,2025,11,1.1
884445b233fffff,H3,2025,12,1.4
884445b233fffff,H3,2025,13,1.5
884445b233fffff,H3,2025,14,1.6
884445b233fffff,H3,2025,15,1.9
884445b233fffff,H3,2025,16,2.4
884445b233fffff,H3,2025,17,3.2
884445b233fffff,H3,2025,18,3.8
884445b233fffff,H3,2025,19,4.0
884445b233fffff,H3,2025,20,4.2
884445b233fffff,H3,2025,21,4.1
884445b233fffff,H3,2025,22,3.8
884445b233fffff,H3,2025,23,3.4
88444618a1fffff,H3,2025,0,1.6
88444618a1fffff,H3,2025,1,1.4
88444618a1fffff,H3,2025,2,1.2
88444618a1fffff,H3,2025,3,1.1
88444618a1fffff,H3,2025,4,1.0
88444618a1fffff,H3,2025,5,0.9
88444618a1fffff,H3,2025,6,0.8
88444618a1fffff,H3,2025,7,0.7
88444618a1fffff,H3,2025,8,0.6
88444618a1fffff,H3,2025,9,0.6
88444618a1fffff,H3,2025,10,0.6
88444618a1fffff,H3,2025,11,0.7
88444618a1fffff,H3,2025,12,0.8
88444618a1fffff,H3,2025,13,0.8
88444618a1fffff,H3,2025,14,0.9
88444618a1fffff,H3,2025,15,1.1
88444618a1fffff,H3,2025,16,1.4
88444618a1fffff,H3,2025,17,1.8
88444618a1fffff,H3,2025,18,2.0
88444618a1fffff,H3,2025,19,2.3
88444618a1fffff,H3,2025,20,2.4
88444618a1fffff,H3,2025,21,2.3
88444618a1fffff,H3,2025,22,2.2
88444618a1fffff,H3,2025,23,1.9
88444619a9fffff,H3,2025,0,1.5
88444619a9fffff,H3,2025,1,1.2
88444619a9fffff,H3,2025,2,1.1
88444619a9fffff,H3,2025,3,1.0
88444619a9fffff,H3,2025,4,0.9
88444619a9fffff,H3,2025,5,0.8
88444619a9fffff,H3,2025,6,0.7
88444619a9fffff,H3,2025,7,0.6
88444619a9fffff,H3,2025,8,0.5
88444619a9fffff,H3,2025,9,0.5
88444619a9fffff,H3,2025,10,0.5
88444619a9fffff,H3,2025,11,0.6
88444619a9fffff,H3,2025,12,0.7
88444619a9fffff,H3,2025,13,0.8
88444619a9fffff,H3,2025,14,0.8
88444619a9fffff,H3,2025,15,1.0
88444619a9fffff,H3,2025,16,1.2
88444619a9fffff,H3,2025,17,1.6
88444619a9fffff,H3,2025,18,1.8
88444619a9fffff,H3,2025,19,2.0
88444619a9fffff,H3,2025,20,2.2
88444619a9fffff,H3,2025,21,2.0
88444619a9fffff,H3,2025,22,1.9
88444619a9fffff,H3,2025,23,1.7
884446421dfffff,H3,2025,0,1.4
884446421dfffff,H3,2025,1,1.1
884446421dfffff,H3,2025,2,1.0
884446421dfffff,H3,2025,3,0.9
884446421dfffff,H3,2025,4,0.8
884446421dfffff,H3,2025,5,0.8
884446421dfffff,H3,2025,6,0.7
884446421dfffff,H3,2025,7,0.6
884446421dfffff,H3,2025,8,0.5
884446421dfffff,H3,2025,9,0.5
884446421dfffff,H3,2025,10,0.5
884446421dfffff,H3,2025,11,0.6
884446421dfffff,H3,2025,12,0.7
884446421dfffff,H3,2025,13,0.7
884446421dfffff,H3,2025,14,0.8
884446421dfffff,H3,2025,15,0.9
884446421dfffff,H3,2025,16,1.1
884446421dfffff,H3,2025,17,1.5
884446421dfffff,H3,2025,18,1.7
884446421dfffff,H3,2025,19,1.9
884446421dfffff,H3,2025,20,1.9
884446421dfffff,H3,2025,21,1.9
884446421dfffff,H3,2025,22,1.8
884446421dfffff,H3,2025,23,1.6
8844464255fffff,H3,2025,0,17.5
8844464255fffff,H3,2025,1,15.3
8844464255fffff,H3,2025,2,13.4
8844464255fffff,H3,2025,3,12.0
8844464255fffff,H3,2025,4,10.9
8844464255fffff,H3,2025,5,9.9
8844464255fffff,H3,2025,6,8.8
8844464255fffff,H3,2025,7,7.0
8844464255fffff,H3,2025,8,5.9
8844464255fffff,H3,2025,9,5.7
8844464255fffff,H3,2025,10,6.1
8844464255fffff,H3,2025,11,6.9
8844464255fffff,H3,2025,12,8.1
8844464255fffff,H3,2025,13,9.0
8844464255fffff,H3,2025,14,10.0
8844464255fffff,H3,2025,15,11.8
8844464255fffff,H3,2025,16,14.7
8844464255fffff,H3,2025,17,19.3
8844464255fffff,H3,2025,18,22.6
8844464255fffff,H3,2025,19,24.3
8844464255fffff,H3,2025,20,25.5
8844464255fffff,H3,2025,21,24.9
8844464255fffff,H3,2025,22,23.2
8844464255fffff,H3,2025,23,20.7
8844464257fffff,H3,2025,0,8.3
8844464257fffff,H3,2025,1,7.3
8844464257fffff,H3,2025,2,6.4
8844464257fffff,H3,2025,3,5.7
8844464257fffff,H3,2025,4,5.1
8844464257fffff,H3,2025,5,4.7
8844464257fffff,H3,2025,6,4.2
8844464257fffff,H3,2025,7,3.4
8844464257fffff,H3,2025,8,3.0
8844464257fffff,H3,2025,9,2.8
8844464257fffff,H3,2025,10,3.1
8844464257fffff,H3,2025,11,3.5
8844464257fffff,H3,2025,12,4.1
8844464257fffff,H3,2025,13,4.5
8844464257fffff,H3,2025,14,5.1
8844464257fffff,H3,2025,15,5.9
8844464257fffff,H3,2025,16,7.4
8844464257fffff,H3,2025,17,9.5
8844464257fffff,H3,2025,18,11.1
8844464257fffff,H3,2025,19,11.9
8844464257fffff,H3,2025,20,12.4
8844464257fffff,H3,2025,21,12.0
8844464257fffff,H3,2025,22,11.1
8844464257fffff,H3,2025,23,9.9
8844464ac7fffff,H3,2025,0,2.4
8844464ac7fffff,H3,2025,1,2.0
8844464ac7fffff,H3,2025,2,1.8
8844464ac7fffff,H3,2025,3,1.6
8844464ac7fffff,H3,2025,4,1.5
8844464ac7fffff,H3,2025,5,1.4
8844464ac7fffff,H3,2025,6,1.2
8844464ac7fffff,H3,2025,7,0.9
8844464ac7fffff,H3,2025,8,0.8
8844464ac7fffff,H3,2025,9,0.8
8844464ac7fffff,H3,2025,10,0.8
8844464ac7fffff,H3,2025,11,0.9
8844464ac7fffff,H3,2025,12,1.1
8844464ac7fffff,H3,2025,13,1.2
8844464ac7fffff,H3,2025,14,1.4
8844464ac7fffff,H3,2025,15,1.6
8844464ac7fffff,H3,2025,16,2.0
8844464ac7fffff,H3,2025,17,2.6
8844464ac7fffff,H3,2025,18,3.1
8844464ac7fffff,H3,2025,19,3.3
8844464ac7fffff,H3,2025,20,3.4
8844464ac7fffff,H3,2025,21,3.4
8844464ac7fffff,H3,2025,22,3.2
8844464ac7fffff,H3,2025,23,2.8
8844465527fffff,H3,2025,0,3.4
8844465527fffff,H3,2025,1,3.0
8844465527fffff,H3,2025,2,2.5
8844465527fffff,H3,2025,3,2.3
8844465527fffff,H3,2025,4,2.0
8844465527fffff,H3,2025,5,1.8
8844465527fffff,H3,2025,6,1.7
8844465527fffff,H3,2025,7,1.5
8844465527fffff,H3,2025,8,1.2
8844465527fffff,H3,2025,9,1.2
8844465527fffff,H3,2025,10,1.4
8844465527fffff,H3,2025,11,1.6
8844465527fffff,H3,2025,12,1.8
8844465527fffff,H3,2025,13,2.0
8844465527fffff,H3,2025,14,2.2
8844465527fffff,H3,2025,15,2.5
8844465527fffff,H3,2025,16,3.2
8844465527fffff,H3,2025,17,4.1
8844465527fffff,H3,2025,18,4.7
8844465527fffff,H3,2025,19,5.0
8844465527fffff,H3,2025,20,5.1
8844465527fffff,H3,2025,21,5.0
8844465527fffff,H3,2025,22,4.5
8844465527fffff,H3,2025,23,4.0
8844468357fffff,H3,2025,0,1.2
8844468357fffff,H3,2025,1,1.1
8844468357fffff,H3,2025,2,0.9
8844468357fffff,H3,2025,3,0.9
8844468357fffff,H3,2025,4,0.8
8844468357fffff,H3,2025,5,0.7
8844468357fffff,H3,2025,6,0.7
8844468357fffff,H3,2025,7,0.5
8844468357fffff,H3,2025,8,0.5
8844468357fffff,H3,2025,9,0.5
8844468357fffff,H3,2025,10,0.5
8844468357fffff,H3,2025,11,0.5
8844468357fffff,H3,2025,12,0.6
8844468357fffff,H3,2025,13,0.7
8844468357fffff,H3,2025,14,0.7
8844468357fffff,H3,2025,15,0.9
8844468357fffff,H3,2025,16,1.0
8844468357fffff,H3,2025,17,1.4
8844468357fffff,H3,2025,18,1.6
8844468357fffff,H3,2025,19,1.7
8844468357fffff,H3,2025,20,1.8
8844468357fffff,H3,2025,21,1.8
8844468357fffff,H3,2025,22,1.7
8844468357fffff,H3,2025,23,1.5
88444966d5fffff,H3,2025,0,3.1
88444966d5fffff,H3,2025,1,2.7
88444966d5fffff,H3,2025,2,2.3
88444966d5fffff,H3,2025,3,2.2
88444966d5fffff,H3,2025,4,1.9
88444966d5fffff,H3,2025,5,1.7
88444966d5fffff,H3,2025,6,1.6
88444966d5fffff,H3,2025,7,1.2
88444966d5fffff,H3,2025,8,1.0
88444966d5fffff,H3,2025,9,1.0
88444966d5fffff,H3,2025,10,1.1
88444966d5fffff,H3,2025,11,1.2
88444966d5fffff,H3,2025,12,1.5
88444966d5fffff,H3,2025,13,1.6
88444966d5fffff,H3,2025,14,1.8
88444966d5fffff,H3,2025,15,2.2
88444966d5fffff,H3,2025,16,2.6
88444966d5fffff,H3,2025,17,3.5
88444966d5fffff,H3,2025,18,4.1
88444966d5fffff,H3,2025,19,4.3
88444966d5fffff,H3,2025,20,4.5
88444966d5fffff,H3,2025,21,4.4
88444966d5fffff,H3,2025,22,4.1
88444966d5fffff,H3,2025,23,3.6
88444b00ddfffff,H3,2025,0,2.2
88444b00ddfffff,H3,2025,1,1.8
88444b00ddfffff,H3,2025,2,1.6
88444b00ddfffff,H3,2025,3,1.5
88444b00ddfffff,H3,2025,4,1.4
88444b00ddfffff,H3,2025,5,1.2
88444b00ddfffff,H3,2025,6,1.0
88444b00ddfffff,H3,2025,7,0.9
88444b00ddfffff,H3,2025,8,0.7
88444b00ddfffff,H3,2025,9,0.7
88444b00ddfffff,H3,2025,10,0.8
88444b00ddfffff,H3,2025,11,0.9
88444b00ddfffff,H3,2025,12,1.0
88444b00ddfffff,H3,2025,13,1.1
88444b00ddfffff,H3,2025,14,1.2
88444b00ddfffff,H3,2025,15,1.5
88444b00ddfffff,H3,2025,16,1.8
88444b00ddfffff,H3,2025,17,2.4
88444b00ddfffff,H3,2025,18,2.7
88444b00ddfffff,H3,2025,19,3.0
88444b00ddfffff,H3,2025,20,3.1
88444b00ddfffff,H3,2025,21,3.1
88444b00ddfffff,H3,2025,22,2.8
88444b00ddfffff,H3,2025,23,2.5
88444b3337fffff,H3,2025,0,1.6
88444b3337fffff,H3,2025,1,1.4
88444b3337fffff,H3,2025,2,1.2
88444b3337fffff,H3,2025,3,1.1
88444b3337fffff,H3,2025,4,1.0
88444b3337fffff,H3,2025,5,0.9
88444b3337fffff,H3,2025,6,0.8
88444b3337fffff,H3,2025,7,0.7
88444b3337fffff,H3,2025,8,0.6
88444b3337fffff,H3,2025,9,0.6
88444b3337fffff,H3,2025,10,0.6
88444b3337fffff,H3,2025,11,0.7
88444b3337fffff,H3,2025,12,0.8
88444b3337fffff,H3,2025,13,0.8
88444b3337fffff,H3,2025,14,0.9
88444b3337fffff,H3,2025,15,1.1
88444b3337fffff,H3,2025,16,1.4
88444b3337fffff,H3,2025,17,1.8
88444b3337fffff,H3,2025,18,2.2
88444b3337fffff,H3,2025,19,2.3
88444b3337fffff,H3,2025,20,2.4
88444b3337fffff,H3,2025,21,2.3
88444b3337fffff,H3,2025,22,2.2
88444b3337fffff,H3,2025,23,1.9
88444ba711fffff,H3,2025,0,1.5
88444ba711fffff,H3,2025,1,1.2
88444ba711fffff,H3,2025,2,1.1
88444ba711fffff,H3,2025,3,1.0
88444ba711fffff,H3,2025,4,0.9
88444ba711fffff,H3,2025,5,0.8
88444ba711fffff,H3,2025,6,0.7
88444ba711fffff,H3,2025,7,0.6
88444ba711fffff,H3,2025,8,0.5
88444ba711fffff,H3,2025,9,0.5
88444ba711fffff,H3,2025,10,0.6
88444ba711fffff,H3,2025,11,0.6
88444ba711fffff,H3,2025,12,0.7
88444ba711fffff,H3,2025,13,0.8
88444ba711fffff,H3,2025,14,0.9
88444ba711fffff,H3,2025,15,1.0
88444ba711fffff,H3,2025,16,1.2
88444ba711fffff,H3,2025,17,1.6
88444ba711fffff,H3,2025,18,1.9
88444ba711fffff,H3,2025,19,2.0
88444ba711fffff,H3,2025,20,2.2
88444ba711fffff,H3,2025,21,2.0
88444ba711fffff,H3,2025,22,1.9
88444ba711fffff,H3,2025,23,1.7
88444c30e9fffff,H3,2025,0,4.0
88444c30e9fffff,H3,2025,1,3.4
88444c30e9fffff,H3,2025,2,3.0
88444c30e9fffff,H3,2025,3,2.7
88444c30e9fffff,H3,2025,4,2.4
88444c30e9fffff,H3,2025,5,2.2
88444c30e9fffff,H3,2025,6,1.9
88444c30e9fffff,H3,2025,7,1.6
88444c30e9fffff,H3,2025,8,1.4
88444c30e9fffff,H3,2025,9,1.2
88444c30e9fffff,H3,2025,10,1.4
88444c30e9fffff,H3,2025,11,1.6
88444c30e9fffff,H3,2025,12,1.8
88444c30e9fffff,H3,2025,13,2.0
88444c30e9fffff,H3,2025,14,2.3
88444c30e9fffff,H3,2025,15,2.7
88444c30e9fffff,H3,2025,16,3.4
88444c30e9fffff,H3,2025,17,4.4
88444c30e9fffff,H3,2025,18,5.2
88444c30e9fffff,H3,2025,19,5.8
88444c30e9fffff,H3,2025,20,6.0
88444c30e9fffff,H3,2025,21,5.8
88444c30e9fffff,H3,2025,22,5.3
88444c30e9fffff,H3,2025,23,4.8
88444c3111fffff,H3,2025,0,4.9
88444c3111fffff,H3,2025,1,4.3
88444c3111fffff,H3,2025,2,3.8
88444c3111fffff,H3,2025,3,3.3
88444c3111fffff,H3,2025,4,3.0
88444c3111fffff,H3,2025,5,2.7
88444c3111fffff,H3,2025,6,2.5
88444c3111fffff,H3,2025,7,2.0
88444c3111fffff,H3,2025,8,1.8
88444c3111fffff,H3,2025,9,1.8
88444c3111fffff,H3,2025,10,1.9
88444c3111fffff,H3,2025,11,2.2
88444c3111fffff,H3,2025,12,2.5
88444c3111fffff,H3,2025,13,2.8
88444c3111fffff,H3,2025,14,3.1
88444c3111fffff,H3,2025,15,3.6
88444c3111fffff,H3,2025,16,4.5
88444c3111fffff,H3,2025,17,5.9
88444c3111fffff,H3,2025,18,6.8
88444c3111fffff,H3,2025,19,7.3
88444c3111fffff,H3,2025,20,7.5
88444c3111fffff,H3,2025,21,7.3
88444c3111fffff,H3,2025,22,6.7
88444c3111fffff,H3,2025,23,5.9
88444d6809fffff,H3,2025,0,7.6
88444d6809fffff,H3,2025,1,6.7
88444d6809fffff,H3,2025,2,5.8
88444d6809fffff,H3,2025,3,5.2
88444d6809fffff,H3,2025,4,4.7
88444d6809fffff,H3,2025,5,4.3
88444d6809fffff,H3,2025,6,3.9
88444d6809fffff,H3,2025,7,3.2
88444d6809fffff,H3,2025,8,2.7
88444d6809fffff,H3,2025,9,2.5
88444d6809fffff,H3,2025,10,2.7
88444d6809fffff,H3,2025,11,3.2
88444d6809fffff,H3,2025,12,3.6
88444d6809fffff,H3,2025,13,4.1
88444d6809fffff,H3,2025,14,4.5
88444d6809fffff,H3,2025,15,5.5
88444d6809fffff,H3,2025,16,6.7
88444d6809fffff,H3,2025,17,8.8
88444d6809fffff,H3,2025,18,10.2
88444d6809fffff,H3,2025,19,10.9
88444d6809fffff,H3,2025,20,11.2
88444d6809fffff,H3,2025,21,11.0
88444d6809fffff,H3,2025,22,10.2
88444d6809fffff,H3,2025,23,9.0
88444e6e37fffff,H3,2025,0,1.4
88444e6e37fffff,H3,2025,1,1.2
88444e6e37fffff,H3,2025,2,1.0
88444e6e37fffff,H3,2025,3,0.9
88444e6e37fffff,H3,2025,4,0.9
88444e6e37fffff,H3,2025,5,0.8
88444e6e37fffff,H3,2025,6,0.7
88444e6e37fffff,H3,2025,7,0.6
88444e6e37fffff,H3,2025,8,0.5
88444e6e37fffff,H3,2025,9,0.5
88444e6e37fffff,H3,2025,10,0.5
88444e6e37fffff,H3,2025,11,0.6
88444e6e37fffff,H3,2025,12,0.7
88444e6e37fffff,H3,2025,13,0.7
88444e6e37fffff,H3,2025,14,0.8
88444e6e37fffff,H3,2025,15,0.9
88444e6e37fffff,H3,2025,16,1.1
88444e6e37fffff,H3,2025,17,1.5
88444e6e37fffff,H3,2025,18,1.8
88444e6e37fffff,H3,2025,19,1.9
88444e6e37fffff,H3,2025,20,2.0
88444e6e37fffff,H3,2025,21,1.9
88444e6e37fffff,H3,2025,22,1.8
88444e6e37fffff,H3,2025,23,1.6
8844500123fffff,H3,2025,0,4.0
8844500123fffff,H3,2025,1,3.5
8844500123fffff,H3,2025,2,3.1
8844500123fffff,H3,2025,3,2.7
8844500123fffff,H3,2025,4,2.5
8844500123fffff,H3,2025,5,2.3
8844500123fffff,H3,2025,6,2.0
8844500123fffff,H3,2025,7,1.6
8844500123fffff,H3,2025,8,1.4
8844500123fffff,H3,2025,9,1.2
8844500123fffff,H3,2025,10,1.4
8844500123fffff,H3,2025,11,1.6
8844500123fffff,H3,2025,12,1.8
8844500123fffff,H3,2025,13,2.0
8844500123fffff,H3,2025,14,2.3
8844500123fffff,H3,2025,15,2.7
8844500123fffff,H3,2025,16,3.4
8844500123fffff,H3,2025,17,4.4
8844500123fffff,H3,2025,18,5.2
8844500123fffff,H3,2025,19,5.6
8844500123fffff,H3,2025,20,5.8
8844500123fffff,H3,2025,21,5.7
8844500123fffff,H3,2025,22,5.3
8844500123fffff,H3,2025,23,4.8
88445002a7fffff,H3,2025,0,1.8
88445002a7fffff,H3,2025,0,0.0
88445002a7fffff,H3,2025,1,1.6
88445002a7fffff,H3,2025,1,0.0
88445002a7fffff,H3,2025,2,1.4
88445002a7fffff,H3,2025,2,0.0
88445002a7fffff,H3,2025,3,1.2
88445002a7fffff,H3,2025,3,0.0
88445002a7fffff,H3,2025,4,1.1
88445002a7fffff,H3,2025,4,0.0
88445002a7fffff,H3,2025,5,1.0
88445002a7fffff,H3,2025,5,0.0
88445002a7fffff,H3,2025,6,0.9
88445002a7fffff,H3,2025,6,0.0
88445002a7fffff,H3,2025,7,0.7
88445002a7fffff,H3,2025,7,0.0
88445002a7fffff,H3,2025,8,0.6
88445002a7fffff,H3,2025,8,0.0
88445002a7fffff,H3,2025,9,0.6
88445002a7fffff,H3,2025,9,0.0
88445002a7fffff,H3,2025,10,0.7
88445002a7fffff,H3,2025,10,0.0
88445002a7fffff,H3,2025,11,0.7
88445002a7fffff,H3,2025,11,0.0
88445002a7fffff,H3,2025,12,0.8
88445002a7fffff,H3,2025,12,0.0
88445002a7fffff,H3,2025,13,0.9
88445002a7fffff,H3,2025,13,0.0
88445002a7fffff,H3,2025,14,1.0
88445002a7fffff,H3,2025,14,0.0
88445002a7fffff,H3,2025,15,1.2
88445002a7fffff,H3,2025,15,0.0
88445002a7fffff,H3,2025,16,1.5
88445002a7fffff,H3,2025,16,0.0
88445002a7fffff,H3,2025,17,2.0
88445002a7fffff,H3,2025,17,0.0
88445002a7fffff,H3,2025,18,2.4
88445002a7fffff,H3,2025,18,0.0
88445002a7fffff,H3,2025,19,2.5
88445002a7fffff,H3,2025,19,0.0
88445002a7fffff,H3,2025,20,2.6
88445002a7fffff,H3,2025,20,0.0
88445002a7fffff,H3,2025,21,2.6
88445002a7fffff,H3,2025,21,0.0
88445002a7fffff,H3,2025,22,2.4
88445002a7fffff,H3,2025,22,0.0
88445002a7fffff,H3,2025,23,2.2
88445002a7fffff,H3,2025,23,0.0
88445010a7fffff,H3,2025,0,2.2
88445010a7fffff,H3,2025,1,1.8
88445010a7fffff,H3,2025,2,1.6
88445010a7fffff,H3,2025,3,1.5
88445010a7fffff,H3,2025,4,1.2
88445010a7fffff,H3,2025,5,1.1
88445010a7fffff,H3,2025,6,1.0
88445010a7fffff,H3,2025,7,0.8
88445010a7fffff,H3,2025,8,0.7
88445010a7fffff,H3,2025,9,0.7
88445010a7fffff,H3,2025,10,0.7
88445010a7fffff,H3,2025,11,0.8
88445010a7fffff,H3,2025,12,0.9
88445010a7fffff,H3,2025,13,1.0
88445010a7fffff,H3,2025,14,1.2
88445010a7fffff,H3,2025,15,1.4
88445010a7fffff,H3,2025,16,1.8
88445010a7fffff,H3,2025,17,2.3
88445010a7fffff,H3,2025,18,2.7
88445010a7fffff,H3,2025,19,3.0
88445010a7fffff,H3,2025,20,3.1
88445010a7fffff,H3,2025,21,3.0
88445010a7fffff,H3,2025,22,2.7
88445010a7fffff,H3,2025,23,2.5
8844513989fffff,H3,2025,0,1.4
8844513989fffff,H3,2025,1,1.1
8844513989fffff,H3,2025,2,1.0
8844513989fffff,H3,2025,3,0.9
8844513989fffff,H3,2025,4,0.8
8844513989fffff,H3,2025,5,0.8
8844513989fffff,H3,2025,6,0.7
8844513989fffff,H3,2025,7,0.6
8844513989fffff,H3,2025,8,0.5
8844513989fffff,H3,2025,9,0.5
8844513989fffff,H3,2025,10,0.5
8844513989fffff,H3,2025,11,0.6
8844513989fffff,H3,2025,12,0.6
8844513989fffff,H3,2025,13,0.7
8844513989fffff,H3,2025,14,0.8
8844513989fffff,H3,2025,15,0.9
8844513989fffff,H3,2025,16,1.1
8844513989fffff,H3,2025,17,1.5
8844513989fffff,H3,2025,18,1.7
8844513989fffff,H3,2025,19,1.8
8844513989fffff,H3,2025,20,1.9
8844513989fffff,H3,2025,21,1.9
8844513989fffff,H3,2025,22,1.8
8844513989fffff,H3,2025,23,1.6
8844518f25fffff,H3,2025,0,6.5
8844518f25fffff,H3,2025,1,5.7
8844518f25fffff,H3,2025,2,4.9
8844518f25fffff,H3,2025,3,4.4
8844518f25fffff,H3,2025,4,4.0
8844518f25fffff,H3,2025,5,3.6
8844518f25fffff,H3,2025,6,3.3
8844518f25fffff,H3,2025,7,2.7
8844518f25fffff,H3,2025,8,2.3
8844518f25fffff,H3,2025,9,2.2
8844518f25fffff,H3,2025,10,2.4
8844518f25fffff,H3,2025,11,2.7
8844518f25fffff,H3,2025,12,3.2
8844518f25fffff,H3,2025,13,3.5
8844518f25fffff,H3,2025,14,3.9
8844518f25fffff,H3,2025,15,4.5
8844518f25fffff,H3,2025,16,5.7
8844518f25fffff,H3,2025,17,7.5
8844518f25fffff,H3,2025,18,8.8
8844518f25fffff,H3,2025,19,9.3
8844518f25fffff,H3,2025,20,9.7
8844518f25fffff,H3,2025,21,9.4
8844518f25fffff,H3,2025,22,8.8
8844518f25fffff,H3,2025,23,7.7
884451b909fffff,H3,2025,0,1.2
884451b909fffff,H3,2025,1,1.1
884451b909fffff,H3,2025,2,0.9
884451b909fffff,H3,2025,3,0.9
884451b909fffff,H3,2025,4,0.8
884451b909fffff,H3,2025,5,0.7
884451b909fffff,H3,2025,6,0.7
884451b909fffff,H3,2025,7,0.5
884451b909fffff,H3,2025,8,0.5
884451b909fffff,H3,2025,9,0.3
884451b909fffff,H3,2025,10,0.5
884451b909fffff,H3,2025,11,0.5
884451b909fffff,H3,2025,12,0.6
884451b909fffff,H3,2025,13,0.7
884451b909fffff,H3,2025,14,0.7
884451b909fffff,H3,2025,15,0.8
884451b909fffff,H3,2025,16,1.0
884451b909fffff,H3,2025,17,1.4
884451b909fffff,H3,2025,18,1.6
884451b909fffff,H3,2025,19,1.7
884451b909fffff,H3,2025,20,1.8
884451b909fffff,H3,2025,21,1.8
884451b909fffff,H3,2025,22,1.6
884451b909fffff,H3,2025,23,1.5
8844528a63fffff,H3,2025,0,6.5
8844528a63fffff,H3,2025,1,5.7
8844528a63fffff,H3,2025,2,4.9
8844528a63fffff,H3,2025,3,4.4
8844528a63fffff,H3,2025,4,4.0
8844528a63fffff,H3,2025,5,3.6
8844528a63fffff,H3,2025,6,3.3
8844528a63fffff,H3,2025,7,2.6
8844528a63fffff,H3,2025,8,2.2
8844528a63fffff,H3,2025,9,2.2
8844528a63fffff,H3,2025,10,2.3
8844528a63fffff,H3,2025,11,2.6
8844528a63fffff,H3,2025,12,3.1
8844528a63fffff,H3,2025,13,3.4
8844528a63fffff,H3,2025,14,3.8
8844528a63fffff,H3,2025,15,4.4
8844528a63fffff,H3,2025,16,5.5
8844528a63fffff,H3,2025,17,7.2
8844528a63fffff,H3,2025,18,8.4
8844528a63fffff,H3,2025,19,9.1
8844528a63fffff,H3,2025,20,9.4
8844528a63fffff,H3,2025,21,9.2
8844528a63fffff,H3,2025,22,8.5
8844528a63fffff,H3,2025,23,7.6
884452936bfffff,H3,2025,0,1.7
884452936bfffff,H3,2025,1,1.5
884452936bfffff,H3,2025,2,1.2
884452936bfffff,H3,2025,3,1.1
884452936bfffff,H3,2025,4,1.0
884452936bfffff,H3,2025,5,0.9
884452936bfffff,H3,2025,6,0.8
884452936bfffff,H3,2025,7,0.7
884452936bfffff,H3,2025,8,0.6
884452936bfffff,H3,2025,9,0.6
884452936bfffff,H3,2025,10,0.6
884452936bfffff,H3,2025,11,0.7
884452936bfffff,H3,2025,12,0.8
884452936bfffff,H3,2025,13,0.9
884452936bfffff,H3,2025,14,0.9
884452936bfffff,H3,2025,15,1.1
884452936bfffff,H3,2025,16,1.4
884452936bfffff,H3,2025,17,1.8
884452936bfffff,H3,2025,18,2.2
884452936bfffff,H3,2025,19,2.3
884452936bfffff,H3,2025,20,2.4
884452936bfffff,H3,2025,21,2.4
884452936bfffff,H3,2025,22,2.2
884452936bfffff,H3,2025,23,1.9
884455091dfffff,H3,2025,0,8.8
884455091dfffff,H3,2025,1,7.6
884455091dfffff,H3,2025,2,6.6
884455091dfffff,H3,2025,3,5.9
884455091dfffff,H3,2025,4,5.3
884455091dfffff,H3,2025,5,4.9
884455091dfffff,H3,2025,6,4.4
884455091dfffff,H3,2025,7,3.8
884455091dfffff,H3,2025,8,3.3
884455091dfffff,H3,2025,9,3.2
884455091dfffff,H3,2025,10,3.4
884455091dfffff,H3,2025,11,3.9
884455091dfffff,H3,2025,12,4.5
884455091dfffff,H3,2025,13,5.1
884455091dfffff,H3,2025,14,5.6
884455091dfffff,H3,2025,15,6.6
884455091dfffff,H3,2025,16,8.1
884455091dfffff,H3,2025,17,10.5
884455091dfffff,H3,2025,18,12.2
884455091dfffff,H3,2025,19,13.0
884455091dfffff,H3,2025,20,13.3
884455091dfffff,H3,2025,21,12.8
884455091dfffff,H3,2025,22,11.8
884455091dfffff,H3,2025,23,10.5
8844550941fffff,H3,2025,0,3.0
8844550941fffff,H3,2025,1,2.6
8844550941fffff,H3,2025,2,2.2
8844550941fffff,H3,2025,3,1.9
8844550941fffff,H3,2025,4,1.8
8844550941fffff,H3,2025,5,1.6
8844550941fffff,H3,2025,6,1.6
8844550941fffff,H3,2025,7,1.2
8844550941fffff,H3,2025,8,1.1
8844550941fffff,H3,2025,9,1.1
8844550941fffff,H3,2025,10,1.2
8844550941fffff,H3,2025,11,1.4
8844550941fffff,H3,2025,12,1.6
8844550941fffff,H3,2025,13,1.8
8844550941fffff,H3,2025,14,2.0
8844550941fffff,H3,2025,15,2.4
8844550941fffff,H3,2025,16,3.0
8844550941fffff,H3,2025,17,3.8
8844550941fffff,H3,2025,18,4.3
8844550941fffff,H3,2025,19,4.5
8844550941fffff,H3,2025,20,4.7
8844550941fffff,H3,2025,21,4.4
8844550941fffff,H3,2025,22,4.1
8844550941fffff,H3,2025,23,3.5
8844550991fffff,H3,2025,0,2.7
8844550991fffff,H3,2025,1,2.4
8844550991fffff,H3,2025,2,2.2
8844550991fffff,H3,2025,3,1.9
8844550991fffff,H3,2025,4,1.7
8844550991fffff,H3,2025,5,1.6
8844550991fffff,H3,2025,6,1.4
8844550991fffff,H3,2025,7,1.1
8844550991fffff,H3,2025,8,0.9
8844550991fffff,H3,2025,9,0.9
8844550991fffff,H3,2025,10,0.9
8844550991fffff,H3,2025,11,1.1
8844550991fffff,H3,2025,12,1.2
8844550991fffff,H3,2025,13,1.4
8844550991fffff,H3,2025,14,1.6
8844550991fffff,H3,2025,15,1.8
8844550991fffff,H3,2025,16,2.3
8844550991fffff,H3,2025,17,3.1
8844550991fffff,H3,2025,18,3.5
8844550991fffff,H3,2025,19,3.9
8844550991fffff,H3,2025,20,4.0
8844550991fffff,H3,2025,21,4.0
8844550991fffff,H3,2025,22,3.6
8844550991fffff,H3,2025,23,3.3
8844554083fffff,H3,2025,0,5.0
8844554083fffff,H3,2025,1,4.4
8844554083fffff,H3,2025,2,3.9
8844554083fffff,H3,2025,3,3.4
8844554083fffff,H3,2025,4,3.1
8844554083fffff,H3,2025,5,2.8
8844554083fffff,H3,2025,6,2.5
8844554083fffff,H3,2025,7,2.0
8844554083fffff,H3,2025,8,1.7
8844554083fffff,H3,2025,9,1.7
8844554083fffff,H3,2025,10,1.8
8844554083fffff,H3,2025,11,2.0
8844554083fffff,H3,2025,12,2.4
8844554083fffff,H3,2025,13,2.7
8844554083fffff,H3,2025,14,3.0
8844554083fffff,H3,2025,15,3.5
8844554083fffff,H3,2025,16,4.3
8844554083fffff,H3,2025,17,5.7
8844554083fffff,H3,2025,18,6.6
8844554083fffff,H3,2025,19,7.2
8844554083fffff,H3,2025,20,7.4
8844554083fffff,H3,2025,21,7.3
8844554083fffff,H3,2025,22,6.7
8844554083fffff,H3,2025,23,5.9
884455408bfffff,H3,2025,0,1.2
884455408bfffff,H3,2025,1,1.0
884455408bfffff,H3,2025,2,0.9
884455408bfffff,H3,2025,3,0.8
884455408bfffff,H3,2025,4,0.8
884455408bfffff,H3,2025,5,0.7
884455408bfffff,H3,2025,6,0.6
884455408bfffff,H3,2025,7,0.5
884455408bfffff,H3,2025,8,0.5
884455408bfffff,H3,2025,9,0.3
884455408bfffff,H3,2025,10,0.5
884455408bfffff,H3,2025,11,0.5
884455408bfffff,H3,2025,12,0.6
884455408bfffff,H3,2025,13,0.7
884455408bfffff,H3,2025,14,0.7
884455408bfffff,H3,2025,15,0.8
884455408bfffff,H3,2025,16,1.0
884455408bfffff,H3,2025,17,1.4
884455408bfffff,H3,2025,18,1.6
884455408bfffff,H3,2025,19,1.7
884455408bfffff,H3,2025,20,1.8
884455408bfffff,H3,2025,21,1.7
884455408bfffff,H3,2025,22,1.6
884455408bfffff,H3,2025,23,1.5
8844554629fffff,H3,2025,0,3.4
8844554629fffff,H3,2025,1,3.0
8844554629fffff,H3,2025,2,2.6
8844554629fffff,H3,2025,3,2.4
8844554629fffff,H3,2025,4,2.2
8844554629fffff,H3,2025,5,1.9
8844554629fffff,H3,2025,6,1.7
8844554629fffff,H3,2025,7,1.4
8844554629fffff,H3,2025,8,1.1
8844554629fffff,H3,2025,9,1.1
8844554629fffff,H3,2025,10,1.2
8844554629fffff,H3,2025,11,1.4
8844554629fffff,H3,2025,12,1.6
8844554629fffff,H3,2025,13,1.8
8844554629fffff,H3,2025,14,2.0
8844554629fffff,H3,2025,15,2.4
8844554629fffff,H3,2025,16,3.0
8844554629fffff,H3,2025,17,3.9
8844554629fffff,H3,2025,18,4.5
8844554629fffff,H3,2025,19,4.9
8844554629fffff,H3,2025,20,5.0
8844554629fffff,H3,2025,21,4.9
8844554629fffff,H3,2025,22,4.5
8844554629fffff,H3,2025,23,4.1
8844554739fffff,H3,2025,0,1.7
8844554739fffff,H3,2025,1,1.5
8844554739fffff,H3,2025,2,1.4
8844554739fffff,H3,2025,3,1.1
8844554739fffff,H3,2025,4,1.0
8844554739fffff,H3,2025,5,1.0
8844554739fffff,H3,2025,6,0.9
8844554739fffff,H3,2025,7,0.7
8844554739fffff,H3,2025,8,0.6
8844554739fffff,H3,2025,9,0.6
8844554739fffff,H3,2025,10,0.6
8844554739fffff,H3,2025,11,0.7
8844554739fffff,H3,2025,12,0.8
8844554739fffff,H3,2025,13,0.9
8844554739fffff,H3,2025,14,1.0
8844554739fffff,H3,2025,15,1.1
8844554739fffff,H3,2025,16,1.5
8844554739fffff,H3,2025,17,1.9
8844554739fffff,H3,2025,18,2.3
8844554739fffff,H3,2025,19,2.4
8844554739fffff,H3,2025,20,2.5
8844554739fffff,H3,2025,21,2.5
8844554739fffff,H3,2025,22,2.3
8844554739fffff,H3,2025,23,2.0
8844556ed9fffff,H3,2025,0,1.7
8844556ed9fffff,H3,2025,1,1.5
8844556ed9fffff,H3,2025,2,1.2
8844556ed9fffff,H3,2025,3,1.1
8844556ed9fffff,H3,2025,4,1.0
8844556ed9fffff,H3,2025,5,0.9
8844556ed9fffff,H3,2025,6,0.9
8844556ed9fffff,H3,2025,7,0.7
8844556ed9fffff,H3,2025,8,0.6
8844556ed9fffff,H3,2025,9,0.6
8844556ed9fffff,H3,2025,10,0.6
8844556ed9fffff,H3,2025,11,0.7
8844556ed9fffff,H3,2025,12,0.8
8844556ed9fffff,H3,2025,13,0.9
8844556ed9fffff,H3,2025,14,1.0
8844556ed9fffff,H3,2025,15,1.1
8844556ed9fffff,H3,2025,16,1.5
8844556ed9fffff,H3,2025,17,1.9
8844556ed9fffff,H3,2025,18,2.3
8844556ed9fffff,H3,2025,19,2.4
8844556ed9fffff,H3,2025,20,2.5
8844556ed9fffff,H3,2025,21,2.4
8844556ed9fffff,H3,2025,22,2.3
8844556ed9fffff,H3,2025,23,2.0
8844562831fffff,H3,2025,0,13.1
8844562831fffff,H3,2025,1,11.4
8844562831fffff,H3,2025,2,9.9
8844562831fffff,H3,2025,3,8.9
8844562831fffff,H3,2025,4,8.0
8844562831fffff,H3,2025,5,7.3
8844562831fffff,H3,2025,6,6.6
8844562831fffff,H3,2025,7,5.5
8844562831fffff,H3,2025,8,4.7
8844562831fffff,H3,2025,9,4.5
8844562831fffff,H3,2025,10,4.9
8844562831fffff,H3,2025,11,5.6
8844562831fffff,H3,2025,12,6.5
8844562831fffff,H3,2025,13,7.3
8844562831fffff,H3,2025,14,8.1
8844562831fffff,H3,2025,15,9.5
8844562831fffff,H3,2025,16,11.9
8844562831fffff,H3,2025,17,15.5
8844562831fffff,H3,2025,18,18.0
8844562831fffff,H3,2025,19,19.3
8844562831fffff,H3,2025,20,19.9
8844562831fffff,H3,2025,21,19.2
8844562831fffff,H3,2025,22,17.7
8844562831fffff,H3,2025,23,15.6
88445628a3fffff,H3,2025,0,1.2
88445628a3fffff,H3,2025,1,1.1
88445628a3fffff,H3,2025,2,1.0
88445628a3fffff,H3,2025,3,0.9
88445628a3fffff,H3,2025,4,0.8
88445628a3fffff,H3,2025,5,0.7
88445628a3fffff,H3,2025,6,0.7
88445628a3fffff,H3,2025,7,0.6
88445628a3fffff,H3,2025,8,0.5
88445628a3fffff,H3,2025,9,0.5
88445628a3fffff,H3,2025,10,0.5
88445628a3fffff,H3,2025,11,0.6
88445628a3fffff,H3,2025,12,0.6
88445628a3fffff,H3,2025,13,0.7
88445628a3fffff,H3,2025,14,0.8
88445628a3fffff,H3,2025,15,0.9
88445628a3fffff,H3,2025,16,1.1
88445628a3fffff,H3,2025,17,1.5
88445628a3fffff,H3,2025,18,1.7
88445628a3fffff,H3,2025,19,1.8
88445628a3fffff,H3,2025,20,1.8
88445628a3fffff,H3,2025,21,1.8
88445628a3fffff,H3,2025,22,1.7
88445628a3fffff,H3,2025,23,1.5
8844562995fffff,H3,2025,0,2.6
8844562995fffff,H3,2025,1,2.3
8844562995fffff,H3,2025,2,2.0
8844562995fffff,H3,2025,3,1.8
8844562995fffff,H3,2025,4,1.6
8844562995fffff,H3,2025,5,1.5
8844562995fffff,H3,2025,6,1.2
8844562995fffff,H3,2025,7,1.0
8844562995fffff,H3,2025,8,0.9
8844562995fffff,H3,2025,9,0.9
8844562995fffff,H3,2025,10,0.9
8844562995fffff,H3,2025,11,1.0
8844562995fffff,H3,2025,12,1.2
8844562995fffff,H3,2025,13,1.4
8844562995fffff,H3,2025,14,1.5
8844562995fffff,H3,2025,15,1.8
8844562995fffff,H3,2025,16,2.2
8844562995fffff,H3,2025,17,2.8
8844562995fffff,H3,2025,18,3.4
8844562995fffff,H3,2025,19,3.6
8844562995fffff,H3,2025,20,3.9
8844562995fffff,H3,2025,21,3.8
8844562995fffff,H3,2025,22,3.4
8844562995fffff,H3,2025,23,3.1
8844562d31fffff,H3,2025,0,1.4
8844562d31fffff,H3,2025,1,1.1
8844562d31fffff,H3,2025,2,1.0
8844562d31fffff,H3,2025,3,0.9
8844562d31fffff,H3,2025,4,0.8
8844562d31fffff,H3,2025,5,0.8
8844562d31fffff,H3,2025,6,0.7
8844562d31fffff,H3,2025,7,0.6
8844562d31fffff,H3,2025,8,0.5
8844562d31fffff,H3,2025,9,0.5
8844562d31fffff,H3,2025,10,0.6
8844562d31fffff,H3,2025,11,0.6
8844562d31fffff,H3,2025,12,0.7
8844562d31fffff,H3,2025,13,0.8
8844562d31fffff,H3,2025,14,0.9
8844562d31fffff,H3,2025,15,1.0
8844562d31fffff,H3,2025,16,1.2
8844562d31fffff,H3,2025,17,1.6
8844562d31fffff,H3,2025,18,1.8
8844562d31fffff,H3,2025,19,1.9
8844562d31fffff,H3,2025,20,2.0
8844562d31fffff,H3,2025,21,1.9
8844562d31fffff,H3,2025,22,1.8
8844562d31fffff,H3,2025,23,1.6
88445666ebfffff,H3,2025,0,1.6
88445666ebfffff,H3,2025,1,1.4
88445666ebfffff,H3,2025,2,1.2
88445666ebfffff,H3,2025,3,1.1
88445666ebfffff,H3,2025,4,1.0
88445666ebfffff,H3,2025,5,0.9
88445666ebfffff,H3,2025,6,0.8
88445666ebfffff,H3,2025,7,0.7
88445666ebfffff,H3,2025,8,0.6
88445666ebfffff,H3,2025,9,0.6
88445666ebfffff,H3,2025,10,0.6
88445666ebfffff,H3,2025,11,0.7
88445666ebfffff,H3,2025,12,0.8
88445666ebfffff,H3,2025,13,0.8
88445666ebfffff,H3,2025,14,0.9
88445666ebfffff,H3,2025,15,1.1
88445666ebfffff,H3,2025,16,1.4
88445666ebfffff,H3,2025,17,1.8
88445666ebfffff,H3,2025,18,2.0
88445666ebfffff,H3,2025,19,2.3
88445666ebfffff,H3,2025,20,2.4
88445666ebfffff,H3,2025,21,2.3
88445666ebfffff,H3,2025,22,2.2
88445666ebfffff,H3,2025,23,1.9
88445a0ac5fffff,H3,2025,0,2.6
88445a0ac5fffff,H3,2025,1,2.3
88445a0ac5fffff,H3,2025,2,1.9
88445a0ac5fffff,H3,2025,3,1.8
88445a0ac5fffff,H3,2025,4,1.6
88445a0ac5fffff,H3,2025,5,1.5
88445a0ac5fffff,H3,2025,6,1.4
88445a0ac5fffff,H3,2025,7,1.0
88445a0ac5fffff,H3,2025,8,0.9
88445a0ac5fffff,H3,2025,9,0.9
88445a0ac5fffff,H3,2025,10,0.9
88445a0ac5fffff,H3,2025,11,1.1
88445a0ac5fffff,H3,2025,12,1.2
88445a0ac5fffff,H3,2025,13,1.4
88445a0ac5fffff,H3,2025,14,1.6
88445a0ac5fffff,H3,2025,15,1.8
88445a0ac5fffff,H3,2025,16,2.3
88445a0ac5fffff,H3,2025,17,3.0
88445a0ac5fffff,H3,2025,18,3.5
88445a0ac5fffff,H3,2025,19,3.8
88445a0ac5fffff,H3,2025,20,3.9
88445a0ac5fffff,H3,2025,21,3.8
88445a0ac5fffff,H3,2025,22,3.5
88445a0ac5fffff,H3,2025,23,3.1
88445a0b23fffff,H3,2025,0,2.8
88445a0b23fffff,H3,2025,1,2.5
88445a0b23fffff,H3,2025,2,2.2
88445a0b23fffff,H3,2025,3,2.0
88445a0b23fffff,H3,2025,4,1.8
88445a0b23fffff,H3,2025,5,1.6
88445a0b23fffff,H3,2025,6,1.5
88445a0b23fffff,H3,2025,7,1.1
88445a0b23fffff,H3,2025,8,0.9
88445a0b23fffff,H3,2025,9,0.9
88445a0b23fffff,H3,2025,10,1.0
88445a0b23fffff,H3,2025,11,1.1
88445a0b23fffff,H3,2025,12,1.4
88445a0b23fffff,H3,2025,13,1.5
88445a0b23fffff,H3,2025,14,1.6
88445a0b23fffff,H3,2025,15,1.9
88445a0b23fffff,H3,2025,16,2.4
88445a0b23fffff,H3,2025,17,3.2
88445a0b23fffff,H3,2025,18,3.8
88445a0b23fffff,H3,2025,19,4.0
88445a0b23fffff,H3,2025,20,4.2
88445a0b23fffff,H3,2025,21,4.1
88445a0b23fffff,H3,2025,22,3.9
88445a0b23fffff,H3,2025,23,3.4
88445a8c8bfffff,H3,2025,0,1.2
88445a8c8bfffff,H3,2025,1,1.0
88445a8c8bfffff,H3,2025,2,0.9
88445a8c8bfffff,H3,2025,3,0.8
88445a8c8bfffff,H3,2025,4,0.8
88445a8c8bfffff,H3,2025,5,0.7
88445a8c8bfffff,H3,2025,6,0.6
88445a8c8bfffff,H3,2025,7,0.5
88445a8c8bfffff,H3,2025,8,0.5
88445a8c8bfffff,H3,2025,9,0.3
88445a8c8bfffff,H3,2025,10,0.5
88445a8c8bfffff,H3,2025,11,0.5
88445a8c8bfffff,H3,2025,12,0.6
88445a8c8bfffff,H3,2025,13,0.7
88445a8c8bfffff,H3,2025,14,0.7
88445a8c8bfffff,H3,2025,15,0.8
88445a8c8bfffff,H3,2025,16,1.0
88445a8c8bfffff,H3,2025,17,1.4
88445a8c8bfffff,H3,2025,18,1.6
88445a8c8bfffff,H3,2025,19,1.7
88445a8c8bfffff,H3,2025,20,1.8
88445a8c8bfffff,H3,2025,21,1.7
88445a8c8bfffff,H3,2025,22,1.6
88445a8c8bfffff,H3,2025,23,1.5
88445ad91bfffff,H3,2025,0,1.8
88445ad91bfffff,H3,2025,1,1.6
88445ad91bfffff,H3,2025,2,1.4
88445ad91bfffff,H3,2025,3,1.2
88445ad91bfffff,H3,2025,4,1.1
88445ad91bfffff,H3,2025,5,1.0
88445ad91bfffff,H3,2025,6,0.9
88445ad91bfffff,H3,2025,7,0.8
88445ad91bfffff,H3,2025,8,0.7
88445ad91bfffff,H3,2025,9,0.6
88445ad91bfffff,H3,2025,10,0.7
88445ad91bfffff,H3,2025,11,0.8
88445ad91bfffff,H3,2025,12,0.9
88445ad91bfffff,H3,2025,13,1.0
88445ad91bfffff,H3,2025,14,1.1
88445ad91bfffff,H3,2025,15,1.2
88445ad91bfffff,H3,2025,16,1.6
88445ad91bfffff,H3,2025,17,2.2
88445ad91bfffff,H3,2025,18,2.5
88445ad91bfffff,H3,2025,19,2.6
88445ad91bfffff,H3,2025,20,2.7
88445ad91bfffff,H3,2025,21,2.7
88445ad91bfffff,H3,2025,22,2.5
88445ad91bfffff,H3,2025,23,2.2
88445b0009fffff,H3,2025,0,10.7
88445b0009fffff,H3,2025,1,9.3
88445b0009fffff,H3,2025,2,8.2
88445b0009fffff,H3,2025,3,7.4
88445b0009fffff,H3,2025,4,6.7
88445b0009fffff,H3,2025,5,6.0
88445b0009fffff,H3,2025,6,5.3
88445b0009fffff,H3,2025,7,4.3
88445b0009fffff,H3,2025,8,3.5
88445b0009fffff,H3,2025,9,3.4
88445b0009fffff,H3,2025,10,3.8
88445b0009fffff,H3,2025,11,4.2
88445b0009fffff,H3,2025,12,4.9
88445b0009fffff,H3,2025,13,5.5
88445b0009fffff,H3,2025,14,6.1
88445b0009fffff,H3,2025,15,7.2
88445b0009fffff,H3,2025,16,9.0
88445b0009fffff,H3,2025,17,11.7
88445b0009fffff,H3,2025,18,13.9
88445b0009fffff,H3,2025,19,14.9
88445b0009fffff,H3,2025,20,15.5
88445b0009fffff,H3,2025,21,15.2
88445b0009fffff,H3,2025,22,14.1
88445b0009fffff,H3,2025,23,12.6
88445c043dfffff,H3,2025,0,19.4
88445c043dfffff,H3,2025,1,17.0
88445c043dfffff,H3,2025,2,14.9
88445c043dfffff,H3,2025,3,13.4
88445c043dfffff,H3,2025,4,12.2
88445c043dfffff,H3,2025,5,11.0
88445c043dfffff,H3,2025,6,9.8
88445c043dfffff,H3,2025,7,7.8
88445c043dfffff,H3,2025,8,6.6
88445c043dfffff,H3,2025,9,6.2
88445c043dfffff,H3,2025,10,6.8
88445c043dfffff,H3,2025,11,7.8
88445c043dfffff,H3,2025,12,9.0
88445c043dfffff,H3,2025,13,10.0
88445c043dfffff,H3,2025,14,11.2
88445c043dfffff,H3,2025,15,13.2
88445c043dfffff,H3,2025,16,16.5
88445c043dfffff,H3,2025,17,21.6
88445c043dfffff,H3,2025,18,25.2
88445c043dfffff,H3,2025,19,27.2
88445c043dfffff,H3,2025,20,28.3
88445c043dfffff,H3,2025,21,27.7
88445c043dfffff,H3,2025,22,25.8
88445c043dfffff,H3,2025,23,23.0
88445c0459fffff,H3,2025,0,16.7
88445c0459fffff,H3,2025,0,0.1
88445c0459fffff,H3,2025,1,14.7
88445c0459fffff,H3,2025,1,0.1
88445c0459fffff,H3,2025,2,12.7
88445c0459fffff,H3,2025,2,0.1
88445c0459fffff,H3,2025,3,11.5
88445c0459fffff,H3,2025,3,0.1
88445c0459fffff,H3,2025,4,10.5
88445c0459fffff,H3,2025,4,0.1
88445c0459fffff,H3,2025,5,9.4
88445c0459fffff,H3,2025,5,0.0
88445c0459fffff,H3,2025,6,8.3
88445c0459fffff,H3,2025,6,0.0
88445c0459fffff,H3,2025,7,6.6
88445c0459fffff,H3,2025,7,0.0
88445c0459fffff,H3,2025,8,5.6
88445c0459fffff,H3,2025,8,0.0
88445c0459fffff,H3,2025,9,5.3
88445c0459fffff,H3,2025,9,0.0
88445c0459fffff,H3,2025,10,5.8
88445c0459fffff,H3,2025,10,0.0
88445c0459fffff,H3,2025,11,6.6
88445c0459fffff,H3,2025,11,0.0
88445c0459fffff,H3,2025,12,7.7
88445c0459fffff,H3,2025,12,0.0
88445c0459fffff,H3,2025,13,8.5
88445c0459fffff,H3,2025,13,0.0
88445c0459fffff,H3,2025,14,9.5
88445c0459fffff,H3,2025,14,0.1
88445c0459fffff,H3,2025,15,11.2
88445c0459fffff,H3,2025,15,0.1
88445c0459fffff,H3,2025,16,14.0
88445c0459fffff,H3,2025,16,0.1
88445c0459fffff,H3,2025,17,18.3
88445c0459fffff,H3,2025,17,0.1
88445c0459fffff,H3,2025,18,21.6
88445c0459fffff,H3,2025,18,0.1
88445c0459fffff,H3,2025,19,23.2
88445c0459fffff,H3,2025,19,0.1
88445c0459fffff,H3,2025,20,24.2
88445c0459fffff,H3,2025,20,0.1
88445c0459fffff,H3,2025,21,23.8
88445c0459fffff,H3,2025,21,0.1
88445c0459fffff,H3,2025,22,22.0
88445c0459fffff,H3,2025,22,0.1
88445c0459fffff,H3,2025,23,19.7
88445c0459fffff,H3,2025,23,0.1
88445c0515fffff,H3,2025,0,1.8
88445c0515fffff,H3,2025,1,1.6
88445c0515fffff,H3,2025,2,1.5
88445c0515fffff,H3,2025,3,1.2
88445c0515fffff,H3,2025,4,1.1
88445c0515fffff,H3,2025,5,1.0
88445c0515fffff,H3,2025,6,0.9
88445c0515fffff,H3,2025,7,0.8
88445c0515fffff,H3,2025,8,0.7
88445c0515fffff,H3,2025,9,0.7
88445c0515fffff,H3,2025,10,0.7
88445c0515fffff,H3,2025,11,0.8
88445c0515fffff,H3,2025,12,0.9
88445c0515fffff,H3,2025,13,1.0
88445c0515fffff,H3,2025,14,1.1
88445c0515fffff,H3,2025,15,1.2
88445c0515fffff,H3,2025,16,1.6
88445c0515fffff,H3,2025,17,2.2
88445c0515fffff,H3,2025,18,2.5
88445c0515fffff,H3,2025,19,2.6
88445c0515fffff,H3,2025,20,2.7
88445c0515fffff,H3,2025,21,2.7
88445c0515fffff,H3,2025,22,2.5
88445c0515fffff,H3,2025,23,2.3
88445c0531fffff,H3,2025,0,8.0
88445c0531fffff,H3,2025,1,7.0
88445c0531fffff,H3,2025,2,6.0
88445c0531fffff,H3,2025,3,5.5
88445c0531fffff,H3,2025,4,4.9
88445c0531fffff,H3,2025,5,4.5
88445c0531fffff,H3,2025,6,4.0
88445c0531fffff,H3,2025,7,3.3
88445c0531fffff,H3,2025,8,2.7
88445c0531fffff,H3,2025,9,2.6
88445c0531fffff,H3,2025,10,2.8
88445c0531fffff,H3,2025,11,3.3
88445c0531fffff,H3,2025,12,3.9
88445c0531fffff,H3,2025,13,4.2
88445c0531fffff,H3,2025,14,4.8
88445c0531fffff,H3,2025,15,5.6
88445c0531fffff,H3,2025,16,6.9
88445c0531fffff,H3,2025,17,9.1
88445c0531fffff,H3,2025,18,10.6
88445c0531fffff,H3,2025,19,11.4
88445c0531fffff,H3,2025,20,11.7
88445c0531fffff,H3,2025,21,11.5
88445c0531fffff,H3,2025,22,10.7
88445c0531fffff,H3,2025,23,9.4
88445c0633fffff,H3,2025,0,4.5
88445c0633fffff,H3,2025,1,4.0
88445c0633fffff,H3,2025,2,3.5
88445c0633fffff,H3,2025,3,3.2
88445c0633fffff,H3,2025,4,2.8
88445c0633fffff,H3,2025,5,2.6
88445c0633fffff,H3,2025,6,2.3
88445c0633fffff,H3,2025,7,1.8
88445c0633fffff,H3,2025,8,1.6
88445c0633fffff,H3,2025,9,1.5
88445c0633fffff,H3,2025,10,1.6
88445c0633fffff,H3,2025,11,1.8
88445c0633fffff,H3,2025,12,2.2
88445c0633fffff,H3,2025,13,2.4
88445c0633fffff,H3,2025,14,2.7
88445c0633fffff,H3,2025,15,3.2
88445c0633fffff,H3,2025,16,3.9
88445c0633fffff,H3,2025,17,5.1
88445c0633fffff,H3,2025,18,5.9
88445c0633fffff,H3,2025,19,6.4
88445c0633fffff,H3,2025,20,6.7
88445c0633fffff,H3,2025,21,6.5
88445c0633fffff,H3,2025,22,6.0
88445c0633fffff,H3,2025,23,5.3
88445c0767fffff,H3,2025,0,2.2
88445c0767fffff,H3,2025,1,1.9
88445c0767fffff,H3,2025,2,1.7
88445c0767fffff,H3,2025,3,1.5
88445c0767fffff,H3,2025,4,1.4
88445c0767fffff,H3,2025,5,1.2
88445c0767fffff,H3,2025,6,1.1
88445c0767fffff,H3,2025,7,0.9
88445c0767fffff,H3,2025,8,0.8
88445c0767fffff,H3,2025,9,0.8
88445c0767fffff,H3,2025,10,0.8
88445c0767fffff,H3,2025,11,0.9
88445c0767fffff,H3,2025,12,1.0
88445c0767fffff,H3,2025,13,1.2
88445c0767fffff,H3,2025,14,1.4
88445c0767fffff,H3,2025,15,1.6
88445c0767fffff,H3,2025,16,1.9
88445c0767fffff,H3,2025,17,2.5
88445c0767fffff,H3,2025,18,3.0
88445c0767fffff,H3,2025,19,3.2
88445c0767fffff,H3,2025,20,3.3
88445c0767fffff,H3,2025,21,3.2
88445c0767fffff,H3,2025,22,3.0
88445c0767fffff,H3,2025,23,2.6
88445c3a21fffff,H3,2025,0,2.3
88445c3a21fffff,H3,2025,1,2.0
88445c3a21fffff,H3,2025,2,1.8
88445c3a21fffff,H3,2025,3,1.6
88445c3a21fffff,H3,2025,4,1.5
88445c3a21fffff,H3,2025,5,1.2
88445c3a21fffff,H3,2025,6,1.1
88445c3a21fffff,H3,2025,7,0.9
88445c3a21fffff,H3,2025,8,0.8
88445c3a21fffff,H3,2025,9,0.8
88445c3a21fffff,H3,2025,10,0.8
88445c3a21fffff,H3,2025,11,0.9
88445c3a21fffff,H3,2025,12,1.0
88445c3a21fffff,H3,2025,13,1.1
88445c3a21fffff,H3,2025,14,1.4
88445c3a21fffff,H3,2025,15,1.6
88445c3a21fffff,H3,2025,16,1.9
88445c3a21fffff,H3,2025,17,2.5
88445c3a21fffff,H3,2025,18,3.0
88445c3a21fffff,H3,2025,19,3.2
88445c3a21fffff,H3,2025,20,3.4
88445c3a21fffff,H3,2025,21,3.3
88445c3a21fffff,H3,2025,22,3.1
88445c3a21fffff,H3,2025,23,2.7
88445c3a67fffff,H3,2025,0,3.3
88445c3a67fffff,H3,2025,1,2.8
88445c3a67fffff,H3,2025,2,2.5
88445c3a67fffff,H3,2025,3,2.3
88445c3a67fffff,H3,2025,4,2.0
88445c3a67fffff,H3,2025,5,1.8
88445c3a67fffff,H3,2025,6,1.6
88445c3a67fffff,H3,2025,7,1.2
88445c3a67fffff,H3,2025,8,1.1
88445c3a67fffff,H3,2025,9,1.0
88445c3a67fffff,H3,2025,10,1.1
88445c3a67fffff,H3,2025,11,1.2
88445c3a67fffff,H3,2025,12,1.5
88445c3a67fffff,H3,2025,13,1.7
88445c3a67fffff,H3,2025,14,1.8
88445c3a67fffff,H3,2025,15,2.2
88445c3a67fffff,H3,2025,16,2.7
88445c3a67fffff,H3,2025,17,3.5
88445c3a67fffff,H3,2025,18,4.2
88445c3a67fffff,H3,2025,19,4.5
88445c3a67fffff,H3,2025,20,4.8
88445c3a67fffff,H3,2025,21,4.7
88445c3a67fffff,H3,2025,22,4.3
88445c3a67fffff,H3,2025,23,3.9
88445c4c27fffff,H3,2025,0,1.5
88445c4c27fffff,H3,2025,1,1.2
88445c4c27fffff,H3,2025,2,1.1
88445c4c27fffff,H3,2025,3,1.0
88445c4c27fffff,H3,2025,4,0.9
88445c4c27fffff,H3,2025,5,0.8
88445c4c27fffff,H3,2025,6,0.8
88445c4c27fffff,H3,2025,7,0.6
88445c4c27fffff,H3,2025,8,0.5
88445c4c27fffff,H3,2025,9,0.5
88445c4c27fffff,H3,2025,10,0.6
88445c4c27fffff,H3,2025,11,0.6
88445c4c27fffff,H3,2025,12,0.7
88445c4c27fffff,H3,2025,13,0.8
88445c4c27fffff,H3,2025,14,0.9
88445c4c27fffff,H3,2025,15,1.0
88445c4c27fffff,H3,2025,16,1.2
88445c4c27fffff,H3,2025,17,1.6
88445c4c27fffff,H3,2025,18,1.9
88445c4c27fffff,H3,2025,19,2.0
88445c4c27fffff,H3,2025,20,2.2
88445c4c27fffff,H3,2025,21,2.2
88445c4c27fffff,H3,2025,22,1.9
88445c4c27fffff,H3,2025,23,1.7
88445cab2bfffff,H3,2025,0,3.6
88445cab2bfffff,H3,2025,1,3.3
88445cab2bfffff,H3,2025,2,2.8
88445cab2bfffff,H3,2025,3,2.5
88445cab2bfffff,H3,2025,4,2.3
88445cab2bfffff,H3,2025,5,2.0
88445cab2bfffff,H3,2025,6,1.8
88445cab2bfffff,H3,2025,7,1.5
88445cab2bfffff,H3,2025,8,1.2
88445cab2bfffff,H3,2025,9,1.2
88445cab2bfffff,H3,2025,10,1.2
88445cab2bfffff,H3,2025,11,1.5
88445cab2bfffff,H3,2025,12,1.7
88445cab2bfffff,H3,2025,13,1.9
88445cab2bfffff,H3,2025,14,2.2
88445cab2bfffff,H3,2025,15,2.5
88445cab2bfffff,H3,2025,16,3.1
88445cab2bfffff,H3,2025,17,4.1
88445cab2bfffff,H3,2025,18,4.8
88445cab2bfffff,H3,2025,19,5.1
88445cab2bfffff,H3,2025,20,5.3
88445cab2bfffff,H3,2025,21,5.2
88445cab2bfffff,H3,2025,22,4.9
88445cab2bfffff,H3,2025,23,4.3
88445d5aa9fffff,H3,2025,0,4.2
88445d5aa9fffff,H3,2025,1,3.6
88445d5aa9fffff,H3,2025,2,3.2
88445d5aa9fffff,H3,2025,3,2.8
88445d5aa9fffff,H3,2025,4,2.6
88445d5aa9fffff,H3,2025,5,2.4
88445d5aa9fffff,H3,2025,6,2.2
88445d5aa9fffff,H3,2025,7,1.7
88445d5aa9fffff,H3,2025,8,1.5
88445d5aa9fffff,H3,2025,9,1.4
88445d5aa9fffff,H3,2025,10,1.6
88445d5aa9fffff,H3,2025,11,1.7
88445d5aa9fffff,H3,2025,12,2.0
88445d5aa9fffff,H3,2025,13,2.3
88445d5aa9fffff,H3,2025,14,2.5
88445d5aa9fffff,H3,2025,15,3.0
88445d5aa9fffff,H3,2025,16,3.8
88445d5aa9fffff,H3,2025,17,4.9
88445d5aa9fffff,H3,2025,18,5.7
88445d5aa9fffff,H3,2025,19,6.0
88445d5aa9fffff,H3,2025,20,6.2
88445d5aa9fffff,H3,2025,21,6.0
88445d5aa9fffff,H3,2025,22,5.6
88445d5aa9fffff,H3,2025,23,5.0
88445e0b33fffff,H3,2025,0,5.6
88445e0b33fffff,H3,2025,1,4.8
88445e0b33fffff,H3,2025,2,4.2
88445e0b33fffff,H3,2025,3,3.8
88445e0b33fffff,H3,2025,4,3.4
88445e0b33fffff,H3,2025,5,3.1
88445e0b33fffff,H3,2025,6,2.8
88445e0b33fffff,H3,2025,7,2.4
88445e0b33fffff,H3,2025,8,2.0
88445e0b33fffff,H3,2025,9,1.9
88445e0b33fffff,H3,2025,10,2.2
88445e0b33fffff,H3,2025,11,2.4
88445e0b33fffff,H3,2025,12,2.8
88445e0b33fffff,H3,2025,13,3.2
88445e0b33fffff,H3,2025,14,3.4
88445e0b33fffff,H3,2025,15,4.1
88445e0b33fffff,H3,2025,16,5.1
88445e0b33fffff,H3,2025,17,6.6
88445e0b33fffff,H3,2025,18,7.7
88445e0b33fffff,H3,2025,19,8.2
88445e0b33fffff,H3,2025,20,8.4
88445e0b33fffff,H3,2025,21,8.2
88445e0b33fffff,H3,2025,22,7.5
88445e0b33fffff,H3,2025,23,6.6
88445e1a05fffff,H3,2025,0,1.5
88445e1a05fffff,H3,2025,1,1.4
88445e1a05fffff,H3,2025,2,1.1
88445e1a05fffff,H3,2025,3,1.0
88445e1a05fffff,H3,2025,4,0.9
88445e1a05fffff,H3,2025,5,0.9
88445e1a05fffff,H3,2025,6,0.8
88445e1a05fffff,H3,2025,7,0.6
88445e1a05fffff,H3,2025,8,0.6
88445e1a05fffff,H3,2025,9,0.5
88445e1a05fffff,H3,2025,10,0.6
88445e1a05fffff,H3,2025,11,0.6
88445e1a05fffff,H3,2025,12,0.7
88445e1a05fffff,H3,2025,13,0.8
88445e1a05fffff,H3,2025,14,0.9
88445e1a05fffff,H3,2025,15,1.0
88445e1a05fffff,H3,2025,16,1.2
88445e1a05fffff,H3,2025,17,1.7
88445e1a05fffff,H3,2025,18,2.0
88445e1a05fffff,H3,2025,19,2.2
88445e1a05fffff,H3,2025,20,2.3
88445e1a05fffff,H3,2025,21,2.2
88445e1a05fffff,H3,2025,22,2.0
88445e1a05fffff,H3,2025,23,1.8
88445e1a55fffff,H3,2025,0,1.2
88445e1a55fffff,H3,2025,1,1.0
88445e1a55fffff,H3,2025,2,0.9
88445e1a55fffff,H3,2025,3,0.8
88445e1a55fffff,H3,2025,4,0.8
88445e1a55fffff,H3,2025,5,0.7
88445e1a55fffff,H3,2025,6,0.6
88445e1a55fffff,H3,2025,7,0.5
88445e1a55fffff,H3,2025,8,0.5
88445e1a55fffff,H3,2025,9,0.5
88445e1a55fffff,H3,2025,10,0.5
88445e1a55fffff,H3,2025,11,0.5
88445e1a55fffff,H3,2025,12,0.6
88445e1a55fffff,H3,2025,13,0.7
88445e1a55fffff,H3,2025,14,0.7
88445e1a55fffff,H3,2025,15,0.9
88445e1a55fffff,H3,2025,16,1.0
88445e1a55fffff,H3,2025,17,1.4
88445e1a55fffff,H3,2025,18,1.6
88445e1a55fffff,H3,2025,19,1.7
88445e1a55fffff,H3,2025,20,1.8
88445e1a55fffff,H3,2025,21,1.7
88445e1a55fffff,H3,2025,22,1.6
88445e1a55fffff,H3,2025,23,1.5
88446a380bfffff,H3,2025,0,1.2
88446a380bfffff,H3,2025,1,1.1
88446a380bfffff,H3,2025,2,1.0
88446a380bfffff,H3,2025,3,0.9
88446a380bfffff,H3,2025,4,0.8
88446a380bfffff,H3,2025,5,0.8
88446a380bfffff,H3,2025,6,0.7
88446a380bfffff,H3,2025,7,0.6
88446a380bfffff,H3,2025,8,0.5
88446a380bfffff,H3,2025,9,0.5
88446a380bfffff,H3,2025,10,0.5
88446a380bfffff,H3,2025,11,0.6
88446a380bfffff,H3,2025,12,0.6
88446a380bfffff,H3,2025,13,0.7
88446a380bfffff,H3,2025,14,0.8
88446a380bfffff,H3,2025,15,0.9
88446a380bfffff,H3,2025,16,1.1
88446a380bfffff,H3,2025,17,1.5
88446a380bfffff,H3,2025,18,1.7
88446a380bfffff,H3,2025,19,1.8
88446a380bfffff,H3,2025,20,1.9
88446a380bfffff,H3,2025,21,1.8
88446a380bfffff,H3,2025,22,1.7
88446a380bfffff,H3,2025,23,1.6
88446a5087fffff,H3,2025,0,19.0
88446a5087fffff,H3,2025,1,16.6
88446a5087fffff,H3,2025,2,14.4
88446a5087fffff,H3,2025,3,13.0
88446a5087fffff,H3,2025,4,11.7
88446a5087fffff,H3,2025,5,10.7
88446a5087fffff,H3,2025,6,9.7
88446a5087fffff,H3,2025,7,7.7
88446a5087fffff,H3,2025,8,6.6
88446a5087fffff,H3,2025,9,6.4
88446a5087fffff,H3,2025,10,6.8
88446a5087fffff,H3,2025,11,7.8
88446a5087fffff,H3,2025,12,9.1
88446a5087fffff,H3,2025,13,10.1
88446a5087fffff,H3,2025,14,11.4
88446a5087fffff,H3,2025,15,13.4
88446a5087fffff,H3,2025,16,16.7
88446a5087fffff,H3,2025,17,21.7
88446a5087fffff,H3,2025,18,25.3
88446a5087fffff,H3,2025,19,27.0
88446a5087fffff,H3,2025,20,28.1
88446a5087fffff,H3,2025,21,27.4
88446a5087fffff,H3,2025,22,25.3
88446a5087fffff,H3,2025,23,22.5
88446c066bfffff,H3,2025,0,1.5
88446c066bfffff,H3,2025,1,1.4
88446c066bfffff,H3,2025,2,1.1
88446c066bfffff,H3,2025,3,1.0
88446c066bfffff,H3,2025,4,0.9
88446c066bfffff,H3,2025,5,0.9
88446c066bfffff,H3,2025,6,0.8
88446c066bfffff,H3,2025,7,0.6
88446c066bfffff,H3,2025,8,0.6
88446c066bfffff,H3,2025,9,0.5
88446c066bfffff,H3,2025,10,0.6
88446c066bfffff,H3,2025,11,0.6
88446c066bfffff,H3,2025,12,0.7
88446c066bfffff,H3,2025,13,0.8
88446c066bfffff,H3,2025,14,0.9
88446c066bfffff,H3,2025,15,1.0
88446c066bfffff,H3,2025,16,1.2
88446c066bfffff,H3,2025,17,1.7
88446c066bfffff,H3,2025,18,1.9
88446c066bfffff,H3,2025,19,2.2
88446c066bfffff,H3,2025,20,2.2
88446c066bfffff,H3,2025,21,2.2
88446c066bfffff,H3,2025,22,2.0
88446c066bfffff,H3,2025,23,1.8
88446c0767fffff,H3,2025,0,3.6
88446c0767fffff,H3,2025,1,3.2
88446c0767fffff,H3,2025,2,2.8
88446c0767fffff,H3,2025,3,2.5
88446c0767fffff,H3,2025,4,2.3
88446c0767fffff,H3,2025,5,2.0
88446c0767fffff,H3,2025,6,1.8
88446c0767fffff,H3,2025,7,1.5
88446c0767fffff,H3,2025,8,1.2
88446c0767fffff,H3,2025,9,1.1
88446c0767fffff,H3,2025,10,1.2
88446c0767fffff,H3,2025,11,1.5
88446c0767fffff,H3,2025,12,1.7
88446c0767fffff,H3,2025,13,1.9
88446c0767fffff,H3,2025,14,2.2
88446c0767fffff,H3,2025,15,2.5
88446c0767fffff,H3,2025,16,3.1
88446c0767fffff,H3,2025,17,4.1
88446c0767fffff,H3,2025,18,4.8
88446c0767fffff,H3,2025,19,5.1
88446c0767fffff,H3,2025,20,5.3
88446c0767fffff,H3,2025,21,5.2
88446c0767fffff,H3,2025,22,4.9
88446c0767fffff,H3,2025,23,4.3
88446c1507fffff,H3,2025,0,2.0
88446c1507fffff,H3,2025,1,1.7
88446c1507fffff,H3,2025,2,1.5
88446c1507fffff,H3,2025,3,1.4
88446c1507fffff,H3,2025,4,1.2
88446c1507fffff,H3,2025,5,1.1
88446c1507fffff,H3,2025,6,1.0
88446c1507fffff,H3,2025,7,0.8
88446c1507fffff,H3,2025,8,0.7
88446c1507fffff,H3,2025,9,0.7
88446c1507fffff,H3,2025,10,0.7
88446c1507fffff,H3,2025,11,0.8
88446c1507fffff,H3,2025,12,0.9
88446c1507fffff,H3,2025,13,1.0
88446c1507fffff,H3,2025,14,1.1
88446c1507fffff,H3,2025,15,1.4
88446c1507fffff,H3,2025,16,1.7
88446c1507fffff,H3,2025,17,2.3
88446c1507fffff,H3,2025,18,2.6
88446c1507fffff,H3,2025,19,2.8
88446c1507fffff,H3,2025,20,3.0
88446c1507fffff,H3,2025,21,2.8
88446c1507fffff,H3,2025,22,2.6
88446c1507fffff,H3,2025,23,2.4
88446c2247fffff,H3,2025,0,4.5
88446c2247fffff,H3,2025,1,4.0
88446c2247fffff,H3,2025,2,3.5
88446c2247fffff,H3,2025,3,3.2
88446c2247fffff,H3,2025,4,2.8
88446c2247fffff,H3,2025,5,2.6
88446c2247fffff,H3,2025,6,2.3
88446c2247fffff,H3,2025,7,1.8
88446c2247fffff,H3,2025,8,1.6
88446c2247fffff,H3,2025,9,1.5
88446c2247fffff,H3,2025,10,1.6
88446c2247fffff,H3,2025,11,1.8
88446c2247fffff,H3,2025,12,2.2
88446c2247fffff,H3,2025,13,2.4
88446c2247fffff,H3,2025,14,2.7
88446c2247fffff,H3,2025,15,3.2
88446c2247fffff,H3,2025,16,3.9
88446c2247fffff,H3,2025,17,5.1
88446c2247fffff,H3,2025,18,6.0
88446c2247fffff,H3,2025,19,6.5
88446c2247fffff,H3,2025,20,6.7
88446c2247fffff,H3,2025,21,6.6
88446c2247fffff,H3,2025,22,6.1
88446c2247fffff,H3,2025,23,5.5
88446c3057fffff,H3,2025,0,1.4
88446c3057fffff,H3,2025,1,1.1
88446c3057fffff,H3,2025,2,1.0
88446c3057fffff,H3,2025,3,0.9
88446c3057fffff,H3,2025,4,0.8
88446c3057fffff,H3,2025,5,0.8
88446c3057fffff,H3,2025,6,0.7
88446c3057fffff,H3,2025,7,0.6
88446c3057fffff,H3,2025,8,0.5
88446c3057fffff,H3,2025,9,0.5
88446c3057fffff,H3,2025,10,0.5
88446c3057fffff,H3,2025,11,0.6
88446c3057fffff,H3,2025,12,0.6
88446c3057fffff,H3,2025,13,0.7
88446c3057fffff,H3,2025,14,0.8
88446c3057fffff,H3,2025,15,0.9
88446c3057fffff,H3,2025,16,1.1
88446c3057fffff,H3,2025,17,1.5
88446c3057fffff,H3,2025,18,1.7
88446c3057fffff,H3,2025,19,1.8
88446c3057fffff,H3,2025,20,1.9
88446c3057fffff,H3,2025,21,1.9
88446c3057fffff,H3,2025,22,1.8
88446c3057fffff,H3,2025,23,1.6
88446c3265fffff,H3,2025,0,1.5
88446c3265fffff,H3,2025,1,1.2
88446c3265fffff,H3,2025,2,1.1
88446c3265fffff,H3,2025,3,1.0
88446c3265fffff,H3,2025,4,0.9
88446c3265fffff,H3,2025,5,0.8
88446c3265fffff,H3,2025,6,0.8
88446c3265fffff,H3,2025,7,0.6
88446c3265fffff,H3,2025,8,0.5
88446c3265fffff,H3,2025,9,0.5
88446c3265fffff,H3,2025,10,0.6
88446c3265fffff,H3,2025,11,0.6
88446c3265fffff,H3,2025,12,0.7
88446c3265fffff,H3,2025,13,0.8
88446c3265fffff,H3,2025,14,0.9
88446c3265fffff,H3,2025,15,1.0
88446c3265fffff,H3,2025,16,1.2
88446c3265fffff,H3,2025,17,1.6
88446c3265fffff,H3,2025,18,1.9
88446c3265fffff,H3,2025,19,2.0
88446c3265fffff,H3,2025,20,2.2
88446c3265fffff,H3,2025,21,2.2
88446c3265fffff,H3,2025,22,1.9
88446c3265fffff,H3,2025,23,1.7
88446c355dfffff,H3,2025,0,1.4
88446c355dfffff,H3,2025,1,1.1
88446c355dfffff,H3,2025,2,1.0
88446c355dfffff,H3,2025,3,0.9
88446c355dfffff,H3,2025,4,0.8
88446c355dfffff,H3,2025,5,0.8
88446c355dfffff,H3,2025,6,0.7
88446c355dfffff,H3,2025,7,0.6
88446c355dfffff,H3,2025,8,0.5
88446c355dfffff,H3,2025,9,0.5
88446c355dfffff,H3,2025,10,0.5
88446c355dfffff,H3,2025,11,0.6
88446c355dfffff,H3,2025,12,0.6
88446c355dfffff,H3,2025,13,0.7
88446c355dfffff,H3,2025,14,0.8
88446c355dfffff,H3,2025,15,0.9
88446c355dfffff,H3,2025,16,1.1
88446c355dfffff,H3,2025,17,1.5
88446c355dfffff,H3,2025,18,1.7
88446c355dfffff,H3,2025,19,1.8
88446c355dfffff,H3,2025,20,1.9
88446c355dfffff,H3,2025,21,1.9
88446c355dfffff,H3,2025,22,1.7
88446c355dfffff,H3,2025,23,1.6
88446c3893fffff,H3,2025,0,1.9
88446c3893fffff,H3,2025,1,1.6
88446c3893fffff,H3,2025,2,1.5
88446c3893fffff,H3,2025,3,1.2
88446c3893fffff,H3,2025,4,1.1
88446c3893fffff,H3,2025,5,1.0
88446c3893fffff,H3,2025,6,0.9
88446c3893fffff,H3,2025,7,0.8
88446c3893fffff,H3,2025,8,0.7
88446c3893fffff,H3,2025,9,0.6
88446c3893fffff,H3,2025,10,0.7
88446c3893fffff,H3,2025,11,0.8
88446c3893fffff,H3,2025,12,0.9
88446c3893fffff,H3,2025,13,1.0
88446c3893fffff,H3,2025,14,1.1
88446c3893fffff,H3,2025,15,1.2
88446c3893fffff,H3,2025,16,1.6
88446c3893fffff,H3,2025,17,2.2
88446c3893fffff,H3,2025,18,2.5
88446c3893fffff,H3,2025,19,2.6
88446c3893fffff,H3,2025,20,2.7
88446c3893fffff,H3,2025,21,2.7
88446c3893fffff,H3,2025,22,2.5
88446c3893fffff,H3,2025,23,2.3
88446ca815fffff,H3,2025,0,8.8
88446ca815fffff,H3,2025,1,7.7
88446ca815fffff,H3,2025,2,6.7
88446ca815fffff,H3,2025,3,6.0
88446ca815fffff,H3,2025,4,5.5
88446ca815fffff,H3,2025,5,4.9
88446ca815fffff,H3,2025,6,4.4
88446ca815fffff,H3,2025,7,3.5
88446ca815fffff,H3,2025,8,3.1
88446ca815fffff,H3,2025,9,3.0
88446ca815fffff,H3,2025,10,3.2
88446ca815fffff,H3,2025,11,3.6
88446ca815fffff,H3,2025,12,4.2
88446ca815fffff,H3,2025,13,4.7
88446ca815fffff,H3,2025,14,5.2
88446ca815fffff,H3,2025,15,6.1
88446ca815fffff,H3,2025,16,7.6
88446ca815fffff,H3,2025,17,10.0
88446ca815fffff,H3,2025,18,11.6
88446ca815fffff,H3,2025,19,12.4
88446ca815fffff,H3,2025,20,13.0
88446ca815fffff,H3,2025,21,12.6
88446ca815fffff,H3,2025,22,11.7
88446ca815fffff,H3,2025,23,10.3
88446ca8abfffff,H3,2025,0,6.7
88446ca8abfffff,H3,2025,1,5.9
88446ca8abfffff,H3,2025,2,5.1
88446ca8abfffff,H3,2025,3,4.7
88446ca8abfffff,H3,2025,4,4.2
88446ca8abfffff,H3,2025,5,3.8
88446ca8abfffff,H3,2025,6,3.4
88446ca8abfffff,H3,2025,7,2.7
88446ca8abfffff,H3,2025,8,2.3
88446ca8abfffff,H3,2025,9,2.2
88446ca8abfffff,H3,2025,10,2.3
88446ca8abfffff,H3,2025,11,2.7
88446ca8abfffff,H3,2025,12,3.1
88446ca8abfffff,H3,2025,13,3.4
88446ca8abfffff,H3,2025,14,3.9
88446ca8abfffff,H3,2025,15,4.5
88446ca8abfffff,H3,2025,16,5.7
88446ca8abfffff,H3,2025,17,7.4
88446ca8abfffff,H3,2025,18,8.6
88446ca8abfffff,H3,2025,19,9.3
88446ca8abfffff,H3,2025,20,9.8
88446ca8abfffff,H3,2025,21,9.5
88446ca8abfffff,H3,2025,22,8.9
88446ca8abfffff,H3,2025,23,8.0
88446ca929fffff,H3,2025,0,6.7
88446ca929fffff,H3,2025,1,5.9
88446ca929fffff,H3,2025,2,5.1
88446ca929fffff,H3,2025,3,4.5
88446ca929fffff,H3,2025,4,4.2
88446ca929fffff,H3,2025,5,3.8
88446ca929fffff,H3,2025,6,3.3
88446ca929fffff,H3,2025,7,2.7
88446ca929fffff,H3,2025,8,2.3
88446ca929fffff,H3,2025,9,2.2
88446ca929fffff,H3,2025,10,2.3
88446ca929fffff,H3,2025,11,2.6
88446ca929fffff,H3,2025,12,3.1
88446ca929fffff,H3,2025,13,3.4
88446ca929fffff,H3,2025,14,3.9
88446ca929fffff,H3,2025,15,4.5
88446ca929fffff,H3,2025,16,5.6
88446ca929fffff,H3,2025,17,7.4
88446ca929fffff,H3,2025,18,8.6
88446ca929fffff,H3,2025,19,9.3
88446ca929fffff,H3,2025,20,9.7
88446ca929fffff,H3,2025,21,9.5
88446ca929fffff,H3,2025,22,8.9
88446ca929fffff,H3,2025,23,7.8
88446ca983fffff,H3,2025,0,18.8
88446ca983fffff,H3,2025,1,16.5
88446ca983fffff,H3,2025,2,14.3
88446ca983fffff,H3,2025,3,13.0
88446ca983fffff,H3,2025,4,11.7
88446ca983fffff,H3,2025,5,10.6
88446ca983fffff,H3,2025,6,9.4
88446ca983fffff,H3,2025,7,7.5
88446ca983fffff,H3,2025,8,6.4
88446ca983fffff,H3,2025,9,6.0
88446ca983fffff,H3,2025,10,6.6
88446ca983fffff,H3,2025,11,7.5
88446ca983fffff,H3,2025,12,8.8
88446ca983fffff,H3,2025,13,9.7
88446ca983fffff,H3,2025,14,10.8
88446ca983fffff,H3,2025,15,12.7
88446ca983fffff,H3,2025,16,15.9
88446ca983fffff,H3,2025,17,20.8
88446ca983fffff,H3,2025,18,24.4
88446ca983fffff,H3,2025,19,26.2
88446ca983fffff,H3,2025,20,27.4
88446ca983fffff,H3,2025,21,26.8
88446ca983fffff,H3,2025,22,24.9
88446ca983fffff,H3,2025,23,22.2
88446ca9ebfffff,H3,2025,0,2.2
88446ca9ebfffff,H3,2025,1,1.8
88446ca9ebfffff,H3,2025,2,1.6
88446ca9ebfffff,H3,2025,3,1.5
88446ca9ebfffff,H3,2025,4,1.4
88446ca9ebfffff,H3,2025,5,1.2
88446ca9ebfffff,H3,2025,6,1.0
88446ca9ebfffff,H3,2025,7,0.9
88446ca9ebfffff,H3,2025,8,0.7
88446ca9ebfffff,H3,2025,9,0.7
88446ca9ebfffff,H3,2025,10,0.8
88446ca9ebfffff,H3,2025,11,0.9
88446ca9ebfffff,H3,2025,12,1.0
88446ca9ebfffff,H3,2025,13,1.1
88446ca9ebfffff,H3,2025,14,1.2
88446ca9ebfffff,H3,2025,15,1.5
88446ca9ebfffff,H3,2025,16,1.8
88446ca9ebfffff,H3,2025,17,2.4
88446ca9ebfffff,H3,2025,18,2.7
88446ca9ebfffff,H3,2025,19,3.0
88446ca9ebfffff,H3,2025,20,3.1
88446ca9ebfffff,H3,2025,21,3.1
88446ca9ebfffff,H3,2025,22,2.8
88446ca9ebfffff,H3,2025,23,2.5
88446ca9edfffff,H3,2025,0,1.5
88446ca9edfffff,H3,2025,1,1.2
88446ca9edfffff,H3,2025,2,1.1
88446ca9edfffff,H3,2025,3,1.0
88446ca9edfffff,H3,2025,4,0.9
88446ca9edfffff,H3,2025,5,0.8
88446ca9edfffff,H3,2025,6,0.7
88446ca9edfffff,H3,2025,7,0.6
88446ca9edfffff,H3,2025,8,0.5
88446ca9edfffff,H3,2025,9,0.5
88446ca9edfffff,H3,2025,10,0.6
88446ca9edfffff,H3,2025,11,0.6
88446ca9edfffff,H3,2025,12,0.7
88446ca9edfffff,H3,2025,13,0.8
88446ca9edfffff,H3,2025,14,0.8
88446ca9edfffff,H3,2025,15,1.0
88446ca9edfffff,H3,2025,16,1.2
88446ca9edfffff,H3,2025,17,1.6
88446ca9edfffff,H3,2025,18,1.8
88446ca9edfffff,H3,2025,19,2.0
88446ca9edfffff,H3,2025,20,2.2
88446ca9edfffff,H3,2025,21,2.0
88446ca9edfffff,H3,2025,22,1.9
88446ca9edfffff,H3,2025,23,1.7
88446cae39fffff,H3,2025,0,4.0
88446cae39fffff,H3,2025,1,3.5
88446cae39fffff,H3,2025,2,3.1
88446cae39fffff,H3,2025,3,2.7
88446cae39fffff,H3,2025,4,2.5
88446cae39fffff,H3,2025,5,2.3
88446cae39fffff,H3,2025,6,2.0
88446cae39fffff,H3,2025,7,1.6
88446cae39fffff,H3,2025,8,1.4
88446cae39fffff,H3,2025,9,1.2
88446cae39fffff,H3,2025,10,1.4
88446cae39fffff,H3,2025,11,1.6
88446cae39fffff,H3,2025,12,1.8
88446cae39fffff,H3,2025,13,2.0
88446cae39fffff,H3,2025,14,2.3
88446cae39fffff,H3,2025,15,2.7
88446cae39fffff,H3,2025,16,3.4
88446cae39fffff,H3,2025,17,4.4
88446cae39fffff,H3,2025,18,5.1
88446cae39fffff,H3,2025,19,5.6
88446cae39fffff,H3,2025,20,5.8
88446cae39fffff,H3,2025,21,5.7
88446cae39fffff,H3,2025,22,5.3
88446cae39fffff,H3,2025,23,4.8
88446cae61fffff,H3,2025,0,3.6
88446cae61fffff,H3,2025,1,3.2
88446cae61fffff,H3,2025,2,2.8
88446cae61fffff,H3,2025,3,2.5
88446cae61fffff,H3,2025,4,2.3
88446cae61fffff,H3,2025,5,2.0
88446cae61fffff,H3,2025,6,1.8
88446cae61fffff,H3,2025,7,1.5
88446cae61fffff,H3,2025,8,1.2
88446cae61fffff,H3,2025,9,1.2
88446cae61fffff,H3,2025,10,1.2
88446cae61fffff,H3,2025,11,1.5
88446cae61fffff,H3,2025,12,1.7
88446cae61fffff,H3,2025,13,1.9
88446cae61fffff,H3,2025,14,2.2
88446cae61fffff,H3,2025,15,2.5
88446cae61fffff,H3,2025,16,3.1
88446cae61fffff,H3,2025,17,4.1
88446cae61fffff,H3,2025,18,4.8
88446cae61fffff,H3,2025,19,5.1
88446cae61fffff,H3,2025,20,5.3
88446cae61fffff,H3,2025,21,5.2
88446cae61fffff,H3,2025,22,4.9
88446cae61fffff,H3,2025,23,4.3
88446cc1c1fffff,H3,2025,0,2.0
88446cc1c1fffff,H3,2025,1,1.8
88446cc1c1fffff,H3,2025,2,1.6
88446cc1c1fffff,H3,2025,3,1.4
88446cc1c1fffff,H3,2025,4,1.2
88446cc1c1fffff,H3,2025,5,1.1
88446cc1c1fffff,H3,2025,6,1.0
88446cc1c1fffff,H3,2025,7,0.8
88446cc1c1fffff,H3,2025,8,0.7
88446cc1c1fffff,H3,2025,9,0.7
88446cc1c1fffff,H3,2025,10,0.7
88446cc1c1fffff,H3,2025,11,0.8
88446cc1c1fffff,H3,2025,12,0.9
88446cc1c1fffff,H3,2025,13,1.0
88446cc1c1fffff,H3,2025,14,1.2
88446cc1c1fffff,H3,2025,15,1.4
88446cc1c1fffff,H3,2025,16,1.8
88446cc1c1fffff,H3,2025,17,2.3
88446cc1c1fffff,H3,2025,18,2.7
88446cc1c1fffff,H3,2025,19,2.8
88446cc1c1fffff,H3,2025,20,3.0
88446cc1c1fffff,H3,2025,21,3.0
88446cc1c1fffff,H3,2025,22,2.7
88446cc1c1fffff,H3,2025,23,2.4
88446cc1ebfffff,H3,2025,0,2.2
88446cc1ebfffff,H3,2025,1,1.9
88446cc1ebfffff,H3,2025,2,1.7
88446cc1ebfffff,H3,2025,3,1.5
88446cc1ebfffff,H3,2025,4,1.4
88446cc1ebfffff,H3,2025,5,1.2
88446cc1ebfffff,H3,2025,6,1.1
88446cc1ebfffff,H3,2025,7,0.9
88446cc1ebfffff,H3,2025,8,0.7
88446cc1ebfffff,H3,2025,9,0.7
88446cc1ebfffff,H3,2025,10,0.8
88446cc1ebfffff,H3,2025,11,0.9
88446cc1ebfffff,H3,2025,12,1.0
88446cc1ebfffff,H3,2025,13,1.1
88446cc1ebfffff,H3,2025,14,1.2
88446cc1ebfffff,H3,2025,15,1.5
88446cc1ebfffff,H3,2025,16,1.8
88446cc1ebfffff,H3,2025,17,2.4
88446cc1ebfffff,H3,2025,18,2.8
88446cc1ebfffff,H3,2025,19,3.1
88446cc1ebfffff,H3,2025,20,3.2
88446cc1ebfffff,H3,2025,21,3.1
88446cc1ebfffff,H3,2025,22,2.8
88446cc1ebfffff,H3,2025,23,2.6
88446e1495fffff,H3,2025,0,3.3
88446e1495fffff,H3,2025,1,3.0
88446e1495fffff,H3,2025,2,2.5
88446e1495fffff,H3,2025,3,2.3
88446e1495fffff,H3,2025,4,2.0
88446e1495fffff,H3,2025,5,1.8
88446e1495fffff,H3,2025,6,1.7
88446e1495fffff,H3,2025,7,1.4
88446e1495fffff,H3,2025,8,1.2
88446e1495fffff,H3,2025,9,1.1
88446e1495fffff,H3,2025,10,1.2
88446e1495fffff,H3,2025,11,1.4
88446e1495fffff,H3,2025,12,1.6
88446e1495fffff,H3,2025,13,1.8
88446e1495fffff,H3,2025,14,2.0
88446e1495fffff,H3,2025,15,2.4
88446e1495fffff,H3,2025,16,3.1
88446e1495fffff,H3,2025,17,3.9
88446e1495fffff,H3,2025,18,4.5
88446e1495fffff,H3,2025,19,4.9
88446e1495fffff,H3,2025,20,5.0
88446e1495fffff,H3,2025,21,4.9
88446e1495fffff,H3,2025,22,4.5
88446e1495fffff,H3,2025,23,4.0
88446e431dfffff,H3,2025,0,1.9
88446e431dfffff,H3,2025,1,1.7
88446e431dfffff,H3,2025,2,1.5
88446e431dfffff,H3,2025,3,1.2
88446e431dfffff,H3,2025,4,1.1
88446e431dfffff,H3,2025,5,1.0
88446e431dfffff,H3,2025,6,0.9
88446e431dfffff,H3,2025,7,0.8
88446e431dfffff,H3,2025,8,0.7
88446e431dfffff,H3,2025,9,0.6
88446e431dfffff,H3,2025,10,0.7
88446e431dfffff,H3,2025,11,0.8
88446e431dfffff,H3,2025,12,0.9
88446e431dfffff,H3,2025,13,1.0
88446e431dfffff,H3,2025,14,1.1
88446e431dfffff,H3,2025,15,1.2
88446e431dfffff,H3,2025,16,1.6
88446e431dfffff,H3,2025,17,2.2
88446e431dfffff,H3,2025,18,2.5
88446e431dfffff,H3,2025,19,2.6
88446e431dfffff,H3,2025,20,2.7
88446e431dfffff,H3,2025,21,2.7
88446e431dfffff,H3,2025,22,2.5
88446e431dfffff,H3,2025,23,2.3
88446ea905fffff,H3,2025,0,2.0
88446ea905fffff,H3,2025,1,1.8
88446ea905fffff,H3,2025,2,1.6
88446ea905fffff,H3,2025,3,1.4
88446ea905fffff,H3,2025,4,1.2
88446ea905fffff,H3,2025,5,1.1
88446ea905fffff,H3,2025,6,1.0
88446ea905fffff,H3,2025,7,0.8
88446ea905fffff,H3,2025,8,0.7
88446ea905fffff,H3,2025,9,0.7
88446ea905fffff,H3,2025,10,0.7
88446ea905fffff,H3,2025,11,0.8
88446ea905fffff,H3,2025,12,0.9
88446ea905fffff,H3,2025,13,1.0
88446ea905fffff,H3,2025,14,1.1
88446ea905fffff,H3,2025,15,1.4
88446ea905fffff,H3,2025,16,1.7
88446ea905fffff,H3,2025,17,2.3
88446ea905fffff,H3,2025,18,2.6
88446ea905fffff,H3,2025,19,2.8
88446ea905fffff,H3,2025,20,3.0
88446ea905fffff,H3,2025,21,3.0
88446ea905fffff,H3,2025,22,2.7
88446ea905fffff,H3,2025,23,2.4
88446eb353fffff,H3,2025,0,1.7
88446eb353fffff,H3,2025,1,1.5
88446eb353fffff,H3,2025,2,1.2
88446eb353fffff,H3,2025,3,1.1
88446eb353fffff,H3,2025,4,1.0
88446eb353fffff,H3,2025,5,0.9
88446eb353fffff,H3,2025,6,0.9
88446eb353fffff,H3,2025,7,0.7
88446eb353fffff,H3,2025,8,0.6
88446eb353fffff,H3,2025,9,0.6
88446eb353fffff,H3,2025,10,0.6
88446eb353fffff,H3,2025,11,0.7
88446eb353fffff,H3,2025,12,0.8
88446eb353fffff,H3,2025,13,0.9
88446eb353fffff,H3,2025,14,1.0
88446eb353fffff,H3,2025,15,1.1
88446eb353fffff,H3,2025,16,1.5
88446eb353fffff,H3,2025,17,1.9
88446eb353fffff,H3,2025,18,2.3
88446eb353fffff,H3,2025,19,2.4
88446eb353fffff,H3,2025,20,2.5
88446eb353fffff,H3,2025,21,2.4
88446eb353fffff,H3,2025,22,2.3
88446eb353fffff,H3,2025,23,2.0
8844a11285fffff,H3,2025,0,2.8
8844a11285fffff,H3,2025,1,2.5
8844a11285fffff,H3,2025,2,2.2
8844a11285fffff,H3,2025,3,1.9
8844a11285fffff,H3,2025,4,1.8
8844a11285fffff,H3,2025,5,1.6
8844a11285fffff,H3,2025,6,1.5
8844a11285fffff,H3,2025,7,1.1
8844a11285fffff,H3,2025,8,0.9
8844a11285fffff,H3,2025,9,0.9
8844a11285fffff,H3,2025,10,1.0
8844a11285fffff,H3,2025,11,1.1
8844a11285fffff,H3,2025,12,1.4
8844a11285fffff,H3,2025,13,1.5
8844a11285fffff,H3,2025,14,1.6
8844a11285fffff,H3,2025,15,1.9
8844a11285fffff,H3,2025,16,2.4
8844a11285fffff,H3,2025,17,3.2
8844a11285fffff,H3,2025,18,3.8
8844a11285fffff,H3,2025,19,4.0
8844a11285fffff,H3,2025,20,4.2
8844a11285fffff,H3,2025,21,4.1
8844a11285fffff,H3,2025,22,3.8
8844a11285fffff,H3,2025,23,3.4
8844a1129bfffff,H3,2025,0,6.5
8844a1129bfffff,H3,2025,1,5.7
8844a1129bfffff,H3,2025,2,5.0
8844a1129bfffff,H3,2025,3,4.4
8844a1129bfffff,H3,2025,4,4.0
8844a1129bfffff,H3,2025,5,3.6
8844a1129bfffff,H3,2025,6,3.3
8844a1129bfffff,H3,2025,7,2.6
8844a1129bfffff,H3,2025,8,2.3
8844a1129bfffff,H3,2025,9,2.2
8844a1129bfffff,H3,2025,10,2.4
8844a1129bfffff,H3,2025,11,2.7
8844a1129bfffff,H3,2025,12,3.1
8844a1129bfffff,H3,2025,13,3.4
8844a1129bfffff,H3,2025,14,3.9
8844a1129bfffff,H3,2025,15,4.5
8844a1129bfffff,H3,2025,16,5.6
8844a1129bfffff,H3,2025,17,7.3
8844a1129bfffff,H3,2025,18,8.5
8844a1129bfffff,H3,2025,19,9.2
8844a1129bfffff,H3,2025,20,9.5
8844a1129bfffff,H3,2025,21,9.3
8844a1129bfffff,H3,2025,22,8.6
8844a1129bfffff,H3,2025,23,7.7
8844a1129dfffff,H3,2025,0,1.7
8844a1129dfffff,H3,2025,1,1.6
8844a1129dfffff,H3,2025,2,1.4
8844a1129dfffff,H3,2025,3,1.2
8844a1129dfffff,H3,2025,4,1.1
8844a1129dfffff,H3,2025,5,1.0
8844a1129dfffff,H3,2025,6,0.9
8844a1129dfffff,H3,2025,7,0.7
8844a1129dfffff,H3,2025,8,0.6
8844a1129dfffff,H3,2025,9,0.6
8844a1129dfffff,H3,2025,10,0.6
8844a1129dfffff,H3,2025,11,0.7
8844a1129dfffff,H3,2025,12,0.8
8844a1129dfffff,H3,2025,13,0.9
8844a1129dfffff,H3,2025,14,1.0
8844a1129dfffff,H3,2025,15,1.1
8844a1129dfffff,H3,2025,16,1.5
8844a1129dfffff,H3,2025,17,1.9
8844a1129dfffff,H3,2025,18,2.3
8844a1129dfffff,H3,2025,19,2.4
8844a1129dfffff,H3,2025,20,2.5
8844a1129dfffff,H3,2025,21,2.5
8844a1129dfffff,H3,2025,22,2.3
8844a1129dfffff,H3,2025,23,2.0
8844a112b7fffff,H3,2025,0,4.4
8844a112b7fffff,H3,2025,1,4.0
8844a112b7fffff,H3,2025,2,3.4
8844a112b7fffff,H3,2025,3,3.1
8844a112b7fffff,H3,2025,4,2.8
8844a112b7fffff,H3,2025,5,2.5
8844a112b7fffff,H3,2025,6,2.3
8844a112b7fffff,H3,2025,7,1.8
8844a112b7fffff,H3,2025,8,1.5
8844a112b7fffff,H3,2025,9,1.5
8844a112b7fffff,H3,2025,10,1.6
8844a112b7fffff,H3,2025,11,1.8
8844a112b7fffff,H3,2025,12,2.0
8844a112b7fffff,H3,2025,13,2.3
8844a112b7fffff,H3,2025,14,2.6
8844a112b7fffff,H3,2025,15,3.0
8844a112b7fffff,H3,2025,16,3.8
8844a112b7fffff,H3,2025,17,4.9
8844a112b7fffff,H3,2025,18,5.8
8844a112b7fffff,H3,2025,19,6.2
8844a112b7fffff,H3,2025,20,6.5
8844a112b7fffff,H3,2025,21,6.4
8844a112b7fffff,H3,2025,22,5.9
8844a112b7fffff,H3,2025,23,5.2
8844a112b9fffff,H3,2025,0,6.2
8844a112b9fffff,H3,2025,1,5.5
8844a112b9fffff,H3,2025,2,4.8
8844a112b9fffff,H3,2025,3,4.3
8844a112b9fffff,H3,2025,4,3.9
8844a112b9fffff,H3,2025,5,3.5
8844a112b9fffff,H3,2025,6,3.2
8844a112b9fffff,H3,2025,7,2.5
8844a112b9fffff,H3,2025,8,2.2
8844a112b9fffff,H3,2025,9,2.0
8844a112b9fffff,H3,2025,10,2.2
8844a112b9fffff,H3,2025,11,2.5
8844a112b9fffff,H3,2025,12,2.8
8844a112b9fffff,H3,2025,13,3.2
8844a112b9fffff,H3,2025,14,3.6
8844a112b9fffff,H3,2025,15,4.2
8844a112b9fffff,H3,2025,16,5.2
8844a112b9fffff,H3,2025,17,6.9
8844a112b9fffff,H3,2025,18,8.1
8844a112b9fffff,H3,2025,19,8.8
8844a112b9fffff,H3,2025,20,9.1
8844a112b9fffff,H3,2025,21,8.9
8844a112b9fffff,H3,2025,22,8.3
8844a112b9fffff,H3,2025,23,7.4
8844a1170dfffff,H3,2025,0,1.7
8844a1170dfffff,H3,2025,1,1.5
8844a1170dfffff,H3,2025,2,1.2
8844a1170dfffff,H3,2025,3,1.1
8844a1170dfffff,H3,2025,4,1.0
8844a1170dfffff,H3,2025,5,0.9
8844a1170dfffff,H3,2025,6,0.9
8844a1170dfffff,H3,2025,7,0.7
8844a1170dfffff,H3,2025,8,0.6
8844a1170dfffff,H3,2025,9,0.6
8844a1170dfffff,H3,2025,10,0.6
8844a1170dfffff,H3,2025,11,0.7
8844a1170dfffff,H3,2025,12,0.8
8844a1170dfffff,H3,2025,13,0.9
8844a1170dfffff,H3,2025,14,1.0
8844a1170dfffff,H3,2025,15,1.1
8844a1170dfffff,H3,2025,16,1.4
8844a1170dfffff,H3,2025,17,1.8
8844a1170dfffff,H3,2025,18,2.2
8844a1170dfffff,H3,2025,19,2.4
8844a1170dfffff,H3,2025,20,2.5
8844a1170dfffff,H3,2025,21,2.4
8844a1170dfffff,H3,2025,22,2.3
8844a1170dfffff,H3,2025,23,2.0
8844a12991fffff,H3,2025,0,4.1
8844a12991fffff,H3,2025,1,3.6
8844a12991fffff,H3,2025,2,3.2
8844a12991fffff,H3,2025,3,2.8
8844a12991fffff,H3,2025,4,2.5
8844a12991fffff,H3,2025,5,2.3
8844a12991fffff,H3,2025,6,2.0
8844a12991fffff,H3,2025,7,1.6
8844a12991fffff,H3,2025,8,1.4
8844a12991fffff,H3,2025,9,1.4
8844a12991fffff,H3,2025,10,1.4
8844a12991fffff,H3,2025,11,1.6
8844a12991fffff,H3,2025,12,1.9
8844a12991fffff,H3,2025,13,2.0
8844a12991fffff,H3,2025,14,2.4
8844a12991fffff,H3,2025,15,2.7
8844a12991fffff,H3,2025,16,3.4
8844a12991fffff,H3,2025,17,4.5
8844a12991fffff,H3,2025,18,5.3
8844a12991fffff,H3,2025,19,5.7
8844a12991fffff,H3,2025,20,5.9
8844a12991fffff,H3,2025,21,5.8
8844a12991fffff,H3,2025,22,5.5
8844a12991fffff,H3,2025,23,4.8
8844a130e5fffff,H3,2025,0,4.2
8844a130e5fffff,H3,2025,1,3.6
8844a130e5fffff,H3,2025,2,3.2
8844a130e5fffff,H3,2025,3,2.8
8844a130e5fffff,H3,2025,4,2.6
8844a130e5fffff,H3,2025,5,2.4
8844a130e5fffff,H3,2025,6,2.2
8844a130e5fffff,H3,2025,7,1.7
8844a130e5fffff,H3,2025,8,1.4
8844a130e5fffff,H3,2025,9,1.4
8844a130e5fffff,H3,2025,10,1.5
8844a130e5fffff,H3,2025,11,1.7
8844a130e5fffff,H3,2025,12,1.9
8844a130e5fffff,H3,2025,13,2.2
8844a130e5fffff,H3,2025,14,2.4
8844a130e5fffff,H3,2025,15,2.8
8844a130e5fffff,H3,2025,16,3.5
8844a130e5fffff,H3,2025,17,4.7
8844a130e5fffff,H3,2025,18,5.5
8844a130e5fffff,H3,2025,19,5.8
8844a130e5fffff,H3,2025,20,6.0
8844a130e5fffff,H3,2025,21,5.9
8844a130e5fffff,H3,2025,22,5.6
8844a130e5fffff,H3,2025,23,4.9
8844a13123fffff,H3,2025,0,1.7
8844a13123fffff,H3,2025,1,1.5
8844a13123fffff,H3,2025,2,1.2
8844a13123fffff,H3,2025,3,1.1
8844a13123fffff,H3,2025,4,1.0
8844a13123fffff,H3,2025,5,0.9
8844a13123fffff,H3,2025,6,0.8
8844a13123fffff,H3,2025,7,0.7
8844a13123fffff,H3,2025,8,0.6
8844a13123fffff,H3,2025,9,0.6
8844a13123fffff,H3,2025,10,0.6
8844a13123fffff,H3,2025,11,0.7
8844a13123fffff,H3,2025,12,0.8
8844a13123fffff,H3,2025,13,0.9
8844a13123fffff,H3,2025,14,0.9
8844a13123fffff,H3,2025,15,1.1
8844a13123fffff,H3,2025,16,1.4
8844a13123fffff,H3,2025,17,1.8
8844a13123fffff,H3,2025,18,2.2
8844a13123fffff,H3,2025,19,2.3
8844a13123fffff,H3,2025,20,2.4
8844a13123fffff,H3,2025,21,2.4
8844a13123fffff,H3,2025,22,2.2
8844a13123fffff,H3,2025,23,1.9
8844a13157fffff,H3,2025,0,2.7
8844a13157fffff,H3,2025,1,2.4
8844a13157fffff,H3,2025,2,2.2
8844a13157fffff,H3,2025,3,1.9
8844a13157fffff,H3,2025,4,1.7
8844a13157fffff,H3,2025,5,1.6
8844a13157fffff,H3,2025,6,1.4
8844a13157fffff,H3,2025,7,1.1
8844a13157fffff,H3,2025,8,0.9
8844a13157fffff,H3,2025,9,0.9
8844a13157fffff,H3,2025,10,1.0
8844a13157fffff,H3,2025,11,1.1
8844a13157fffff,H3,2025,12,1.2
8844a13157fffff,H3,2025,13,1.5
8844a13157fffff,H3,2025,14,1.6
8844a13157fffff,H3,2025,15,1.9
8844a13157fffff,H3,2025,16,2.4
8844a13157fffff,H3,2025,17,3.1
8844a13157fffff,H3,2025,18,3.6
8844a13157fffff,H3,2025,19,3.9
8844a13157fffff,H3,2025,20,4.1
8844a13157fffff,H3,2025,21,4.0
8844a13157fffff,H3,2025,22,3.6
8844a13157fffff,H3,2025,23,3.3
8844a1315dfffff,H3,2025,0,1.5
8844a1315dfffff,H3,2025,1,1.2
8844a1315dfffff,H3,2025,2,1.1
8844a1315dfffff,H3,2025,3,1.0
8844a1315dfffff,H3,2025,4,0.9
8844a1315dfffff,H3,2025,5,0.8
8844a1315dfffff,H3,2025,6,0.7
8844a1315dfffff,H3,2025,7,0.6
8844a1315dfffff,H3,2025,8,0.5
8844a1315dfffff,H3,2025,9,0.5
8844a1315dfffff,H3,2025,10,0.5
8844a1315dfffff,H3,2025,11,0.6
8844a1315dfffff,H3,2025,12,0.7
8844a1315dfffff,H3,2025,13,0.8
8844a1315dfffff,H3,2025,14,0.8
8844a1315dfffff,H3,2025,15,1.0
8844a1315dfffff,H3,2025,16,1.2
8844a1315dfffff,H3,2025,17,1.6
8844a1315dfffff,H3,2025,18,1.8
8844a1315dfffff,H3,2025,19,2.0
8844a1315dfffff,H3,2025,20,2.0
8844a1315dfffff,H3,2025,21,2.0
8844a1315dfffff,H3,2025,22,1.9
8844a1315dfffff,H3,2025,23,1.7
8844a131d3fffff,H3,2025,0,2.7
8844a131d3fffff,H3,2025,1,2.4
8844a131d3fffff,H3,2025,2,2.0
8844a131d3fffff,H3,2025,3,1.9
8844a131d3fffff,H3,2025,4,1.7
8844a131d3fffff,H3,2025,5,1.6
8844a131d3fffff,H3,2025,6,1.4
8844a131d3fffff,H3,2025,7,1.1
8844a131d3fffff,H3,2025,8,0.9
8844a131d3fffff,H3,2025,9,0.9
8844a131d3fffff,H3,2025,10,0.9
8844a131d3fffff,H3,2025,11,1.1
8844a131d3fffff,H3,2025,12,1.2
8844a131d3fffff,H3,2025,13,1.4
8844a131d3fffff,H3,2025,14,1.6
8844a131d3fffff,H3,2025,15,1.8
8844a131d3fffff,H3,2025,16,2.3
8844a131d3fffff,H3,2025,17,3.0
8844a131d3fffff,H3,2025,18,3.5
8844a131d3fffff,H3,2025,19,3.9
8844a131d3fffff,H3,2025,20,4.0
8844a131d3fffff,H3,2025,21,3.9
8844a131d3fffff,H3,2025,22,3.6
8844a131d3fffff,H3,2025,23,3.2
8844a13ad1fffff,H3,2025,0,2.8
8844a13ad1fffff,H3,2025,1,2.5
8844a13ad1fffff,H3,2025,2,2.2
8844a13ad1fffff,H3,2025,3,1.9
8844a13ad1fffff,H3,2025,4,1.8
8844a13ad1fffff,H3,2025,5,1.6
8844a13ad1fffff,H3,2025,6,1.4
8844a13ad1fffff,H3,2025,7,1.1
8844a13ad1fffff,H3,2025,8,0.9
8844a13ad1fffff,H3,2025,9,0.9
8844a13ad1fffff,H3,2025,10,1.0
8844a13ad1fffff,H3,2025,11,1.1
8844a13ad1fffff,H3,2025,12,1.2
8844a13ad1fffff,H3,2025,13,1.5
8844a13ad1fffff,H3,2025,14,1.6
8844a13ad1fffff,H3,2025,15,1.9
8844a13ad1fffff,H3,2025,16,2.4
8844a13ad1fffff,H3,2025,17,3.2
8844a13ad1fffff,H3,2025,18,3.6
8844a13ad1fffff,H3,2025,19,4.0
8844a13ad1fffff,H3,2025,20,4.1
8844a13ad1fffff,H3,2025,21,4.0
8844a13ad1fffff,H3,2025,22,3.8
8844a13ad1fffff,H3,2025,23,3.3
8844a13b31fffff,H3,2025,0,3.9
8844a13b31fffff,H3,2025,1,3.4
8844a13b31fffff,H3,2025,2,3.0
8844a13b31fffff,H3,2025,3,2.6
8844a13b31fffff,H3,2025,4,2.4
8844a13b31fffff,H3,2025,5,2.2
8844a13b31fffff,H3,2025,6,1.9
8844a13b31fffff,H3,2025,7,1.6
8844a13b31fffff,H3,2025,8,1.2
8844a13b31fffff,H3,2025,9,1.2
8844a13b31fffff,H3,2025,10,1.4
8844a13b31fffff,H3,2025,11,1.6
8844a13b31fffff,H3,2025,12,1.8
8844a13b31fffff,H3,2025,13,1.9
8844a13b31fffff,H3,2025,14,2.2
8844a13b31fffff,H3,2025,15,2.6
8844a13b31fffff,H3,2025,16,3.2
8844a13b31fffff,H3,2025,17,4.2
8844a13b31fffff,H3,2025,18,5.0
8844a13b31fffff,H3,2025,19,5.3
8844a13b31fffff,H3,2025,20,5.6
8844a13b31fffff,H3,2025,21,5.5
8844a13b31fffff,H3,2025,22,5.1
8844a13b31fffff,H3,2025,23,4.5
8844a13b37fffff,H3,2025,0,2.2
8844a13b37fffff,H3,2025,1,1.8
8844a13b37fffff,H3,2025,2,1.6
8844a13b37fffff,H3,2025,3,1.5
8844a13b37fffff,H3,2025,4,1.4
8844a13b37fffff,H3,2025,5,1.2
8844a13b37fffff,H3,2025,6,1.0
8844a13b37fffff,H3,2025,7,0.8
8844a13b37fffff,H3,2025,8,0.7
8844a13b37fffff,H3,2025,9,0.7
8844a13b37fffff,H3,2025,10,0.7
8844a13b37fffff,H3,2025,11,0.8
8844a13b37fffff,H3,2025,12,0.9
8844a13b37fffff,H3,2025,13,1.0
8844a13b37fffff,H3,2025,14,1.2
8844a13b37fffff,H3,2025,15,1.4
8844a13b37fffff,H3,2025,16,1.8
8844a13b37fffff,H3,2025,17,2.3
8844a13b37fffff,H3,2025,18,2.7
8844a13b37fffff,H3,2025,19,3.0
8844a13b37fffff,H3,2025,20,3.1
8844a13b37fffff,H3,2025,21,3.0
8844a13b37fffff,H3,2025,22,2.8
8844a13b37fffff,H3,2025,23,2.5
8844a13b39fffff,H3,2025,0,3.8
8844a13b39fffff,H3,2025,1,3.3
8844a13b39fffff,H3,2025,2,2.8
8844a13b39fffff,H3,2025,3,2.5
8844a13b39fffff,H3,2025,4,2.3
8844a13b39fffff,H3,2025,5,2.2
8844a13b39fffff,H3,2025,6,1.8
8844a13b39fffff,H3,2025,7,1.5
8844a13b39fffff,H3,2025,8,1.2
8844a13b39fffff,H3,2025,9,1.2
8844a13b39fffff,H3,2025,10,1.2
8844a13b39fffff,H3,2025,11,1.5
8844a13b39fffff,H3,2025,12,1.7
8844a13b39fffff,H3,2025,13,1.9
8844a13b39fffff,H3,2025,14,2.2
8844a13b39fffff,H3,2025,15,2.5
8844a13b39fffff,H3,2025,16,3.1
8844a13b39fffff,H3,2025,17,4.1
8844a13b39fffff,H3,2025,18,4.8
8844a13b39fffff,H3,2025,19,5.1
8844a13b39fffff,H3,2025,20,5.3
8844a13b39fffff,H3,2025,21,5.3
8844a13b39fffff,H3,2025,22,4.9
8844a13b39fffff,H3,2025,23,4.4
8844a13b5dfffff,H3,2025,0,1.2
8844a13b5dfffff,H3,2025,1,1.1
8844a13b5dfffff,H3,2025,2,1.0
8844a13b5dfffff,H3,2025,3,0.9
8844a13b5dfffff,H3,2025,4,0.8
8844a13b5dfffff,H3,2025,5,0.7
8844a13b5dfffff,H3,2025,6,0.7
8844a13b5dfffff,H3,2025,7,0.6
8844a13b5dfffff,H3,2025,8,0.5
8844a13b5dfffff,H3,2025,9,0.5
8844a13b5dfffff,H3,2025,10,0.5
8844a13b5dfffff,H3,2025,11,0.6
8844a13b5dfffff,H3,2025,12,0.6
8844a13b5dfffff,H3,2025,13,0.7
8844a13b5dfffff,H3,2025,14,0.8
8844a13b5dfffff,H3,2025,15,0.9
8844a13b5dfffff,H3,2025,16,1.0
8844a13b5dfffff,H3,2025,17,1.4
8844a13b5dfffff,H3,2025,18,1.7
8844a13b5dfffff,H3,2025,19,1.8
8844a13b5dfffff,H3,2025,20,1.8
8844a13b5dfffff,H3,2025,21,1.8
8844a13b5dfffff,H3,2025,22,1.7
8844a13b5dfffff,H3,2025,23,1.5
8844a18769fffff,H3,2025,0,2.2
8844a18769fffff,H3,2025,1,1.9
8844a18769fffff,H3,2025,2,1.7
8844a18769fffff,H3,2025,3,1.5
8844a18769fffff,H3,2025,4,1.4
8844a18769fffff,H3,2025,5,1.2
8844a18769fffff,H3,2025,6,1.1
8844a18769fffff,H3,2025,7,0.9
8844a18769fffff,H3,2025,8,0.8
8844a18769fffff,H3,2025,9,0.7
8844a18769fffff,H3,2025,10,0.8
8844a18769fffff,H3,2025,11,0.9
8844a18769fffff,H3,2025,12,1.0
8844a18769fffff,H3,2025,13,1.1
8844a18769fffff,H3,2025,14,1.2
8844a18769fffff,H3,2025,15,1.5
8844a18769fffff,H3,2025,16,1.9
8844a18769fffff,H3,2025,17,2.5
8844a18769fffff,H3,2025,18,2.8
8844a18769fffff,H3,2025,19,3.1
8844a18769fffff,H3,2025,20,3.2
8844a18769fffff,H3,2025,21,3.2
8844a18769fffff,H3,2025,22,3.0
8844a18769fffff,H3,2025,23,2.6
8844a18cb3fffff,H3,2025,0,12.5
8844a18cb3fffff,H3,2025,1,10.9
8844a18cb3fffff,H3,2025,2,9.5
8844a18cb3fffff,H3,2025,3,8.6
8844a18cb3fffff,H3,2025,4,7.7
8844a18cb3fffff,H3,2025,5,7.0
8844a18cb3fffff,H3,2025,6,6.2
8844a18cb3fffff,H3,2025,7,5.0
8844a18cb3fffff,H3,2025,8,4.2
8844a18cb3fffff,H3,2025,9,4.1
8844a18cb3fffff,H3,2025,10,4.3
8844a18cb3fffff,H3,2025,11,5.0
8844a18cb3fffff,H3,2025,12,5.8
8844a18cb3fffff,H3,2025,13,6.5
8844a18cb3fffff,H3,2025,14,7.2
8844a18cb3fffff,H3,2025,15,8.5
8844a18cb3fffff,H3,2025,16,10.6
8844a18cb3fffff,H3,2025,17,13.9
8844a18cb3fffff,H3,2025,18,16.2
8844a18cb3fffff,H3,2025,19,17.4
8844a18cb3fffff,H3,2025,20,18.2
8844a18cb3fffff,H3,2025,21,17.8
8844a18cb3fffff,H3,2025,22,16.6
8844a18cb3fffff,H3,2025,23,14.8
8844a190b1fffff,H3,2025,0,3.8
8844a190b1fffff,H3,2025,1,3.3
8844a190b1fffff,H3,2025,2,2.8
8844a190b1fffff,H3,2025,3,2.5
8844a190b1fffff,H3,2025,4,2.3
8844a190b1fffff,H3,2025,5,2.2
8844a190b1fffff,H3,2025,6,1.8
8844a190b1fffff,H3,2025,7,1.5
8844a190b1fffff,H3,2025,8,1.2
8844a190b1fffff,H3,2025,9,1.2
8844a190b1fffff,H3,2025,10,1.2
8844a190b1fffff,H3,2025,11,1.5
8844a190b1fffff,H3,2025,12,1.7
8844a190b1fffff,H3,2025,13,1.9
8844a190b1fffff,H3,2025,14,2.2
8844a190b1fffff,H3,2025,15,2.5
8844a190b1fffff,H3,2025,16,3.2
8844a190b1fffff,H3,2025,17,4.1
8844a190b1fffff,H3,2025,18,4.8
8844a190b1fffff,H3,2025,19,5.1
8844a190b1fffff,H3,2025,20,5.5
8844a190b1fffff,H3,2025,21,5.3
8844a190b1fffff,H3,2025,22,4.9
8844a190b1fffff,H3,2025,23,4.4
8844a1a923fffff,H3,2025,0,1.4
8844a1a923fffff,H3,2025,1,1.2
8844a1a923fffff,H3,2025,2,1.0
8844a1a923fffff,H3,2025,3,0.9
8844a1a923fffff,H3,2025,4,0.9
8844a1a923fffff,H3,2025,5,0.8
8844a1a923fffff,H3,2025,6,0.7
8844a1a923fffff,H3,2025,7,0.6
8844a1a923fffff,H3,2025,8,0.5
8844a1a923fffff,H3,2025,9,0.5
8844a1a923fffff,H3,2025,10,0.5
8844a1a923fffff,H3,2025,11,0.6
8844a1a923fffff,H3,2025,12,0.7
8844a1a923fffff,H3,2025,13,0.7
8844a1a923fffff,H3,2025,14,0.8
8844a1a923fffff,H3,2025,15,0.9
8844a1a923fffff,H3,2025,16,1.1
8844a1a923fffff,H3,2025,17,1.5
8844a1a923fffff,H3,2025,18,1.8
8844a1a923fffff,H3,2025,19,1.9
8844a1a923fffff,H3,2025,20,1.9
8844a1a923fffff,H3,2025,21,1.9
8844a1a923fffff,H3,2025,22,1.8
8844a1a923fffff,H3,2025,23,1.6
8844a1b8c9fffff,H3,2025,0,10.6
8844a1b8c9fffff,H3,2025,1,9.3
8844a1b8c9fffff,H3,2025,2,8.1
8844a1b8c9fffff,H3,2025,3,7.3
8844a1b8c9fffff,H3,2025,4,6.6
8844a1b8c9fffff,H3,2025,5,6.0
8844a1b8c9fffff,H3,2025,6,5.3
8844a1b8c9fffff,H3,2025,7,4.2
8844a1b8c9fffff,H3,2025,8,3.5
8844a1b8c9fffff,H3,2025,9,3.4
8844a1b8c9fffff,H3,2025,10,3.6
8844a1b8c9fffff,H3,2025,11,4.2
8844a1b8c9fffff,H3,2025,12,4.9
8844a1b8c9fffff,H3,2025,13,5.5
8844a1b8c9fffff,H3,2025,14,6.0
8844a1b8c9fffff,H3,2025,15,7.2
8844a1b8c9fffff,H3,2025,16,8.9
8844a1b8c9fffff,H3,2025,17,11.6
8844a1b8c9fffff,H3,2025,18,13.6
8844a1b8c9fffff,H3,2025,19,14.7
8844a1b8c9fffff,H3,2025,20,15.3
8844a1b8c9fffff,H3,2025,21,15.0
8844a1b8c9fffff,H3,2025,22,14.0
8844a1b8c9fffff,H3,2025,23,12.4
8844a1b937fffff,H3,2025,0,1.7
8844a1b937fffff,H3,2025,1,1.5
8844a1b937fffff,H3,2025,2,1.2
8844a1b937fffff,H3,2025,3,1.1
8844a1b937fffff,H3,2025,4,1.0
8844a1b937fffff,H3,2025,5,0.9
8844a1b937fffff,H3,2025,6,0.8
8844a1b937fffff,H3,2025,7,0.7
8844a1b937fffff,H3,2025,8,0.6
8844a1b937fffff,H3,2025,9,0.6
8844a1b937fffff,H3,2025,10,0.6
8844a1b937fffff,H3,2025,11,0.7
8844a1b937fffff,H3,2025,12,0.8
8844a1b937fffff,H3,2025,13,0.9
8844a1b937fffff,H3,2025,14,1.0
8844a1b937fffff,H3,2025,15,1.1
8844a1b937fffff,H3,2025,16,1.5
8844a1b937fffff,H3,2025,17,1.8
8844a1b937fffff,H3,2025,18,2.2
8844a1b937fffff,H3,2025,19,2.4
8844a1b937fffff,H3,2025,20,2.4
8844a1b937fffff,H3,2025,21,2.4
8844a1b937fffff,H3,2025,22,2.2
8844a1b937fffff,H3,2025,23,1.9
8844a1bb47fffff,H3,2025,0,3.0
8844a1bb47fffff,H3,2025,0,0.5
8844a1bb47fffff,H3,2025,1,2.6
8844a1bb47fffff,H3,2025,1,0.3
8844a1bb47fffff,H3,2025,2,2.3
8844a1bb47fffff,H3,2025,2,0.3
8844a1bb47fffff,H3,2025,3,2.0
8844a1bb47fffff,H3,2025,3,0.2
8844a1bb47fffff,H3,2025,4,1.8
8844a1bb47fffff,H3,2025,4,0.2
8844a1bb47fffff,H3,2025,5,1.7
8844a1bb47fffff,H3,2025,5,0.2
8844a1bb47fffff,H3,2025,6,1.5
8844a1bb47fffff,H3,2025,6,0.2
8844a1bb47fffff,H3,2025,7,1.1
8844a1bb47fffff,H3,2025,7,0.2
8844a1bb47fffff,H3,2025,8,1.0
8844a1bb47fffff,H3,2025,8,0.1
8844a1bb47fffff,H3,2025,9,0.9
8844a1bb47fffff,H3,2025,9,0.1
8844a1bb47fffff,H3,2025,10,1.0
8844a1bb47fffff,H3,2025,10,0.1
8844a1bb47fffff,H3,2025,11,1.1
8844a1bb47fffff,H3,2025,11,0.2
8844a1bb47fffff,H3,2025,12,1.4
8844a1bb47fffff,H3,2025,12,0.2
8844a1bb47fffff,H3,2025,13,1.5
8844a1bb47fffff,H3,2025,13,0.2
8844a1bb47fffff,H3,2025,14,1.7
8844a1bb47fffff,H3,2025,14,0.2
8844a1bb47fffff,H3,2025,15,2.0
8844a1bb47fffff,H3,2025,15,0.3
8844a1bb47fffff,H3,2025,16,2.5
8844a1bb47fffff,H3,2025,16,0.5
8844a1bb47fffff,H3,2025,17,3.3
8844a1bb47fffff,H3,2025,17,0.6
8844a1bb47fffff,H3,2025,18,3.9
8844a1bb47fffff,H3,2025,18,0.7
8844a1bb47fffff,H3,2025,19,4.1
8844a1bb47fffff,H3,2025,19,0.7
8844a1bb47fffff,H3,2025,20,4.3
8844a1bb47fffff,H3,2025,20,0.7
8844a1bb47fffff,H3,2025,21,4.2
8844a1bb47fffff,H3,2025,21,0.7
8844a1bb47fffff,H3,2025,22,3.9
8844a1bb47fffff,H3,2025,22,0.6
8844a1bb47fffff,H3,2025,23,3.4
8844a1bb47fffff,H3,2025,23,0.5
8844a52d95fffff,H3,2025,0,2.3
8844a52d95fffff,H3,2025,1,2.0
8844a52d95fffff,H3,2025,2,1.8
8844a52d95fffff,H3,2025,3,1.6
8844a52d95fffff,H3,2025,4,1.5
8844a52d95fffff,H3,2025,5,1.4
8844a52d95fffff,H3,2025,6,1.1
8844a52d95fffff,H3,2025,7,0.9
8844a52d95fffff,H3,2025,8,0.8
8844a52d95fffff,H3,2025,9,0.8
8844a52d95fffff,H3,2025,10,0.8
8844a52d95fffff,H3,2025,11,0.9
8844a52d95fffff,H3,2025,12,1.0
8844a52d95fffff,H3,2025,13,1.2
8844a52d95fffff,H3,2025,14,1.4
8844a52d95fffff,H3,2025,15,1.6
8844a52d95fffff,H3,2025,16,1.9
8844a52d95fffff,H3,2025,17,2.6
8844a52d95fffff,H3,2025,18,3.1
8844a52d95fffff,H3,2025,19,3.3
8844a52d95fffff,H3,2025,20,3.4
8844a52d95fffff,H3,2025,21,3.3
8844a52d95fffff,H3,2025,22,3.1
8844a52d95fffff,H3,2025,23,2.7
8844a82c3bfffff,H3,2025,0,2.2
8844a82c3bfffff,H3,2025,1,1.9
8844a82c3bfffff,H3,2025,2,1.7
8844a82c3bfffff,H3,2025,3,1.5
8844a82c3bfffff,H3,2025,4,1.4
8844a82c3bfffff,H3,2025,5,1.2
8844a82c3bfffff,H3,2025,6,1.1
8844a82c3bfffff,H3,2025,7,0.9
8844a82c3bfffff,H3,2025,8,0.8
8844a82c3bfffff,H3,2025,9,0.7
8844a82c3bfffff,H3,2025,10,0.8
8844a82c3bfffff,H3,2025,11,0.9
8844a82c3bfffff,H3,2025,12,1.0
8844a82c3bfffff,H3,2025,13,1.1
8844a82c3bfffff,H3,2025,14,1.2
8844a82c3bfffff,H3,2025,15,1.5
8844a82c3bfffff,H3,2025,16,1.8
8844a82c3bfffff,H3,2025,17,2.5
8844a82c3bfffff,H3,2025,18,2.8
8844a82c3bfffff,H3,2025,19,3.1
8844a82c3bfffff,H3,2025,20,3.2
8844a82c3bfffff,H3,2025,21,3.2
8844a82c3bfffff,H3,2025,22,3.0
8844a82c3bfffff,H3,2025,23,2.6
8844a8c523fffff,H3,2025,0,1.2
8844a8c523fffff,H3,2025,1,1.0
8844a8c523fffff,H3,2025,2,0.9
8844a8c523fffff,H3,2025,3,0.8
8844a8c523fffff,H3,2025,4,0.8
8844a8c523fffff,H3,2025,5,0.7
8844a8c523fffff,H3,2025,6,0.6
8844a8c523fffff,H3,2025,7,0.5
8844a8c523fffff,H3,2025,8,0.5
8844a8c523fffff,H3,2025,9,0.3
8844a8c523fffff,H3,2025,10,0.5
8844a8c523fffff,H3,2025,11,0.5
8844a8c523fffff,H3,2025,12,0.6
8844a8c523fffff,H3,2025,13,0.7
8844a8c523fffff,H3,2025,14,0.7
8844a8c523fffff,H3,2025,15,0.8
8844a8c523fffff,H3,2025,16,1.0
8844a8c523fffff,H3,2025,17,1.4
8844a8c523fffff,H3,2025,18,1.6
8844a8c523fffff,H3,2025,19,1.7
8844a8c523fffff,H3,2025,20,1.8
8844a8c523fffff,H3,2025,21,1.7
8844a8c523fffff,H3,2025,22,1.6
8844a8c523fffff,H3,2025,23,1.5
8844a90097fffff,H3,2025,0,8.2
8844a90097fffff,H3,2025,1,7.2
8844a90097fffff,H3,2025,2,6.2
8844a90097fffff,H3,2025,3,5.7
8844a90097fffff,H3,2025,4,5.1
8844a90097fffff,H3,2025,5,4.7
8844a90097fffff,H3,2025,6,4.1
8844a90097fffff,H3,2025,7,3.3
8844a90097fffff,H3,2025,8,2.7
8844a90097fffff,H3,2025,9,2.6
8844a90097fffff,H3,2025,10,2.8
8844a90097fffff,H3,2025,11,3.3
8844a90097fffff,H3,2025,12,3.8
8844a90097fffff,H3,2025,13,4.2
8844a90097fffff,H3,2025,14,4.8
8844a90097fffff,H3,2025,15,5.6
8844a90097fffff,H3,2025,16,6.9
8844a90097fffff,H3,2025,17,9.1
8844a90097fffff,H3,2025,18,10.7
8844a90097fffff,H3,2025,19,11.5
8844a90097fffff,H3,2025,20,11.9
8844a90097fffff,H3,2025,21,11.7
8844a90097fffff,H3,2025,22,10.9
8844a90097fffff,H3,2025,23,9.7
8844a90113fffff,H3,2025,0,8.3
8844a90113fffff,H3,2025,1,7.3
8844a90113fffff,H3,2025,2,6.4
8844a90113fffff,H3,2025,3,5.8
8844a90113fffff,H3,2025,4,5.2
8844a90113fffff,H3,2025,5,4.8
8844a90113fffff,H3,2025,6,4.2
8844a90113fffff,H3,2025,7,3.3
8844a90113fffff,H3,2025,8,2.8
8844a90113fffff,H3,2025,9,2.7
8844a90113fffff,H3,2025,10,3.0
8844a90113fffff,H3,2025,11,3.3
8844a90113fffff,H3,2025,12,3.9
8844a90113fffff,H3,2025,13,4.3
8844a90113fffff,H3,2025,14,4.8
8844a90113fffff,H3,2025,15,5.7
8844a90113fffff,H3,2025,16,7.0
8844a90113fffff,H3,2025,17,9.2
8844a90113fffff,H3,2025,18,10.9
8844a90113fffff,H3,2025,19,11.7
8844a90113fffff,H3,2025,20,12.2
8844a90113fffff,H3,2025,21,11.9
8844a90113fffff,H3,2025,22,11.0
8844a90113fffff,H3,2025,23,9.9
8844a90187fffff,H3,2025,0,1.4
8844a90187fffff,H3,2025,1,1.2
8844a90187fffff,H3,2025,2,1.0
8844a90187fffff,H3,2025,3,0.9
8844a90187fffff,H3,2025,4,0.9
8844a90187fffff,H3,2025,5,0.8
8844a90187fffff,H3,2025,6,0.7
8844a90187fffff,H3,2025,7,0.6
8844a90187fffff,H3,2025,8,0.5
8844a90187fffff,H3,2025,9,0.5
8844a90187fffff,H3,2025,10,0.5
8844a90187fffff,H3,2025,11,0.6
8844a90187fffff,H3,2025,12,0.7
8844a90187fffff,H3,2025,13,0.7
8844a90187fffff,H3,2025,14,0.8
8844a90187fffff,H3,2025,15,0.9
8844a90187fffff,H3,2025,16,1.1
8844a90187fffff,H3,2025,17,1.6
8844a90187fffff,H3,2025,18,1.8
8844a90187fffff,H3,2025,19,1.9
8844a90187fffff,H3,2025,20,2.0
8844a90187fffff,H3,2025,21,1.9
8844a90187fffff,H3,2025,22,1.8
8844a90187fffff,H3,2025,23,1.6
8844a90e3dfffff,H3,2025,0,1.4
8844a90e3dfffff,H3,2025,1,1.2
8844a90e3dfffff,H3,2025,2,1.0
8844a90e3dfffff,H3,2025,3,0.9
8844a90e3dfffff,H3,2025,4,0.8
8844a90e3dfffff,H3,2025,5,0.8
8844a90e3dfffff,H3,2025,6,0.7
8844a90e3dfffff,H3,2025,7,0.6
8844a90e3dfffff,H3,2025,8,0.5
8844a90e3dfffff,H3,2025,9,0.5
8844a90e3dfffff,H3,2025,10,0.5
8844a90e3dfffff,H3,2025,11,0.6
8844a90e3dfffff,H3,2025,12,0.7
8844a90e3dfffff,H3,2025,13,0.7
8844a90e3dfffff,H3,2025,14,0.8
8844a90e3dfffff,H3,2025,15,0.9
8844a90e3dfffff,H3,2025,16,1.1
8844a90e3dfffff,H3,2025,17,1.5
8844a90e3dfffff,H3,2025,18,1.8
8844a90e3dfffff,H3,2025,19,1.9
8844a90e3dfffff,H3,2025,20,1.9
8844a90e3dfffff,H3,2025,21,1.9
8844a90e3dfffff,H3,2025,22,1.8
8844a90e3dfffff,H3,2025,23,1.6
8844a90e57fffff,H3,2025,0,5.1
8844a90e57fffff,H3,2025,1,4.4
8844a90e57fffff,H3,2025,2,3.8
8844a90e57fffff,H3,2025,3,3.4
8844a90e57fffff,H3,2025,4,3.1
8844a90e57fffff,H3,2025,5,2.8
8844a90e57fffff,H3,2025,6,2.6
8844a90e57fffff,H3,2025,7,2.2
8844a90e57fffff,H3,2025,8,2.0
8844a90e57fffff,H3,2025,9,2.0
8844a90e57fffff,H3,2025,10,2.2
8844a90e57fffff,H3,2025,11,2.5
8844a90e57fffff,H3,2025,12,2.8
8844a90e57fffff,H3,2025,13,3.2
8844a90e57fffff,H3,2025,14,3.5
8844a90e57fffff,H3,2025,15,4.0
8844a90e57fffff,H3,2025,16,4.9
8844a90e57fffff,H3,2025,17,6.2
8844a90e57fffff,H3,2025,18,7.3
8844a90e57fffff,H3,2025,19,7.7
8844a90e57fffff,H3,2025,20,8.0
8844a90e57fffff,H3,2025,21,7.6
8844a90e57fffff,H3,2025,22,7.0
8844a90e57fffff,H3,2025,23,6.1
8844a918bbfffff,H3,2025,0,3.3
8844a918bbfffff,H3,2025,1,2.8
8844a918bbfffff,H3,2025,2,2.5
8844a918bbfffff,H3,2025,3,2.3
8844a918bbfffff,H3,2025,4,2.0
8844a918bbfffff,H3,2025,5,1.8
8844a918bbfffff,H3,2025,6,1.6
8844a918bbfffff,H3,2025,7,1.4
8844a918bbfffff,H3,2025,8,1.1
8844a918bbfffff,H3,2025,9,1.0
8844a918bbfffff,H3,2025,10,1.1
8844a918bbfffff,H3,2025,11,1.4
8844a918bbfffff,H3,2025,12,1.6
8844a918bbfffff,H3,2025,13,1.7
8844a918bbfffff,H3,2025,14,1.9
8844a918bbfffff,H3,2025,15,2.3
8844a918bbfffff,H3,2025,16,2.8
8844a918bbfffff,H3,2025,17,3.6
8844a918bbfffff,H3,2025,18,4.3
8844a918bbfffff,H3,2025,19,4.5
8844a918bbfffff,H3,2025,20,4.8
8844a918bbfffff,H3,2025,21,4.7
8844a918bbfffff,H3,2025,22,4.3
8844a918bbfffff,H3,2025,23,3.9
8844a91ad5fffff,H3,2025,0,2.0
8844a91ad5fffff,H3,2025,1,1.8
8844a91ad5fffff,H3,2025,2,1.6
8844a91ad5fffff,H3,2025,3,1.4
8844a91ad5fffff,H3,2025,4,1.2
8844a91ad5fffff,H3,2025,5,1.1
8844a91ad5fffff,H3,2025,6,1.0
8844a91ad5fffff,H3,2025,7,0.8
8844a91ad5fffff,H3,2025,8,0.7
8844a91ad5fffff,H3,2025,9,0.7
8844a91ad5fffff,H3,2025,10,0.7
8844a91ad5fffff,H3,2025,11,0.8
8844a91ad5fffff,H3,2025,12,0.9
8844a91ad5fffff,H3,2025,13,1.0
8844a91ad5fffff,H3,2025,14,1.1
8844a91ad5fffff,H3,2025,15,1.4
8844a91ad5fffff,H3,2025,16,1.7
8844a91ad5fffff,H3,2025,17,2.3
8844a91ad5fffff,H3,2025,18,2.6
8844a91ad5fffff,H3,2025,19,2.8
8844a91ad5fffff,H3,2025,20,3.0
8844a91ad5fffff,H3,2025,21,3.0
8844a91ad5fffff,H3,2025,22,2.7
8844a91ad5fffff,H3,2025,23,2.4
8844ab9283fffff,H3,2025,0,6.0
8844ab9283fffff,H3,2025,1,5.2
8844ab9283fffff,H3,2025,2,4.5
8844ab9283fffff,H3,2025,3,4.1
8844ab9283fffff,H3,2025,4,3.8
8844ab9283fffff,H3,2025,5,3.4
8844ab9283fffff,H3,2025,6,3.1
8844ab9283fffff,H3,2025,7,2.4
8844ab9283fffff,H3,2025,8,2.0
8844ab9283fffff,H3,2025,9,1.9
8844ab9283fffff,H3,2025,10,2.2
8844ab9283fffff,H3,2025,11,2.4
8844ab9283fffff,H3,2025,12,2.8
8844ab9283fffff,H3,2025,13,3.2
8844ab9283fffff,H3,2025,14,3.5
8844ab9283fffff,H3,2025,15,4.1
8844ab9283fffff,H3,2025,16,5.1
8844ab9283fffff,H3,2025,17,6.7
8844ab9283fffff,H3,2025,18,8.0
8844ab9283fffff,H3,2025,19,8.5
8844ab9283fffff,H3,2025,20,8.8
8844ab9283fffff,H3,2025,21,8.6
8844ab9283fffff,H3,2025,22,8.0
8844ab9283fffff,H3,2025,23,7.0
8844ab95e1fffff,H3,2025,0,1.6
8844ab95e1fffff,H3,2025,1,1.4
8844ab95e1fffff,H3,2025,2,1.2
8844ab95e1fffff,H3,2025,3,1.0
8844ab95e1fffff,H3,2025,4,1.0
8844ab95e1fffff,H3,2025,5,0.9
8844ab95e1fffff,H3,2025,6,0.8
8844ab95e1fffff,H3,2025,7,0.7
8844ab95e1fffff,H3,2025,8,0.6
8844ab95e1fffff,H3,2025,9,0.6
8844ab95e1fffff,H3,2025,10,0.6
8844ab95e1fffff,H3,2025,11,0.7
8844ab95e1fffff,H3,2025,12,0.8
8844ab95e1fffff,H3,2025,13,0.9
8844ab95e1fffff,H3,2025,14,0.9
8844ab95e1fffff,H3,2025,15,1.1
8844ab95e1fffff,H3,2025,16,1.4
8844ab95e1fffff,H3,2025,17,1.8
8844ab95e1fffff,H3,2025,18,2.2
8844ab95e1fffff,H3,2025,19,2.3
8844ab95e1fffff,H3,2025,20,2.4
8844ab95e1fffff,H3,2025,21,2.3
8844ab95e1fffff,H3,2025,22,2.2
8844ab95e1fffff,H3,2025,23,1.8
8844ad2db7fffff,H3,2025,0,1.5
8844ad2db7fffff,H3,2025,1,1.2
8844ad2db7fffff,H3,2025,2,1.1
8844ad2db7fffff,H3,2025,3,1.0
8844ad2db7fffff,H3,2025,4,0.9
8844ad2db7fffff,H3,2025,5,0.8
8844ad2db7fffff,H3,2025,6,0.7
8844ad2db7fffff,H3,2025,7,0.6
8844ad2db7fffff,H3,2025,8,0.5
8844ad2db7fffff,H3,2025,9,0.5
8844ad2db7fffff,H3,2025,10,0.5
8844ad2db7fffff,H3,2025,11,0.6
8844ad2db7fffff,H3,2025,12,0.7
8844ad2db7fffff,H3,2025,13,0.8
8844ad2db7fffff,H3,2025,14,0.8
8844ad2db7fffff,H3,2025,15,0.9
8844ad2db7fffff,H3,2025,16,1.2
8844ad2db7fffff,H3,2025,17,1.6
8844ad2db7fffff,H3,2025,18,1.8
8844ad2db7fffff,H3,2025,19,2.0
8844ad2db7fffff,H3,2025,20,2.0
8844ad2db7fffff,H3,2025,21,2.0
8844ad2db7fffff,H3,2025,22,1.9
8844ad2db7fffff,H3,2025,23,1.7
8844ad4651fffff,H3,2025,0,2.2
8844ad4651fffff,H3,2025,1,1.8
8844ad4651fffff,H3,2025,2,1.6
8844ad4651fffff,H3,2025,3,1.5
8844ad4651fffff,H3,2025,4,1.4
8844ad4651fffff,H3,2025,5,1.2
8844ad4651fffff,H3,2025,6,1.0
8844ad4651fffff,H3,2025,7,0.8
8844ad4651fffff,H3,2025,8,0.7
8844ad4651fffff,H3,2025,9,0.7
8844ad4651fffff,H3,2025,10,0.8
8844ad4651fffff,H3,2025,11,0.8
8844ad4651fffff,H3,2025,12,1.0
8844ad4651fffff,H3,2025,13,1.0
8844ad4651fffff,H3,2025,14,1.2
8844ad4651fffff,H3,2025,15,1.4
8844ad4651fffff,H3,2025,16,1.8
8844ad4651fffff,H3,2025,17,2.3
8844ad4651fffff,H3,2025,18,2.7
8844ad4651fffff,H3,2025,19,3.0
8844ad4651fffff,H3,2025,20,3.1
8844ad4651fffff,H3,2025,21,3.0
8844ad4651fffff,H3,2025,22,2.8
8844ad4651fffff,H3,2025,23,2.5
8844ae8ec9fffff,H3,2025,0,5.0
8844ae8ec9fffff,H3,2025,1,4.4
8844ae8ec9fffff,H3,2025,2,3.9
8844ae8ec9fffff,H3,2025,3,3.4
8844ae8ec9fffff,H3,2025,4,3.2
8844ae8ec9fffff,H3,2025,5,2.8
8844ae8ec9fffff,H3,2025,6,2.5
8844ae8ec9fffff,H3,2025,7,2.0
8844ae8ec9fffff,H3,2025,8,1.7
8844ae8ec9fffff,H3,2025,9,1.6
8844ae8ec9fffff,H3,2025,10,1.7
8844ae8ec9fffff,H3,2025,11,2.0
8844ae8ec9fffff,H3,2025,12,2.3
8844ae8ec9fffff,H3,2025,13,2.5
8844ae8ec9fffff,H3,2025,14,2.8
8844ae8ec9fffff,H3,2025,15,3.4
8844ae8ec9fffff,H3,2025,16,4.2
8844ae8ec9fffff,H3,2025,17,5.5
8844ae8ec9fffff,H3,2025,18,6.5
8844ae8ec9fffff,H3,2025,19,6.9
8844ae8ec9fffff,H3,2025,20,7.3
8844ae8ec9fffff,H3,2025,21,7.2
8844ae8ec9fffff,H3,2025,22,6.6
8844ae8ec9fffff,H3,2025,23,5.9
8844aeb829fffff,H3,2025,0,3.8
8844aeb829fffff,H3,2025,1,3.3
8844aeb829fffff,H3,2025,2,2.8
8844aeb829fffff,H3,2025,3,2.5
8844aeb829fffff,H3,2025,4,2.2
8844aeb829fffff,H3,2025,5,2.0
8844aeb829fffff,H3,2025,6,1.8
8844aeb829fffff,H3,2025,7,1.4
8844aeb829fffff,H3,2025,8,1.2
8844aeb829fffff,H3,2025,9,1.1
8844aeb829fffff,H3,2025,10,1.2
8844aeb829fffff,H3,2025,11,1.5
8844aeb829fffff,H3,2025,12,1.6
8844aeb829fffff,H3,2025,13,1.8
8844aeb829fffff,H3,2025,14,2.0
8844aeb829fffff,H3,2025,15,2.4
8844aeb829fffff,H3,2025,16,3.1
8844aeb829fffff,H3,2025,17,4.0
8844aeb829fffff,H3,2025,18,4.9
8844aeb829fffff,H3,2025,19,5.7
8844aeb829fffff,H3,2025,20,5.9
8844aeb829fffff,H3,2025,21,5.7
8844aeb829fffff,H3,2025,22,5.1
8844aeb829fffff,H3,2025,23,4.4
8844aebb17fffff,H3,2025,0,1.6
8844aebb17fffff,H3,2025,1,1.4
8844aebb17fffff,H3,2025,2,1.1
8844aebb17fffff,H3,2025,3,1.0
8844aebb17fffff,H3,2025,4,0.9
8844aebb17fffff,H3,2025,5,0.9
8844aebb17fffff,H3,2025,6,0.8
8844aebb17fffff,H3,2025,7,0.6
8844aebb17fffff,H3,2025,8,0.6
8844aebb17fffff,H3,2025,9,0.5
8844aebb17fffff,H3,2025,10,0.6
8844aebb17fffff,H3,2025,11,0.6
8844aebb17fffff,H3,2025,12,0.7
8844aebb17fffff,H3,2025,13,0.8
8844aebb17fffff,H3,2025,14,0.9
8844aebb17fffff,H3,2025,15,1.0
8844aebb17fffff,H3,2025,16,1.2
8844aebb17fffff,H3,2025,17,1.7
8844aebb17fffff,H3,2025,18,2.0
8844aebb17fffff,H3,2025,19,2.2
8844aebb17fffff,H3,2025,20,2.3
8844aebb17fffff,H3,2025,21,2.2
8844aebb17fffff,H3,2025,22,2.0
8844aebb17fffff,H3,2025,23,1.8
8844aebb69fffff,H3,2025,0,2.6
8844aebb69fffff,H3,2025,1,2.3
8844aebb69fffff,H3,2025,2,1.9
8844aebb69fffff,H3,2025,3,1.8
8844aebb69fffff,H3,2025,4,1.6
8844aebb69fffff,H3,2025,5,1.5
8844aebb69fffff,H3,2025,6,1.2
8844aebb69fffff,H3,2025,7,1.0
8844aebb69fffff,H3,2025,8,0.9
8844aebb69fffff,H3,2025,9,0.8
8844aebb69fffff,H3,2025,10,0.9
8844aebb69fffff,H3,2025,11,1.0
8844aebb69fffff,H3,2025,12,1.2
8844aebb69fffff,H3,2025,13,1.4
8844aebb69fffff,H3,2025,14,1.5
8844aebb69fffff,H3,2025,15,1.7
8844aebb69fffff,H3,2025,16,2.2
8844aebb69fffff,H3,2025,17,2.8
8844aebb69fffff,H3,2025,18,3.4
8844aebb69fffff,H3,2025,19,3.6
8844aebb69fffff,H3,2025,20,3.8
8844aebb69fffff,H3,2025,21,3.6
8844aebb69fffff,H3,2025,22,3.4
8844aebb69fffff,H3,2025,23,3.1
8844c08751fffff,H3,2025,0,14.2
8844c08751fffff,H3,2025,1,12.4
8844c08751fffff,H3,2025,2,10.7
8844c08751fffff,H3,2025,3,9.5
8844c08751fffff,H3,2025,4,8.6
8844c08751fffff,H3,2025,5,8.0
8844c08751fffff,H3,2025,6,7.3
8844c08751fffff,H3,2025,7,6.0
8844c08751fffff,H3,2025,8,5.1
8844c08751fffff,H3,2025,9,5.0
8844c08751fffff,H3,2025,10,5.5
8844c08751fffff,H3,2025,11,6.1
8844c08751fffff,H3,2025,12,7.2
8844c08751fffff,H3,2025,13,8.1
8844c08751fffff,H3,2025,14,8.9
8844c08751fffff,H3,2025,15,10.6
8844c08751fffff,H3,2025,16,13.2
8844c08751fffff,H3,2025,17,16.9
8844c08751fffff,H3,2025,18,19.7
8844c08751fffff,H3,2025,19,20.9
8844c08751fffff,H3,2025,20,21.5
8844c08751fffff,H3,2025,21,20.9
8844c08751fffff,H3,2025,22,19.2
8844c08751fffff,H3,2025,23,16.9
8844c0ba91fffff,H3,2025,0,3.5
8844c0ba91fffff,H3,2025,1,3.1
8844c0ba91fffff,H3,2025,2,2.7
8844c0ba91fffff,H3,2025,3,2.4
8844c0ba91fffff,H3,2025,4,2.2
8844c0ba91fffff,H3,2025,5,2.0
8844c0ba91fffff,H3,2025,6,1.8
8844c0ba91fffff,H3,2025,7,1.4
8844c0ba91fffff,H3,2025,8,1.1
8844c0ba91fffff,H3,2025,9,1.1
8844c0ba91fffff,H3,2025,10,1.2
8844c0ba91fffff,H3,2025,11,1.4
8844c0ba91fffff,H3,2025,12,1.6
8844c0ba91fffff,H3,2025,13,1.8
8844c0ba91fffff,H3,2025,14,2.0
8844c0ba91fffff,H3,2025,15,2.4
8844c0ba91fffff,H3,2025,16,3.0
8844c0ba91fffff,H3,2025,17,3.9
8844c0ba91fffff,H3,2025,18,4.5
8844c0ba91fffff,H3,2025,19,4.9
8844c0ba91fffff,H3,2025,20,5.1
8844c0ba91fffff,H3,2025,21,5.0
8844c0ba91fffff,H3,2025,22,4.7
8844c0ba91fffff,H3,2025,23,4.2
8844c0ca85fffff,H3,2025,0,2.7
8844c0ca85fffff,H3,2025,1,2.4
8844c0ca85fffff,H3,2025,2,2.0
8844c0ca85fffff,H3,2025,3,1.8
8844c0ca85fffff,H3,2025,4,1.7
8844c0ca85fffff,H3,2025,5,1.5
8844c0ca85fffff,H3,2025,6,1.4
8844c0ca85fffff,H3,2025,7,1.0
8844c0ca85fffff,H3,2025,8,0.9
8844c0ca85fffff,H3,2025,9,0.9
8844c0ca85fffff,H3,2025,10,0.9
8844c0ca85fffff,H3,2025,11,1.0
8844c0ca85fffff,H3,2025,12,1.2
8844c0ca85fffff,H3,2025,13,1.4
8844c0ca85fffff,H3,2025,14,1.6
8844c0ca85fffff,H3,2025,15,1.8
8844c0ca85fffff,H3,2025,16,2.3
8844c0ca85fffff,H3,2025,17,3.0
8844c0ca85fffff,H3,2025,18,3.5
8844c0ca85fffff,H3,2025,19,3.8
8844c0ca85fffff,H3,2025,20,4.0
8844c0ca85fffff,H3,2025,21,3.9
8844c0ca85fffff,H3,2025,22,3.5
8844c0ca85fffff,H3,2025,23,3.2
8844c12203fffff,H3,2025,0,1.6
8844c12203fffff,H3,2025,1,1.5
8844c12203fffff,H3,2025,2,1.2
8844c12203fffff,H3,2025,3,1.1
8844c12203fffff,H3,2025,4,1.0
8844c12203fffff,H3,2025,5,0.9
8844c12203fffff,H3,2025,6,0.8
8844c12203fffff,H3,2025,7,0.7
8844c12203fffff,H3,2025,8,0.6
8844c12203fffff,H3,2025,9,0.6
8844c12203fffff,H3,2025,10,0.6
8844c12203fffff,H3,2025,11,0.7
8844c12203fffff,H3,2025,12,0.8
8844c12203fffff,H3,2025,13,0.9
8844c12203fffff,H3,2025,14,1.0
8844c12203fffff,H3,2025,15,1.1
8844c12203fffff,H3,2025,16,1.5
8844c12203fffff,H3,2025,17,1.9
8844c12203fffff,H3,2025,18,2.2
8844c12203fffff,H3,2025,19,2.4
8844c12203fffff,H3,2025,20,2.4
8844c12203fffff,H3,2025,21,2.4
8844c12203fffff,H3,2025,22,2.2
8844c12203fffff,H3,2025,23,1.9
8844c13333fffff,H3,2025,0,4.9
8844c13333fffff,H3,2025,1,4.3
8844c13333fffff,H3,2025,2,3.8
8844c13333fffff,H3,2025,3,3.4
8844c13333fffff,H3,2025,4,3.1
8844c13333fffff,H3,2025,5,2.8
8844c13333fffff,H3,2025,6,2.5
8844c13333fffff,H3,2025,7,2.0
8844c13333fffff,H3,2025,8,1.7
8844c13333fffff,H3,2025,9,1.6
8844c13333fffff,H3,2025,10,1.7
8844c13333fffff,H3,2025,11,2.0
8844c13333fffff,H3,2025,12,2.3
8844c13333fffff,H3,2025,13,2.6
8844c13333fffff,H3,2025,14,2.8
8844c13333fffff,H3,2025,15,3.4
8844c13333fffff,H3,2025,16,4.2
8844c13333fffff,H3,2025,17,5.5
8844c13333fffff,H3,2025,18,6.5
8844c13333fffff,H3,2025,19,6.9
8844c13333fffff,H3,2025,20,7.2
8844c13333fffff,H3,2025,21,7.0
8844c13333fffff,H3,2025,22,6.6
8844c13333fffff,H3,2025,23,5.8
8844c13341fffff,H3,2025,0,3.4
8844c13341fffff,H3,2025,1,3.0
8844c13341fffff,H3,2025,2,2.6
8844c13341fffff,H3,2025,3,2.3
8844c13341fffff,H3,2025,4,2.2
8844c13341fffff,H3,2025,5,1.9
8844c13341fffff,H3,2025,6,1.7
8844c13341fffff,H3,2025,7,1.4
8844c13341fffff,H3,2025,8,1.1
8844c13341fffff,H3,2025,9,1.1
8844c13341fffff,H3,2025,10,1.2
8844c13341fffff,H3,2025,11,1.4
8844c13341fffff,H3,2025,12,1.6
8844c13341fffff,H3,2025,13,1.8
8844c13341fffff,H3,2025,14,2.0
8844c13341fffff,H3,2025,15,2.4
8844c13341fffff,H3,2025,16,3.0
8844c13341fffff,H3,2025,17,3.9
8844c13341fffff,H3,2025,18,4.5
8844c13341fffff,H3,2025,19,4.8
8844c13341fffff,H3,2025,20,5.0
8844c13341fffff,H3,2025,21,4.9
8844c13341fffff,H3,2025,22,4.5
8844c13341fffff,H3,2025,23,4.0
8844c13a31fffff,H3,2025,0,1.6
8844c13a31fffff,H3,2025,1,1.4
8844c13a31fffff,H3,2025,2,1.1
8844c13a31fffff,H3,2025,3,1.0
8844c13a31fffff,H3,2025,4,0.9
8844c13a31fffff,H3,2025,5,0.9
8844c13a31fffff,H3,2025,6,0.8
8844c13a31fffff,H3,2025,7,0.7
8844c13a31fffff,H3,2025,8,0.7
8844c13a31fffff,H3,2025,9,0.6
8844c13a31fffff,H3,2025,10,0.7
8844c13a31fffff,H3,2025,11,0.8
8844c13a31fffff,H3,2025,12,0.9
8844c13a31fffff,H3,2025,13,1.0
8844c13a31fffff,H3,2025,14,1.1
8844c13a31fffff,H3,2025,15,1.4
8844c13a31fffff,H3,2025,16,1.7
8844c13a31fffff,H3,2025,17,2.0
8844c13a31fffff,H3,2025,18,2.4
8844c13a31fffff,H3,2025,19,2.5
8844c13a31fffff,H3,2025,20,2.5
8844c13a31fffff,H3,2025,21,2.4
8844c13a31fffff,H3,2025,22,2.2
8844c13a31fffff,H3,2025,23,1.8
8844c13a93fffff,H3,2025,0,2.6
8844c13a93fffff,H3,2025,1,2.3
8844c13a93fffff,H3,2025,2,2.0
8844c13a93fffff,H3,2025,3,1.8
8844c13a93fffff,H3,2025,4,1.6
8844c13a93fffff,H3,2025,5,1.5
8844c13a93fffff,H3,2025,6,1.2
8844c13a93fffff,H3,2025,7,1.0
8844c13a93fffff,H3,2025,8,0.9
8844c13a93fffff,H3,2025,9,0.8
8844c13a93fffff,H3,2025,10,0.9
8844c13a93fffff,H3,2025,11,1.0
8844c13a93fffff,H3,2025,12,1.2
8844c13a93fffff,H3,2025,13,1.4
8844c13a93fffff,H3,2025,14,1.5
8844c13a93fffff,H3,2025,15,1.7
8844c13a93fffff,H3,2025,16,2.2
8844c13a93fffff,H3,2025,17,2.8
8844c13a93fffff,H3,2025,18,3.4
8844c13a93fffff,H3,2025,19,3.6
8844c13a93fffff,H3,2025,20,3.8
8844c13a93fffff,H3,2025,21,3.8
8844c13a93fffff,H3,2025,22,3.4
8844c13a93fffff,H3,2025,23,3.1
8844c1a1c3fffff,H3,2025,0,1.4
8844c1a1c3fffff,H3,2025,1,1.1
8844c1a1c3fffff,H3,2025,2,1.0
8844c1a1c3fffff,H3,2025,3,0.9
8844c1a1c3fffff,H3,2025,4,0.8
8844c1a1c3fffff,H3,2025,5,0.8
8844c1a1c3fffff,H3,2025,6,0.7
8844c1a1c3fffff,H3,2025,7,0.6
8844c1a1c3fffff,H3,2025,8,0.5
8844c1a1c3fffff,H3,2025,9,0.5
8844c1a1c3fffff,H3,2025,10,0.5
8844c1a1c3fffff,H3,2025,11,0.6
8844c1a1c3fffff,H3,2025,12,0.7
8844c1a1c3fffff,H3,2025,13,0.7
8844c1a1c3fffff,H3,2025,14,0.8
8844c1a1c3fffff,H3,2025,15,0.9
8844c1a1c3fffff,H3,2025,16,1.1
8844c1a1c3fffff,H3,2025,17,1.5
8844c1a1c3fffff,H3,2025,18,1.7
8844c1a1c3fffff,H3,2025,19,1.8
8844c1a1c3fffff,H3,2025,20,1.9
8844c1a1c3fffff,H3,2025,21,1.9
8844c1a1c3fffff,H3,2025,22,1.8
8844c1a1c3fffff,H3,2025,23,1.6
8844c1a811fffff,H3,2025,0,200.7
8844c1a811fffff,H3,2025,0,1.1
8844c1a811fffff,H3,2025,1,175.9
8844c1a811fffff,H3,2025,1,1.0
8844c1a811fffff,H3,2025,2,153.4
8844c1a811fffff,H3,2025,2,0.9
8844c1a811fffff,H3,2025,3,138.2
8844c1a811fffff,H3,2025,3,0.8
8844c1a811fffff,H3,2025,4,125.1
8844c1a811fffff,H3,2025,4,0.7
8844c1a811fffff,H3,2025,5,113.5
8844c1a811fffff,H3,2025,5,0.7
8844c1a811fffff,H3,2025,6,100.7
8844c1a811fffff,H3,2025,6,0.6
8844c1a811fffff,H3,2025,7,80.3
8844c1a811fffff,H3,2025,7,0.5
8844c1a811fffff,H3,2025,8,67.5
8844c1a811fffff,H3,2025,8,0.3
8844c1a811fffff,H3,2025,9,64.9
8844c1a811fffff,H3,2025,9,0.3
8844c1a811fffff,H3,2025,10,70.1
8844c1a811fffff,H3,2025,10,0.5
8844c1a811fffff,H3,2025,11,80.2
8844c1a811fffff,H3,2025,11,0.5
8844c1a811fffff,H3,2025,12,92.8
8844c1a811fffff,H3,2025,12,0.6
8844c1a811fffff,H3,2025,13,103.3
8844c1a811fffff,H3,2025,13,0.6
8844c1a811fffff,H3,2025,14,115.7
8844c1a811fffff,H3,2025,14,0.7
8844c1a811fffff,H3,2025,15,135.9
8844c1a811fffff,H3,2025,15,0.8
8844c1a811fffff,H3,2025,16,169.3
8844c1a811fffff,H3,2025,16,1.0
8844c1a811fffff,H3,2025,17,222.0
8844c1a811fffff,H3,2025,17,1.2
8844c1a811fffff,H3,2025,18,260.5
8844c1a811fffff,H3,2025,18,1.5
8844c1a811fffff,H3,2025,19,280.0
8844c1a811fffff,H3,2025,19,1.6
8844c1a811fffff,H3,2025,20,291.9
8844c1a811fffff,H3,2025,20,1.7
8844c1a811fffff,H3,2025,21,285.9
8844c1a811fffff,H3,2025,21,1.7
8844c1a811fffff,H3,2025,22,265.7
8844c1a811fffff,H3,2025,22,1.6
8844c1a811fffff,H3,2025,23,236.6
8844c1a811fffff,H3,2025,23,1.4
8844c1a813fffff,H3,2025,0,16.7
8844c1a813fffff,H3,2025,1,14.7
8844c1a813fffff,H3,2025,2,12.7
8844c1a813fffff,H3,2025,3,11.5
8844c1a813fffff,H3,2025,4,10.5
8844c1a813fffff,H3,2025,5,9.4
8844c1a813fffff,H3,2025,6,8.4
8844c1a813fffff,H3,2025,7,6.7
8844c1a813fffff,H3,2025,8,5.6
8844c1a813fffff,H3,2025,9,5.3
8844c1a813fffff,H3,2025,10,5.8
8844c1a813fffff,H3,2025,11,6.7
8844c1a813fffff,H3,2025,12,7.7
8844c1a813fffff,H3,2025,13,8.5
8844c1a813fffff,H3,2025,14,9.5
8844c1a813fffff,H3,2025,15,11.2
8844c1a813fffff,H3,2025,16,14.0
8844c1a813fffff,H3,2025,17,18.4
8844c1a813fffff,H3,2025,18,21.6
8844c1a813fffff,H3,2025,19,23.2
8844c1a813fffff,H3,2025,20,24.2
8844c1a813fffff,H3,2025,21,23.8
8844c1a813fffff,H3,2025,22,22.0
8844c1a813fffff,H3,2025,23,19.7
8844c1a8e5fffff,H3,2025,0,6.1
8844c1a8e5fffff,H3,2025,1,5.3
8844c1a8e5fffff,H3,2025,2,4.7
8844c1a8e5fffff,H3,2025,3,4.2
8844c1a8e5fffff,H3,2025,4,3.9
8844c1a8e5fffff,H3,2025,5,3.4
8844c1a8e5fffff,H3,2025,6,3.1
8844c1a8e5fffff,H3,2025,7,2.4
8844c1a8e5fffff,H3,2025,8,2.0
8844c1a8e5fffff,H3,2025,9,1.9
8844c1a8e5fffff,H3,2025,10,2.2
8844c1a8e5fffff,H3,2025,11,2.4
8844c1a8e5fffff,H3,2025,12,2.8
8844c1a8e5fffff,H3,2025,13,3.2
8844c1a8e5fffff,H3,2025,14,3.5
8844c1a8e5fffff,H3,2025,15,4.1
8844c1a8e5fffff,H3,2025,16,5.1
8844c1a8e5fffff,H3,2025,17,6.7
8844c1a8e5fffff,H3,2025,18,8.0
8844c1a8e5fffff,H3,2025,19,8.5
8844c1a8e5fffff,H3,2025,20,8.9
8844c1a8e5fffff,H3,2025,21,8.8
8844c1a8e5fffff,H3,2025,22,8.1
8844c1a8e5fffff,H3,2025,23,7.2
8844c1a9a7fffff,H3,2025,0,2.8
8844c1a9a7fffff,H3,2025,1,2.4
8844c1a9a7fffff,H3,2025,2,2.2
8844c1a9a7fffff,H3,2025,3,1.9
8844c1a9a7fffff,H3,2025,4,1.7
8844c1a9a7fffff,H3,2025,5,1.6
8844c1a9a7fffff,H3,2025,6,1.5
8844c1a9a7fffff,H3,2025,7,1.2
8844c1a9a7fffff,H3,2025,8,1.0
8844c1a9a7fffff,H3,2025,9,1.0
8844c1a9a7fffff,H3,2025,10,1.0
8844c1a9a7fffff,H3,2025,11,1.2
8844c1a9a7fffff,H3,2025,12,1.5
8844c1a9a7fffff,H3,2025,13,1.6
8844c1a9a7fffff,H3,2025,14,1.8
8844c1a9a7fffff,H3,2025,15,2.2
8844c1a9a7fffff,H3,2025,16,2.6
8844c1a9a7fffff,H3,2025,17,3.4
8844c1a9a7fffff,H3,2025,18,4.0
8844c1a9a7fffff,H3,2025,19,4.2
8844c1a9a7fffff,H3,2025,20,4.3
8844c1a9a7fffff,H3,2025,21,4.1
8844c1a9a7fffff,H3,2025,22,3.9
8844c1a9a7fffff,H3,2025,23,3.3
8844c1aa41fffff,H3,2025,0,17.4
8844c1aa41fffff,H3,2025,1,15.2
8844c1aa41fffff,H3,2025,2,13.3
8844c1aa41fffff,H3,2025,3,11.9
8844c1aa41fffff,H3,2025,4,10.8
8844c1aa41fffff,H3,2025,5,9.8
8844c1aa41fffff,H3,2025,6,8.8
8844c1aa41fffff,H3,2025,7,6.9
8844c1aa41fffff,H3,2025,8,5.8
8844c1aa41fffff,H3,2025,9,5.6
8844c1aa41fffff,H3,2025,10,6.0
8844c1aa41fffff,H3,2025,11,6.9
8844c1aa41fffff,H3,2025,12,8.0
8844c1aa41fffff,H3,2025,13,8.9
8844c1aa41fffff,H3,2025,14,10.0
8844c1aa41fffff,H3,2025,15,11.7
8844c1aa41fffff,H3,2025,16,14.5
8844c1aa41fffff,H3,2025,17,19.1
8844c1aa41fffff,H3,2025,18,22.5
8844c1aa41fffff,H3,2025,19,24.1
8844c1aa41fffff,H3,2025,20,25.2
8844c1aa41fffff,H3,2025,21,24.7
8844c1aa41fffff,H3,2025,22,23.0
8844c1aa41fffff,H3,2025,23,20.5
8844c1aaabfffff,H3,2025,0,3.2
8844c1aaabfffff,H3,2025,1,2.7
8844c1aaabfffff,H3,2025,2,2.4
8844c1aaabfffff,H3,2025,3,2.0
8844c1aaabfffff,H3,2025,4,1.9
8844c1aaabfffff,H3,2025,5,1.7
8844c1aaabfffff,H3,2025,6,1.6
8844c1aaabfffff,H3,2025,7,1.4
8844c1aaabfffff,H3,2025,8,1.1
8844c1aaabfffff,H3,2025,9,1.1
8844c1aaabfffff,H3,2025,10,1.2
8844c1aaabfffff,H3,2025,11,1.4
8844c1aaabfffff,H3,2025,12,1.6
8844c1aaabfffff,H3,2025,13,1.8
8844c1aaabfffff,H3,2025,14,2.0
8844c1aaabfffff,H3,2025,15,2.4
8844c1aaabfffff,H3,2025,16,3.0
8844c1aaabfffff,H3,2025,17,3.9
8844c1aaabfffff,H3,2025,18,4.4
8844c1aaabfffff,H3,2025,19,4.7
8844c1aaabfffff,H3,2025,20,4.8
8844c1aaabfffff,H3,2025,21,4.7
8844c1aaabfffff,H3,2025,22,4.2
8844c1aaabfffff,H3,2025,23,3.8
8844c1add1fffff,H3,2025,0,6.1
8844c1add1fffff,H3,2025,1,5.3
8844c1add1fffff,H3,2025,2,4.7
8844c1add1fffff,H3,2025,3,4.2
8844c1add1fffff,H3,2025,4,3.9
8844c1add1fffff,H3,2025,5,3.4
8844c1add1fffff,H3,2025,6,3.1
8844c1add1fffff,H3,2025,7,2.4
8844c1add1fffff,H3,2025,8,2.0
8844c1add1fffff,H3,2025,9,1.9
8844c1add1fffff,H3,2025,10,2.2
8844c1add1fffff,H3,2025,11,2.4
8844c1add1fffff,H3,2025,12,2.8
8844c1add1fffff,H3,2025,13,3.2
8844c1add1fffff,H3,2025,14,3.5
8844c1add1fffff,H3,2025,15,4.1
8844c1add1fffff,H3,2025,16,5.1
8844c1add1fffff,H3,2025,17,6.7
8844c1add1fffff,H3,2025,18,8.0
8844c1add1fffff,H3,2025,19,8.5
8844c1add1fffff,H3,2025,20,8.9
8844c1add1fffff,H3,2025,21,8.8
8844c1add1fffff,H3,2025,22,8.1
8844c1add1fffff,H3,2025,23,7.2
8844c1add3fffff,H3,2025,0,1.5
8844c1add3fffff,H3,2025,1,1.2
8844c1add3fffff,H3,2025,2,1.1
8844c1add3fffff,H3,2025,3,1.0
8844c1add3fffff,H3,2025,4,0.9
8844c1add3fffff,H3,2025,5,0.8
8844c1add3fffff,H3,2025,6,0.7
8844c1add3fffff,H3,2025,7,0.6
8844c1add3fffff,H3,2025,8,0.5
8844c1add3fffff,H3,2025,9,0.5
8844c1add3fffff,H3,2025,10,0.5
8844c1add3fffff,H3,2025,11,0.6
8844c1add3fffff,H3,2025,12,0.7
8844c1add3fffff,H3,2025,13,0.8
8844c1add3fffff,H3,2025,14,0.8
8844c1add3fffff,H3,2025,15,1.0
8844c1add3fffff,H3,2025,16,1.2
8844c1add3fffff,H3,2025,17,1.6
8844c1add3fffff,H3,2025,18,1.8
8844c1add3fffff,H3,2025,19,2.0
8844c1add3fffff,H3,2025,20,2.0
8844c1add3fffff,H3,2025,21,2.0
8844c1add3fffff,H3,2025,22,1.9
8844c1add3fffff,H3,2025,23,1.7
8844c1b897fffff,H3,2025,0,1.6
8844c1b897fffff,H3,2025,1,1.4
8844c1b897fffff,H3,2025,2,1.2
8844c1b897fffff,H3,2025,3,1.1
8844c1b897fffff,H3,2025,4,1.0
8844c1b897fffff,H3,2025,5,0.9
8844c1b897fffff,H3,2025,6,0.8
8844c1b897fffff,H3,2025,7,0.7
8844c1b897fffff,H3,2025,8,0.6
8844c1b897fffff,H3,2025,9,0.6
8844c1b897fffff,H3,2025,10,0.6
8844c1b897fffff,H3,2025,11,0.7
8844c1b897fffff,H3,2025,12,0.8
8844c1b897fffff,H3,2025,13,0.8
8844c1b897fffff,H3,2025,14,0.9
8844c1b897fffff,H3,2025,15,1.0
8844c1b897fffff,H3,2025,16,1.4
8844c1b897fffff,H3,2025,17,1.7
8844c1b897fffff,H3,2025,18,2.0
8844c1b897fffff,H3,2025,19,2.2
8844c1b897fffff,H3,2025,20,2.3
8844c1b897fffff,H3,2025,21,2.3
8844c1b897fffff,H3,2025,22,2.2
8844c1b897fffff,H3,2025,23,1.8
8844c1bab9fffff,H3,2025,0,2.0
8844c1bab9fffff,H3,2025,1,1.7
8844c1bab9fffff,H3,2025,2,1.5
8844c1bab9fffff,H3,2025,3,1.4
8844c1bab9fffff,H3,2025,4,1.2
8844c1bab9fffff,H3,2025,5,1.1
8844c1bab9fffff,H3,2025,6,1.0
8844c1bab9fffff,H3,2025,7,0.8
8844c1bab9fffff,H3,2025,8,0.7
8844c1bab9fffff,H3,2025,9,0.7
8844c1bab9fffff,H3,2025,10,0.7
8844c1bab9fffff,H3,2025,11,0.8
8844c1bab9fffff,H3,2025,12,0.9
8844c1bab9fffff,H3,2025,13,1.0
8844c1bab9fffff,H3,2025,14,1.1
8844c1bab9fffff,H3,2025,15,1.4
8844c1bab9fffff,H3,2025,16,1.7
8844c1bab9fffff,H3,2025,17,2.2
8844c1bab9fffff,H3,2025,18,2.6
8844c1bab9fffff,H3,2025,19,2.7
8844c1bab9fffff,H3,2025,20,2.8
8844c1bab9fffff,H3,2025,21,2.8
8844c1bab9fffff,H3,2025,22,2.6
8844c1bab9fffff,H3,2025,23,2.4
8844c239c1fffff,H3,2025,0,12.8
8844c239c1fffff,H3,2025,1,11.1
8844c239c1fffff,H3,2025,2,9.5
8844c239c1fffff,H3,2025,3,8.5
8844c239c1fffff,H3,2025,4,7.6
8844c239c1fffff,H3,2025,5,7.0
8844c239c1fffff,H3,2025,6,6.7
8844c239c1fffff,H3,2025,7,5.8
8844c239c1fffff,H3,2025,8,5.2
8844c239c1fffff,H3,2025,9,5.1
8844c239c1fffff,H3,2025,10,5.6
8844c239c1fffff,H3,2025,11,6.2
8844c239c1fffff,H3,2025,12,7.4
8844c239c1fffff,H3,2025,13,8.3
8844c239c1fffff,H3,2025,14,8.9
8844c239c1fffff,H3,2025,15,10.5
8844c239c1fffff,H3,2025,16,13.0
8844c239c1fffff,H3,2025,17,16.6
8844c239c1fffff,H3,2025,18,18.9
8844c239c1fffff,H3,2025,19,19.9
8844c239c1fffff,H3,2025,20,20.2
8844c239c1fffff,H3,2025,21,19.4
8844c239c1fffff,H3,2025,22,17.7
8844c239c1fffff,H3,2025,23,15.5
8844c26d41fffff,H3,2025,0,26.7
8844c26d41fffff,H3,2025,1,23.3
8844c26d41fffff,H3,2025,2,20.2
8844c26d41fffff,H3,2025,3,18.1
8844c26d41fffff,H3,2025,4,16.4
8844c26d41fffff,H3,2025,5,15.0
8844c26d41fffff,H3,2025,6,13.5
8844c26d41fffff,H3,2025,7,11.1
8844c26d41fffff,H3,2025,8,9.4
8844c26d41fffff,H3,2025,9,9.1
8844c26d41fffff,H3,2025,10,9.9
8844c26d41fffff,H3,2025,11,11.2
8844c26d41fffff,H3,2025,12,13.1
8844c26d41fffff,H3,2025,13,14.7
8844c26d41fffff,H3,2025,14,16.2
8844c26d41fffff,H3,2025,15,19.2
8844c26d41fffff,H3,2025,16,24.0
8844c26d41fffff,H3,2025,17,31.1
8844c26d41fffff,H3,2025,18,36.1
8844c26d41fffff,H3,2025,19,38.5
8844c26d41fffff,H3,2025,20,39.9
8844c26d41fffff,H3,2025,21,38.8
8844c26d41fffff,H3,2025,22,35.8
8844c26d41fffff,H3,2025,23,31.6
8844c274b9fffff,H3,2025,0,2.5
8844c274b9fffff,H3,2025,1,2.2
8844c274b9fffff,H3,2025,2,1.9
8844c274b9fffff,H3,2025,3,1.7
8844c274b9fffff,H3,2025,4,1.5
8844c274b9fffff,H3,2025,5,1.4
8844c274b9fffff,H3,2025,6,1.2
8844c274b9fffff,H3,2025,7,1.0
8844c274b9fffff,H3,2025,8,0.9
8844c274b9fffff,H3,2025,9,0.9
8844c274b9fffff,H3,2025,10,1.0
8844c274b9fffff,H3,2025,11,1.1
8844c274b9fffff,H3,2025,12,1.2
8844c274b9fffff,H3,2025,13,1.5
8844c274b9fffff,H3,2025,14,1.6
8844c274b9fffff,H3,2025,15,1.8
8844c274b9fffff,H3,2025,16,2.3
8844c274b9fffff,H3,2025,17,3.0
8844c274b9fffff,H3,2025,18,3.5
8844c274b9fffff,H3,2025,19,3.9
8844c274b9fffff,H3,2025,20,4.0
8844c274b9fffff,H3,2025,21,3.9
8844c274b9fffff,H3,2025,22,3.5
8844c274b9fffff,H3,2025,23,3.1
8844c3a039fffff,H3,2025,0,1.2
8844c3a039fffff,H3,2025,1,1.1
8844c3a039fffff,H3,2025,2,0.9
8844c3a039fffff,H3,2025,3,0.9
8844c3a039fffff,H3,2025,4,0.8
8844c3a039fffff,H3,2025,5,0.7
8844c3a039fffff,H3,2025,6,0.7
8844c3a039fffff,H3,2025,7,0.6
8844c3a039fffff,H3,2025,8,0.5
8844c3a039fffff,H3,2025,9,0.5
8844c3a039fffff,H3,2025,10,0.5
8844c3a039fffff,H3,2025,11,0.6
8844c3a039fffff,H3,2025,12,0.6
8844c3a039fffff,H3,2025,13,0.7
8844c3a039fffff,H3,2025,14,0.7
8844c3a039fffff,H3,2025,15,0.9
8844c3a039fffff,H3,2025,16,1.0
8844c3a039fffff,H3,2025,17,1.4
8844c3a039fffff,H3,2025,18,1.6
8844c3a039fffff,H3,2025,19,1.8
8844c3a039fffff,H3,2025,20,1.8
8844c3a039fffff,H3,2025,21,1.8
8844c3a039fffff,H3,2025,22,1.7
8844c3a039fffff,H3,2025,23,1.5
8844c3a159fffff,H3,2025,0,5.7
8844c3a159fffff,H3,2025,1,5.0
8844c3a159fffff,H3,2025,2,4.3
8844c3a159fffff,H3,2025,3,4.0
8844c3a159fffff,H3,2025,4,3.5
8844c3a159fffff,H3,2025,5,3.2
8844c3a159fffff,H3,2025,6,2.8
8844c3a159fffff,H3,2025,7,2.3
8844c3a159fffff,H3,2025,8,1.9
8844c3a159fffff,H3,2025,9,1.8
8844c3a159fffff,H3,2025,10,1.9
8844c3a159fffff,H3,2025,11,2.3
8844c3a159fffff,H3,2025,12,2.6
8844c3a159fffff,H3,2025,13,3.0
8844c3a159fffff,H3,2025,14,3.3
8844c3a159fffff,H3,2025,15,3.9
8844c3a159fffff,H3,2025,16,4.8
8844c3a159fffff,H3,2025,17,6.2
8844c3a159fffff,H3,2025,18,7.4
8844c3a159fffff,H3,2025,19,8.0
8844c3a159fffff,H3,2025,20,8.3
8844c3a159fffff,H3,2025,21,8.1
8844c3a159fffff,H3,2025,22,7.5
8844c3a159fffff,H3,2025,23,6.7
8844c54929fffff,H3,2025,0,1.2
8844c54929fffff,H3,2025,1,1.1
8844c54929fffff,H3,2025,2,1.0
8844c54929fffff,H3,2025,3,0.9
8844c54929fffff,H3,2025,4,0.8
8844c54929fffff,H3,2025,5,0.7
8844c54929fffff,H3,2025,6,0.7
8844c54929fffff,H3,2025,7,0.6
8844c54929fffff,H3,2025,8,0.5
8844c54929fffff,H3,2025,9,0.5
8844c54929fffff,H3,2025,10,0.5
8844c54929fffff,H3,2025,11,0.6
8844c54929fffff,H3,2025,12,0.6
8844c54929fffff,H3,2025,13,0.7
8844c54929fffff,H3,2025,14,0.8
8844c54929fffff,H3,2025,15,0.9
8844c54929fffff,H3,2025,16,1.0
8844c54929fffff,H3,2025,17,1.4
8844c54929fffff,H3,2025,18,1.7
8844c54929fffff,H3,2025,19,1.8
8844c54929fffff,H3,2025,20,1.8
8844c54929fffff,H3,2025,21,1.8
8844c54929fffff,H3,2025,22,1.7
8844c54929fffff,H3,2025,23,1.5
8844c881adfffff,H3,2025,0,1.7
8844c881adfffff,H3,2025,1,1.5
8844c881adfffff,H3,2025,2,1.4
8844c881adfffff,H3,2025,3,1.2
8844c881adfffff,H3,2025,4,1.0
8844c881adfffff,H3,2025,5,1.0
8844c881adfffff,H3,2025,6,0.9
8844c881adfffff,H3,2025,7,0.7
8844c881adfffff,H3,2025,8,0.6
8844c881adfffff,H3,2025,9,0.6
8844c881adfffff,H3,2025,10,0.6
8844c881adfffff,H3,2025,11,0.7
8844c881adfffff,H3,2025,12,0.8
8844c881adfffff,H3,2025,13,0.9
8844c881adfffff,H3,2025,14,1.0
8844c881adfffff,H3,2025,15,1.1
8844c881adfffff,H3,2025,16,1.5
8844c881adfffff,H3,2025,17,1.9
8844c881adfffff,H3,2025,18,2.3
8844c881adfffff,H3,2025,19,2.4
8844c881adfffff,H3,2025,20,2.5
8844c881adfffff,H3,2025,21,2.5
8844c881adfffff,H3,2025,22,2.3
8844c881adfffff,H3,2025,23,2.0
8844ca90b7fffff,H3,2025,0,1.8
8844ca90b7fffff,H3,2025,1,1.6
8844ca90b7fffff,H3,2025,2,1.4
8844ca90b7fffff,H3,2025,3,1.2
8844ca90b7fffff,H3,2025,4,1.1
8844ca90b7fffff,H3,2025,5,1.0
8844ca90b7fffff,H3,2025,6,0.9
8844ca90b7fffff,H3,2025,7,0.7
8844ca90b7fffff,H3,2025,8,0.6
8844ca90b7fffff,H3,2025,9,0.6
8844ca90b7fffff,H3,2025,10,0.6
8844ca90b7fffff,H3,2025,11,0.7
8844ca90b7fffff,H3,2025,12,0.8
8844ca90b7fffff,H3,2025,13,0.9
8844ca90b7fffff,H3,2025,14,1.0
8844ca90b7fffff,H3,2025,15,1.1
8844ca90b7fffff,H3,2025,16,1.5
8844ca90b7fffff,H3,2025,17,1.9
8844ca90b7fffff,H3,2025,18,2.3
8844ca90b7fffff,H3,2025,19,2.5
8844ca90b7fffff,H3,2025,20,2.5
8844ca90b7fffff,H3,2025,21,2.5
8844ca90b7fffff,H3,2025,22,2.3
8844ca90b7fffff,H3,2025,23,2.0
8844caa019fffff,H3,2025,0,1.4
8844caa019fffff,H3,2025,1,1.2
8844caa019fffff,H3,2025,2,1.0
8844caa019fffff,H3,2025,3,0.9
8844caa019fffff,H3,2025,4,0.9
8844caa019fffff,H3,2025,5,0.8
8844caa019fffff,H3,2025,6,0.7
8844caa019fffff,H3,2025,7,0.6
8844caa019fffff,H3,2025,8,0.5
8844caa019fffff,H3,2025,9,0.5
8844caa019fffff,H3,2025,10,0.5
8844caa019fffff,H3,2025,11,0.6
8844caa019fffff,H3,2025,12,0.7
8844caa019fffff,H3,2025,13,0.7
8844caa019fffff,H3,2025,14,0.8
8844caa019fffff,H3,2025,15,0.9
8844caa019fffff,H3,2025,16,1.1
8844caa019fffff,H3,2025,17,1.6
8844caa019fffff,H3,2025,18,1.8
8844caa019fffff,H3,2025,19,1.9
8844caa019fffff,H3,2025,20,2.0
8844caa019fffff,H3,2025,21,2.0
8844caa019fffff,H3,2025,22,1.8
8844caa019fffff,H3,2025,23,1.6
8844caa585fffff,H3,2025,0,2.5
8844caa585fffff,H3,2025,1,2.2
8844caa585fffff,H3,2025,2,1.9
8844caa585fffff,H3,2025,3,1.7
8844caa585fffff,H3,2025,4,1.6
8844caa585fffff,H3,2025,5,1.4
8844caa585fffff,H3,2025,6,1.2
8844caa585fffff,H3,2025,7,1.0
8844caa585fffff,H3,2025,8,0.9
8844caa585fffff,H3,2025,9,0.8
8844caa585fffff,H3,2025,10,0.9
8844caa585fffff,H3,2025,11,1.0
8844caa585fffff,H3,2025,12,1.2
8844caa585fffff,H3,2025,13,1.4
8844caa585fffff,H3,2025,14,1.5
8844caa585fffff,H3,2025,15,1.7
8844caa585fffff,H3,2025,16,2.2
8844caa585fffff,H3,2025,17,2.8
8844caa585fffff,H3,2025,18,3.3
8844caa585fffff,H3,2025,19,3.5
8844caa585fffff,H3,2025,20,3.6
8844caa585fffff,H3,2025,21,3.5
8844caa585fffff,H3,2025,22,3.3
8844caa585fffff,H3,2025,23,3.0
8844caac8dfffff,H3,2025,0,4.8
8844caac8dfffff,H3,2025,1,4.2
8844caac8dfffff,H3,2025,2,3.6
8844caac8dfffff,H3,2025,3,3.3
8844caac8dfffff,H3,2025,4,3.0
8844caac8dfffff,H3,2025,5,2.7
8844caac8dfffff,H3,2025,6,2.4
8844caac8dfffff,H3,2025,7,1.9
8844caac8dfffff,H3,2025,8,1.6
8844caac8dfffff,H3,2025,9,1.6
8844caac8dfffff,H3,2025,10,1.7
8844caac8dfffff,H3,2025,11,1.9
8844caac8dfffff,H3,2025,12,2.3
8844caac8dfffff,H3,2025,13,2.5
8844caac8dfffff,H3,2025,14,2.8
8844caac8dfffff,H3,2025,15,3.3
8844caac8dfffff,H3,2025,16,4.2
8844caac8dfffff,H3,2025,17,5.5
8844caac8dfffff,H3,2025,18,6.4
8844caac8dfffff,H3,2025,19,6.8
8844caac8dfffff,H3,2025,20,7.0
8844caac8dfffff,H3,2025,21,6.9
8844caac8dfffff,H3,2025,22,6.5
8844caac8dfffff,H3,2025,23,5.7
8844caaca3fffff,H3,2025,0,6.7
8844caaca3fffff,H3,2025,1,5.9
8844caaca3fffff,H3,2025,2,5.1
8844caaca3fffff,H3,2025,3,4.7
8844caaca3fffff,H3,2025,4,4.2
8844caaca3fffff,H3,2025,5,3.9
8844caaca3fffff,H3,2025,6,3.4
8844caaca3fffff,H3,2025,7,2.7
8844caaca3fffff,H3,2025,8,2.3
8844caaca3fffff,H3,2025,9,2.2
8844caaca3fffff,H3,2025,10,2.4
8844caaca3fffff,H3,2025,11,2.7
8844caaca3fffff,H3,2025,12,3.2
8844caaca3fffff,H3,2025,13,3.5
8844caaca3fffff,H3,2025,14,3.9
8844caaca3fffff,H3,2025,15,4.5
8844caaca3fffff,H3,2025,16,5.7
8844caaca3fffff,H3,2025,17,7.5
8844caaca3fffff,H3,2025,18,8.8
8844caaca3fffff,H3,2025,19,9.4
8844caaca3fffff,H3,2025,20,9.9
8844caaca3fffff,H3,2025,21,9.7
8844caaca3fffff,H3,2025,22,9.0
8844caaca3fffff,H3,2025,23,8.0
8844cac097fffff,H3,2025,0,8.2
8844cac097fffff,H3,2025,1,7.2
8844cac097fffff,H3,2025,2,6.2
8844cac097fffff,H3,2025,3,5.7
8844cac097fffff,H3,2025,4,5.1
8844cac097fffff,H3,2025,5,4.7
8844cac097fffff,H3,2025,6,4.1
8844cac097fffff,H3,2025,7,3.3
8844cac097fffff,H3,2025,8,2.7
8844cac097fffff,H3,2025,9,2.6
8844cac097fffff,H3,2025,10,2.8
8844cac097fffff,H3,2025,11,3.3
8844cac097fffff,H3,2025,12,3.9
8844cac097fffff,H3,2025,13,4.2
8844cac097fffff,H3,2025,14,4.8
8844cac097fffff,H3,2025,15,5.6
8844cac097fffff,H3,2025,16,6.9
8844cac097fffff,H3,2025,17,9.1
8844cac097fffff,H3,2025,18,10.7
8844cac097fffff,H3,2025,19,11.5
8844cac097fffff,H3,2025,20,12.0
8844cac097fffff,H3,2025,21,11.7
8844cac097fffff,H3,2025,22,10.9
8844cac097fffff,H3,2025,23,9.8
8844cad2c1fffff,H3,2025,0,1.6
8844cad2c1fffff,H3,2025,1,1.4
8844cad2c1fffff,H3,2025,2,1.2
8844cad2c1fffff,H3,2025,3,1.1
8844cad2c1fffff,H3,2025,4,1.0
8844cad2c1fffff,H3,2025,5,0.9
8844cad2c1fffff,H3,2025,6,0.8
8844cad2c1fffff,H3,2025,7,0.7
8844cad2c1fffff,H3,2025,8,0.6
8844cad2c1fffff,H3,2025,9,0.6
8844cad2c1fffff,H3,2025,10,0.6
8844cad2c1fffff,H3,2025,11,0.7
8844cad2c1fffff,H3,2025,12,0.8
8844cad2c1fffff,H3,2025,13,0.9
8844cad2c1fffff,H3,2025,14,0.9
8844cad2c1fffff,H3,2025,15,1.1
8844cad2c1fffff,H3,2025,16,1.4
8844cad2c1fffff,H3,2025,17,1.8
8844cad2c1fffff,H3,2025,18,2.2
8844cad2c1fffff,H3,2025,19,2.3
8844cad2c1fffff,H3,2025,20,2.4
8844cad2c1fffff,H3,2025,21,2.3
8844cad2c1fffff,H3,2025,22,2.2
8844cad2c1fffff,H3,2025,23,1.9
8844cad8b3fffff,H3,2025,0,3.3
8844cad8b3fffff,H3,2025,1,2.8
8844cad8b3fffff,H3,2025,2,2.5
8844cad8b3fffff,H3,2025,3,2.3
8844cad8b3fffff,H3,2025,4,2.0
8844cad8b3fffff,H3,2025,5,1.8
8844cad8b3fffff,H3,2025,6,1.7
8844cad8b3fffff,H3,2025,7,1.4
8844cad8b3fffff,H3,2025,8,1.1
8844cad8b3fffff,H3,2025,9,1.0
8844cad8b3fffff,H3,2025,10,1.1
8844cad8b3fffff,H3,2025,11,1.4
8844cad8b3fffff,H3,2025,12,1.5
8844cad8b3fffff,H3,2025,13,1.7
8844cad8b3fffff,H3,2025,14,1.9
8844cad8b3fffff,H3,2025,15,2.3
8844cad8b3fffff,H3,2025,16,2.7
8844cad8b3fffff,H3,2025,17,3.6
8844cad8b3fffff,H3,2025,18,4.3
8844cad8b3fffff,H3,2025,19,4.5
8844cad8b3fffff,H3,2025,20,4.8
8844cad8b3fffff,H3,2025,21,4.7
8844cad8b3fffff,H3,2025,22,4.3
8844cad8b3fffff,H3,2025,23,3.9
8844cb0ed3fffff,H3,2025,0,2.5
8844cb0ed3fffff,H3,2025,1,2.2
8844cb0ed3fffff,H3,2025,2,1.9
8844cb0ed3fffff,H3,2025,3,1.7
8844cb0ed3fffff,H3,2025,4,1.6
8844cb0ed3fffff,H3,2025,5,1.4
8844cb0ed3fffff,H3,2025,6,1.2
8844cb0ed3fffff,H3,2025,7,1.0
8844cb0ed3fffff,H3,2025,8,0.9
8844cb0ed3fffff,H3,2025,9,0.8
8844cb0ed3fffff,H3,2025,10,0.9
8844cb0ed3fffff,H3,2025,11,1.0
8844cb0ed3fffff,H3,2025,12,1.1
8844cb0ed3fffff,H3,2025,13,1.4
8844cb0ed3fffff,H3,2025,14,1.5
8844cb0ed3fffff,H3,2025,15,1.7
8844cb0ed3fffff,H3,2025,16,2.2
8844cb0ed3fffff,H3,2025,17,2.8
8844cb0ed3fffff,H3,2025,18,3.3
8844cb0ed3fffff,H3,2025,19,3.5
8844cb0ed3fffff,H3,2025,20,3.6
8844cb0ed3fffff,H3,2025,21,3.6
8844cb0ed3fffff,H3,2025,22,3.3
8844cb0ed3fffff,H3,2025,23,3.0
8844cb16d3fffff,H3,2025,0,1.4
8844cb16d3fffff,H3,2025,1,1.2
8844cb16d3fffff,H3,2025,2,1.0
8844cb16d3fffff,H3,2025,3,0.9
8844cb16d3fffff,H3,2025,4,0.9
8844cb16d3fffff,H3,2025,5,0.8
8844cb16d3fffff,H3,2025,6,0.7
8844cb16d3fffff,H3,2025,7,0.6
8844cb16d3fffff,H3,2025,8,0.5
8844cb16d3fffff,H3,2025,9,0.5
8844cb16d3fffff,H3,2025,10,0.5
8844cb16d3fffff,H3,2025,11,0.6
8844cb16d3fffff,H3,2025,12,0.7
8844cb16d3fffff,H3,2025,13,0.7
8844cb16d3fffff,H3,2025,14,0.8
8844cb16d3fffff,H3,2025,15,0.9
8844cb16d3fffff,H3,2025,16,1.1
8844cb16d3fffff,H3,2025,17,1.5
8844cb16d3fffff,H3,2025,18,1.8
8844cb16d3fffff,H3,2025,19,1.9
8844cb16d3fffff,H3,2025,20,2.0
8844cb16d3fffff,H3,2025,21,1.9
8844cb16d3fffff,H3,2025,22,1.8
8844cb16d3fffff,H3,2025,23,1.6
8844cbd0c3fffff,H3,2025,0,15.3
8844cbd0c3fffff,H3,2025,1,13.4
8844cbd0c3fffff,H3,2025,2,11.6
8844cbd0c3fffff,H3,2025,3,10.5
8844cbd0c3fffff,H3,2025,4,9.4
8844cbd0c3fffff,H3,2025,5,8.5
8844cbd0c3fffff,H3,2025,6,7.7
8844cbd0c3fffff,H3,2025,7,6.2
8844cbd0c3fffff,H3,2025,8,5.2
8844cbd0c3fffff,H3,2025,9,5.1
8844cbd0c3fffff,H3,2025,10,5.5
8844cbd0c3fffff,H3,2025,11,6.2
8844cbd0c3fffff,H3,2025,12,7.3
8844cbd0c3fffff,H3,2025,13,8.2
8844cbd0c3fffff,H3,2025,14,9.1
8844cbd0c3fffff,H3,2025,15,10.7
8844cbd0c3fffff,H3,2025,16,13.3
8844cbd0c3fffff,H3,2025,17,17.4
8844cbd0c3fffff,H3,2025,18,20.3
8844cbd0c3fffff,H3,2025,19,22.2
8844cbd0c3fffff,H3,2025,20,23.0
8844cbd0c3fffff,H3,2025,21,22.4
8844cbd0c3fffff,H3,2025,22,20.6
8844cbd0c3fffff,H3,2025,23,18.2
8844cbd0ebfffff,H3,2025,0,18.1
8844cbd0ebfffff,H3,2025,1,15.8
8844cbd0ebfffff,H3,2025,2,13.8
8844cbd0ebfffff,H3,2025,3,12.4
8844cbd0ebfffff,H3,2025,4,11.1
8844cbd0ebfffff,H3,2025,5,10.2
8844cbd0ebfffff,H3,2025,6,9.1
8844cbd0ebfffff,H3,2025,7,7.4
8844cbd0ebfffff,H3,2025,8,6.2
8844cbd0ebfffff,H3,2025,9,6.0
8844cbd0ebfffff,H3,2025,10,6.5
8844cbd0ebfffff,H3,2025,11,7.4
8844cbd0ebfffff,H3,2025,12,8.6
8844cbd0ebfffff,H3,2025,13,9.7
8844cbd0ebfffff,H3,2025,14,10.7
8844cbd0ebfffff,H3,2025,15,12.6
8844cbd0ebfffff,H3,2025,16,15.8
8844cbd0ebfffff,H3,2025,17,20.6
8844cbd0ebfffff,H3,2025,18,24.0
8844cbd0ebfffff,H3,2025,19,25.7
8844cbd0ebfffff,H3,2025,20,26.6
8844cbd0ebfffff,H3,2025,21,26.0
8844cbd0ebfffff,H3,2025,22,24.1
8844cbd0ebfffff,H3,2025,23,21.4
8844cc25e9fffff,H3,2025,0,1.8
8844cc25e9fffff,H3,2025,1,1.6
8844cc25e9fffff,H3,2025,2,1.4
8844cc25e9fffff,H3,2025,3,1.2
8844cc25e9fffff,H3,2025,4,1.1
8844cc25e9fffff,H3,2025,5,1.0
8844cc25e9fffff,H3,2025,6,0.9
8844cc25e9fffff,H3,2025,7,0.7
8844cc25e9fffff,H3,2025,8,0.6
8844cc25e9fffff,H3,2025,9,0.6
8844cc25e9fffff,H3,2025,10,0.6
8844cc25e9fffff,H3,2025,11,0.7
8844cc25e9fffff,H3,2025,12,0.8
8844cc25e9fffff,H3,2025,13,0.9
8844cc25e9fffff,H3,2025,14,1.0
8844cc25e9fffff,H3,2025,15,1.2
8844cc25e9fffff,H3,2025,16,1.5
8844cc25e9fffff,H3,2025,17,1.9
8844cc25e9fffff,H3,2025,18,2.3
8844cc25e9fffff,H3,2025,19,2.5
8844cc25e9fffff,H3,2025,20,2.6
8844cc25e9fffff,H3,2025,21,2.5
8844cc25e9fffff,H3,2025,22,2.3
8844cc25e9fffff,H3,2025,23,2.0
8844cc2db9fffff,H3,2025,0,1.2
8844cc2db9fffff,H3,2025,1,1.1
8844cc2db9fffff,H3,2025,2,1.0
8844cc2db9fffff,H3,2025,3,0.9
8844cc2db9fffff,H3,2025,4,0.8
8844cc2db9fffff,H3,2025,5,0.7
8844cc2db9fffff,H3,2025,6,0.7
8844cc2db9fffff,H3,2025,7,0.6
8844cc2db9fffff,H3,2025,8,0.5
8844cc2db9fffff,H3,2025,9,0.5
8844cc2db9fffff,H3,2025,10,0.5
8844cc2db9fffff,H3,2025,11,0.6
8844cc2db9fffff,H3,2025,12,0.7
8844cc2db9fffff,H3,2025,13,0.7
8844cc2db9fffff,H3,2025,14,0.8
8844cc2db9fffff,H3,2025,15,0.9
8844cc2db9fffff,H3,2025,16,1.1
8844cc2db9fffff,H3,2025,17,1.5
8844cc2db9fffff,H3,2025,18,1.7
8844cc2db9fffff,H3,2025,19,1.8
8844cc2db9fffff,H3,2025,20,1.9
8844cc2db9fffff,H3,2025,21,1.8
8844cc2db9fffff,H3,2025,22,1.7
8844cc2db9fffff,H3,2025,23,1.6
8844cc628dfffff,H3,2025,0,1.6
8844cc628dfffff,H3,2025,1,1.4
8844cc628dfffff,H3,2025,2,1.2
8844cc628dfffff,H3,2025,3,1.0
8844cc628dfffff,H3,2025,4,1.0
8844cc628dfffff,H3,2025,5,0.9
8844cc628dfffff,H3,2025,6,0.8
8844cc628dfffff,H3,2025,7,0.7
8844cc628dfffff,H3,2025,8,0.6
8844cc628dfffff,H3,2025,9,0.6
8844cc628dfffff,H3,2025,10,0.6
8844cc628dfffff,H3,2025,11,0.7
8844cc628dfffff,H3,2025,12,0.7
8844cc628dfffff,H3,2025,13,0.8
8844cc628dfffff,H3,2025,14,0.9
8844cc628dfffff,H3,2025,15,1.0
8844cc628dfffff,H3,2025,16,1.4
8844cc628dfffff,H3,2025,17,1.7
8844cc628dfffff,H3,2025,18,2.0
8844cc628dfffff,H3,2025,19,2.2
8844cc628dfffff,H3,2025,20,2.3
8844cc628dfffff,H3,2025,21,2.3
8844cc628dfffff,H3,2025,22,2.0
8844cc628dfffff,H3,2025,23,1.8
8844ccd905fffff,H3,2025,0,2.4
8844ccd905fffff,H3,2025,1,2.0
8844ccd905fffff,H3,2025,2,1.8
8844ccd905fffff,H3,2025,3,1.6
8844ccd905fffff,H3,2025,4,1.5
8844ccd905fffff,H3,2025,5,1.4
8844ccd905fffff,H3,2025,6,1.2
8844ccd905fffff,H3,2025,7,1.0
8844ccd905fffff,H3,2025,8,0.9
8844ccd905fffff,H3,2025,9,0.9
8844ccd905fffff,H3,2025,10,1.0
8844ccd905fffff,H3,2025,11,1.1
8844ccd905fffff,H3,2025,12,1.4
8844ccd905fffff,H3,2025,13,1.5
8844ccd905fffff,H3,2025,14,1.6
8844ccd905fffff,H3,2025,15,1.9
8844ccd905fffff,H3,2025,16,2.3
8844ccd905fffff,H3,2025,17,3.0
8844ccd905fffff,H3,2025,18,3.4
8844ccd905fffff,H3,2025,19,3.6
8844ccd905fffff,H3,2025,20,3.6
8844ccd905fffff,H3,2025,21,3.5
8844ccd905fffff,H3,2025,22,3.3
8844ccd905fffff,H3,2025,23,2.8
8844ccd92bfffff,H3,2025,0,1.5
8844ccd92bfffff,H3,2025,1,1.4
8844ccd92bfffff,H3,2025,2,1.1
8844ccd92bfffff,H3,2025,3,1.0
8844ccd92bfffff,H3,2025,4,0.9
8844ccd92bfffff,H3,2025,5,0.8
8844ccd92bfffff,H3,2025,6,0.8
8844ccd92bfffff,H3,2025,7,0.7
8844ccd92bfffff,H3,2025,8,0.6
8844ccd92bfffff,H3,2025,9,0.6
8844ccd92bfffff,H3,2025,10,0.6
8844ccd92bfffff,H3,2025,11,0.7
8844ccd92bfffff,H3,2025,12,0.8
8844ccd92bfffff,H3,2025,13,0.9
8844ccd92bfffff,H3,2025,14,1.0
8844ccd92bfffff,H3,2025,15,1.1
8844ccd92bfffff,H3,2025,16,1.5
8844ccd92bfffff,H3,2025,17,1.8
8844ccd92bfffff,H3,2025,18,2.2
8844ccd92bfffff,H3,2025,19,2.3
8844ccd92bfffff,H3,2025,20,2.3
8844ccd92bfffff,H3,2025,21,2.3
8844ccd92bfffff,H3,2025,22,2.0
8844ccd92bfffff,H3,2025,23,1.8
8844ccdb67fffff,H3,2025,0,3.2
8844ccdb67fffff,H3,2025,1,2.8
8844ccdb67fffff,H3,2025,2,2.4
8844ccdb67fffff,H3,2025,3,2.2
8844ccdb67fffff,H3,2025,4,2.0
8844ccdb67fffff,H3,2025,5,1.8
8844ccdb67fffff,H3,2025,6,1.6
8844ccdb67fffff,H3,2025,7,1.2
8844ccdb67fffff,H3,2025,8,1.1
8844ccdb67fffff,H3,2025,9,1.0
8844ccdb67fffff,H3,2025,10,1.1
8844ccdb67fffff,H3,2025,11,1.2
8844ccdb67fffff,H3,2025,12,1.5
8844ccdb67fffff,H3,2025,13,1.7
8844ccdb67fffff,H3,2025,14,1.8
8844ccdb67fffff,H3,2025,15,2.2
8844ccdb67fffff,H3,2025,16,2.7
8844ccdb67fffff,H3,2025,17,3.5
8844ccdb67fffff,H3,2025,18,4.2
8844ccdb67fffff,H3,2025,19,4.5
8844ccdb67fffff,H3,2025,20,4.7
8844ccdb67fffff,H3,2025,21,4.5
8844ccdb67fffff,H3,2025,22,4.2
8844ccdb67fffff,H3,2025,23,3.8
8844cd5a3bfffff,H3,2025,0,1.6
8844cd5a3bfffff,H3,2025,1,1.5
8844cd5a3bfffff,H3,2025,2,1.2
8844cd5a3bfffff,H3,2025,3,1.1
8844cd5a3bfffff,H3,2025,4,1.0
8844cd5a3bfffff,H3,2025,5,0.9
8844cd5a3bfffff,H3,2025,6,0.8
8844cd5a3bfffff,H3,2025,7,0.7
8844cd5a3bfffff,H3,2025,8,0.6
8844cd5a3bfffff,H3,2025,9,0.6
8844cd5a3bfffff,H3,2025,10,0.6
8844cd5a3bfffff,H3,2025,11,0.7
8844cd5a3bfffff,H3,2025,12,0.8
8844cd5a3bfffff,H3,2025,13,0.8
8844cd5a3bfffff,H3,2025,14,0.9
8844cd5a3bfffff,H3,2025,15,1.1
8844cd5a3bfffff,H3,2025,16,1.4
8844cd5a3bfffff,H3,2025,17,1.8
8844cd5a3bfffff,H3,2025,18,2.2
8844cd5a3bfffff,H3,2025,19,2.3
8844cd5a3bfffff,H3,2025,20,2.4
8844cd5a3bfffff,H3,2025,21,2.3
8844cd5a3bfffff,H3,2025,22,2.2
8844cd5a3bfffff,H3,2025,23,1.9
8844ce4517fffff,H3,2025,0,1.5
8844ce4517fffff,H3,2025,1,1.2
8844ce4517fffff,H3,2025,2,1.1
8844ce4517fffff,H3,2025,3,1.0
8844ce4517fffff,H3,2025,4,0.9
8844ce4517fffff,H3,2025,5,0.8
8844ce4517fffff,H3,2025,6,0.8
8844ce4517fffff,H3,2025,7,0.6
8844ce4517fffff,H3,2025,8,0.5
8844ce4517fffff,H3,2025,9,0.5
8844ce4517fffff,H3,2025,10,0.6
8844ce4517fffff,H3,2025,11,0.6
8844ce4517fffff,H3,2025,12,0.7
8844ce4517fffff,H3,2025,13,0.8
8844ce4517fffff,H3,2025,14,0.9
8844ce4517fffff,H3,2025,15,1.0
8844ce4517fffff,H3,2025,16,1.2
8844ce4517fffff,H3,2025,17,1.7
8844ce4517fffff,H3,2025,18,1.9
8844ce4517fffff,H3,2025,19,2.0
8844ce4517fffff,H3,2025,20,2.2
8844ce4517fffff,H3,2025,21,2.2
8844ce4517fffff,H3,2025,22,1.9
8844ce4517fffff,H3,2025,23,1.7
8844ce9a61fffff,H3,2025,0,1.5
8844ce9a61fffff,H3,2025,1,1.2
8844ce9a61fffff,H3,2025,2,1.1
8844ce9a61fffff,H3,2025,3,1.0
8844ce9a61fffff,H3,2025,4,0.9
8844ce9a61fffff,H3,2025,5,0.8
8844ce9a61fffff,H3,2025,6,0.7
8844ce9a61fffff,H3,2025,7,0.6
8844ce9a61fffff,H3,2025,8,0.5
8844ce9a61fffff,H3,2025,9,0.5
8844ce9a61fffff,H3,2025,10,0.6
8844ce9a61fffff,H3,2025,11,0.6
8844ce9a61fffff,H3,2025,12,0.7
8844ce9a61fffff,H3,2025,13,0.8
8844ce9a61fffff,H3,2025,14,0.9
8844ce9a61fffff,H3,2025,15,1.0
8844ce9a61fffff,H3,2025,16,1.2
8844ce9a61fffff,H3,2025,17,1.6
8844ce9a61fffff,H3,2025,18,1.9
8844ce9a61fffff,H3,2025,19,2.0
8844ce9a61fffff,H3,2025,20,2.2
8844ce9a61fffff,H3,2025,21,2.0
8844ce9a61fffff,H3,2025,22,1.9
8844ce9a61fffff,H3,2025,23,1.7
8844ced69dfffff,H3,2025,0,3.0
8844ced69dfffff,H3,2025,1,2.6
8844ced69dfffff,H3,2025,2,2.3
8844ced69dfffff,H3,2025,3,2.0
8844ced69dfffff,H3,2025,4,1.8
8844ced69dfffff,H3,2025,5,1.7
8844ced69dfffff,H3,2025,6,1.5
8844ced69dfffff,H3,2025,7,1.1
8844ced69dfffff,H3,2025,8,1.0
8844ced69dfffff,H3,2025,9,0.9
8844ced69dfffff,H3,2025,10,1.0
8844ced69dfffff,H3,2025,11,1.1
8844ced69dfffff,H3,2025,12,1.4
8844ced69dfffff,H3,2025,13,1.5
8844ced69dfffff,H3,2025,14,1.7
8844ced69dfffff,H3,2025,15,2.0
8844ced69dfffff,H3,2025,16,2.5
8844ced69dfffff,H3,2025,17,3.3
8844ced69dfffff,H3,2025,18,3.9
8844ced69dfffff,H3,2025,19,4.1
8844ced69dfffff,H3,2025,20,4.3
8844ced69dfffff,H3,2025,21,4.2
8844ced69dfffff,H3,2025,22,3.9
8844ced69dfffff,H3,2025,23,3.4
8844d06441fffff,H3,2025,0,2.0
8844d06441fffff,H3,2025,1,1.8
8844d06441fffff,H3,2025,2,1.6
8844d06441fffff,H3,2025,3,1.4
8844d06441fffff,H3,2025,4,1.2
8844d06441fffff,H3,2025,5,1.1
8844d06441fffff,H3,2025,6,1.0
8844d06441fffff,H3,2025,7,0.9
8844d06441fffff,H3,2025,8,0.8
8844d06441fffff,H3,2025,9,0.7
8844d06441fffff,H3,2025,10,0.8
8844d06441fffff,H3,2025,11,0.9
8844d06441fffff,H3,2025,12,1.0
8844d06441fffff,H3,2025,13,1.1
8844d06441fffff,H3,2025,14,1.2
8844d06441fffff,H3,2025,15,1.5
8844d06441fffff,H3,2025,16,1.9
8844d06441fffff,H3,2025,17,2.4
8844d06441fffff,H3,2025,18,2.8
8844d06441fffff,H3,2025,19,3.0
8844d06441fffff,H3,2025,20,3.1
8844d06441fffff,H3,2025,21,3.0
8844d06441fffff,H3,2025,22,2.7
8844d06441fffff,H3,2025,23,2.4
8844d0661dfffff,H3,2025,0,1.4
8844d0661dfffff,H3,2025,1,1.2
8844d0661dfffff,H3,2025,2,1.0
8844d0661dfffff,H3,2025,3,0.9
8844d0661dfffff,H3,2025,4,0.9
8844d0661dfffff,H3,2025,5,0.8
8844d0661dfffff,H3,2025,6,0.7
8844d0661dfffff,H3,2025,7,0.6
8844d0661dfffff,H3,2025,8,0.5
8844d0661dfffff,H3,2025,9,0.5
8844d0661dfffff,H3,2025,10,0.5
8844d0661dfffff,H3,2025,11,0.6
8844d0661dfffff,H3,2025,12,0.7
8844d0661dfffff,H3,2025,13,0.8
8844d0661dfffff,H3,2025,14,0.8
8844d0661dfffff,H3,2025,15,1.0
8844d0661dfffff,H3,2025,16,1.2
8844d0661dfffff,H3,2025,17,1.6
8844d0661dfffff,H3,2025,18,1.8
8844d0661dfffff,H3,2025,19,1.9
8844d0661dfffff,H3,2025,20,2.0
8844d0661dfffff,H3,2025,21,2.0
8844d0661dfffff,H3,2025,22,1.8
8844d0661dfffff,H3,2025,23,1.6
8844d070a1fffff,H3,2025,0,1.2
8844d070a1fffff,H3,2025,1,1.1
8844d070a1fffff,H3,2025,2,0.9
8844d070a1fffff,H3,2025,3,0.9
8844d070a1fffff,H3,2025,4,0.8
8844d070a1fffff,H3,2025,5,0.7
8844d070a1fffff,H3,2025,6,0.7
8844d070a1fffff,H3,2025,7,0.5
8844d070a1fffff,H3,2025,8,0.5
8844d070a1fffff,H3,2025,9,0.5
8844d070a1fffff,H3,2025,10,0.5
8844d070a1fffff,H3,2025,11,0.5
8844d070a1fffff,H3,2025,12,0.6
8844d070a1fffff,H3,2025,13,0.7
8844d070a1fffff,H3,2025,14,0.7
8844d070a1fffff,H3,2025,15,0.9
8844d070a1fffff,H3,2025,16,1.0
8844d070a1fffff,H3,2025,17,1.4
8844d070a1fffff,H3,2025,18,1.6
8844d070a1fffff,H3,2025,19,1.8
8844d070a1fffff,H3,2025,20,1.8
8844d070a1fffff,H3,2025,21,1.8
8844d070a1fffff,H3,2025,22,1.7
8844d070a1fffff,H3,2025,23,1.5
8844d070adfffff,H3,2025,0,6.2
8844d070adfffff,H3,2025,1,5.5
8844d070adfffff,H3,2025,2,4.8
8844d070adfffff,H3,2025,3,4.2
8844d070adfffff,H3,2025,4,3.9
8844d070adfffff,H3,2025,5,3.5
8844d070adfffff,H3,2025,6,3.2
8844d070adfffff,H3,2025,7,2.5
8844d070adfffff,H3,2025,8,2.2
8844d070adfffff,H3,2025,9,2.0
8844d070adfffff,H3,2025,10,2.2
8844d070adfffff,H3,2025,11,2.5
8844d070adfffff,H3,2025,12,3.0
8844d070adfffff,H3,2025,13,3.3
8844d070adfffff,H3,2025,14,3.6
8844d070adfffff,H3,2025,15,4.3
8844d070adfffff,H3,2025,16,5.3
8844d070adfffff,H3,2025,17,7.0
8844d070adfffff,H3,2025,18,8.2
8844d070adfffff,H3,2025,19,8.8
8844d070adfffff,H3,2025,20,9.1
8844d070adfffff,H3,2025,21,8.9
8844d070adfffff,H3,2025,22,8.3
8844d070adfffff,H3,2025,23,7.3
8844d074a9fffff,H3,2025,0,6.8
8844d074a9fffff,H3,2025,1,5.9
8844d074a9fffff,H3,2025,2,5.2
8844d074a9fffff,H3,2025,3,4.7
8844d074a9fffff,H3,2025,4,4.2
8844d074a9fffff,H3,2025,5,3.9
8844d074a9fffff,H3,2025,6,3.5
8844d074a9fffff,H3,2025,7,2.8
8844d074a9fffff,H3,2025,8,2.4
8844d074a9fffff,H3,2025,9,2.3
8844d074a9fffff,H3,2025,10,2.5
8844d074a9fffff,H3,2025,11,2.8
8844d074a9fffff,H3,2025,12,3.4
8844d074a9fffff,H3,2025,13,3.8
8844d074a9fffff,H3,2025,14,4.2
8844d074a9fffff,H3,2025,15,4.9
8844d074a9fffff,H3,2025,16,6.1
8844d074a9fffff,H3,2025,17,8.0
8844d074a9fffff,H3,2025,18,9.2
8844d074a9fffff,H3,2025,19,9.9
8844d074a9fffff,H3,2025,20,10.2
8844d074a9fffff,H3,2025,21,9.9
8844d074a9fffff,H3,2025,22,9.2
8844d074a9fffff,H3,2025,23,8.1
8844d07537fffff,H3,2025,0,1.7
8844d07537fffff,H3,2025,1,1.5
8844d07537fffff,H3,2025,2,1.2
8844d07537fffff,H3,2025,3,1.1
8844d07537fffff,H3,2025,4,1.0
8844d07537fffff,H3,2025,5,0.9
8844d07537fffff,H3,2025,6,0.9
8844d07537fffff,H3,2025,7,0.7
8844d07537fffff,H3,2025,8,0.6
8844d07537fffff,H3,2025,9,0.6
8844d07537fffff,H3,2025,10,0.6
8844d07537fffff,H3,2025,11,0.7
8844d07537fffff,H3,2025,12,0.8
8844d07537fffff,H3,2025,13,0.9
8844d07537fffff,H3,2025,14,1.0
8844d07537fffff,H3,2025,15,1.2
8844d07537fffff,H3,2025,16,1.5
8844d07537fffff,H3,2025,17,1.9
8844d07537fffff,H3,2025,18,2.3
8844d07537fffff,H3,2025,19,2.4
8844d07537fffff,H3,2025,20,2.5
8844d07537fffff,H3,2025,21,2.5
8844d07537fffff,H3,2025,22,2.3
8844d07537fffff,H3,2025,23,2.0
8844d0754bfffff,H3,2025,0,1.9
8844d0754bfffff,H3,2025,1,1.7
8844d0754bfffff,H3,2025,2,1.5
8844d0754bfffff,H3,2025,3,1.4
8844d0754bfffff,H3,2025,4,1.2
8844d0754bfffff,H3,2025,5,1.1
8844d0754bfffff,H3,2025,6,1.0
8844d0754bfffff,H3,2025,7,0.8
8844d0754bfffff,H3,2025,8,0.7
8844d0754bfffff,H3,2025,9,0.7
8844d0754bfffff,H3,2025,10,0.7
8844d0754bfffff,H3,2025,11,0.8
8844d0754bfffff,H3,2025,12,0.9
8844d0754bfffff,H3,2025,13,1.0
8844d0754bfffff,H3,2025,14,1.1
8844d0754bfffff,H3,2025,15,1.4
8844d0754bfffff,H3,2025,16,1.6
8844d0754bfffff,H3,2025,17,2.2
8844d0754bfffff,H3,2025,18,2.5
8844d0754bfffff,H3,2025,19,2.7
8844d0754bfffff,H3,2025,20,2.8
8844d0754bfffff,H3,2025,21,2.7
8844d0754bfffff,H3,2025,22,2.6
8844d0754bfffff,H3,2025,23,2.3
8844d16c93fffff,H3,2025,0,1.4
8844d16c93fffff,H3,2025,1,1.1
8844d16c93fffff,H3,2025,2,1.0
8844d16c93fffff,H3,2025,3,0.9
8844d16c93fffff,H3,2025,4,0.8
8844d16c93fffff,H3,2025,5,0.8
8844d16c93fffff,H3,2025,6,0.7
8844d16c93fffff,H3,2025,7,0.6
8844d16c93fffff,H3,2025,8,0.5
8844d16c93fffff,H3,2025,9,0.5
8844d16c93fffff,H3,2025,10,0.5
8844d16c93fffff,H3,2025,11,0.6
8844d16c93fffff,H3,2025,12,0.7
8844d16c93fffff,H3,2025,13,0.7
8844d16c93fffff,H3,2025,14,0.8
8844d16c93fffff,H3,2025,15,0.9
8844d16c93fffff,H3,2025,16,1.1
8844d16c93fffff,H3,2025,17,1.5
8844d16c93fffff,H3,2025,18,1.8
8844d16c93fffff,H3,2025,19,1.9
8844d16c93fffff,H3,2025,20,1.9
8844d16c93fffff,H3,2025,21,1.9
8844d16c93fffff,H3,2025,22,1.8
8844d16c93fffff,H3,2025,23,1.6
8844d30739fffff,H3,2025,0,1.6
8844d30739fffff,H3,2025,1,1.4
8844d30739fffff,H3,2025,2,1.1
8844d30739fffff,H3,2025,3,1.0
8844d30739fffff,H3,2025,4,0.9
8844d30739fffff,H3,2025,5,0.9
8844d30739fffff,H3,2025,6,0.8
8844d30739fffff,H3,2025,7,0.7
8844d30739fffff,H3,2025,8,0.6
8844d30739fffff,H3,2025,9,0.5
8844d30739fffff,H3,2025,10,0.6
8844d30739fffff,H3,2025,11,0.7
8844d30739fffff,H3,2025,12,0.7
8844d30739fffff,H3,2025,13,0.8
8844d30739fffff,H3,2025,14,0.9
8844d30739fffff,H3,2025,15,1.0
8844d30739fffff,H3,2025,16,1.4
8844d30739fffff,H3,2025,17,1.7
8844d30739fffff,H3,2025,18,2.0
8844d30739fffff,H3,2025,19,2.2
8844d30739fffff,H3,2025,20,2.3
8844d30739fffff,H3,2025,21,2.2
8844d30739fffff,H3,2025,22,2.0
8844d30739fffff,H3,2025,23,1.8
8844d54c0bfffff,H3,2025,0,9.5
8844d54c0bfffff,H3,2025,1,8.3
8844d54c0bfffff,H3,2025,2,7.2
8844d54c0bfffff,H3,2025,3,6.4
8844d54c0bfffff,H3,2025,4,5.8
8844d54c0bfffff,H3,2025,5,5.3
8844d54c0bfffff,H3,2025,6,4.9
8844d54c0bfffff,H3,2025,7,4.2
8844d54c0bfffff,H3,2025,8,3.9
8844d54c0bfffff,H3,2025,9,3.8
8844d54c0bfffff,H3,2025,10,4.1
8844d54c0bfffff,H3,2025,11,4.7
8844d54c0bfffff,H3,2025,12,5.5
8844d54c0bfffff,H3,2025,13,6.0
8844d54c0bfffff,H3,2025,14,6.6
8844d54c0bfffff,H3,2025,15,7.6
8844d54c0bfffff,H3,2025,16,9.4
8844d54c0bfffff,H3,2025,17,12.0
8844d54c0bfffff,H3,2025,18,13.9
8844d54c0bfffff,H3,2025,19,14.5
8844d54c0bfffff,H3,2025,20,14.9
8844d54c0bfffff,H3,2025,21,14.3
8844d54c0bfffff,H3,2025,22,13.2
8844d54c0bfffff,H3,2025,23,11.5
8844d5928bfffff,H3,2025,0,15.8
8844d5928bfffff,H3,2025,1,13.8
8844d5928bfffff,H3,2025,2,11.9
8844d5928bfffff,H3,2025,3,10.8
8844d5928bfffff,H3,2025,4,9.8
8844d5928bfffff,H3,2025,5,8.9
8844d5928bfffff,H3,2025,6,8.1
8844d5928bfffff,H3,2025,7,6.6
8844d5928bfffff,H3,2025,8,5.8
8844d5928bfffff,H3,2025,9,5.7
8844d5928bfffff,H3,2025,10,6.1
8844d5928bfffff,H3,2025,11,6.9
8844d5928bfffff,H3,2025,12,8.1
8844d5928bfffff,H3,2025,13,9.0
8844d5928bfffff,H3,2025,14,9.9
8844d5928bfffff,H3,2025,15,11.6
8844d5928bfffff,H3,2025,16,14.2
8844d5928bfffff,H3,2025,17,18.5
8844d5928bfffff,H3,2025,18,21.5
8844d5928bfffff,H3,2025,19,22.8
8844d5928bfffff,H3,2025,20,23.6
8844d5928bfffff,H3,2025,21,23.0
8844d5928bfffff,H3,2025,22,21.2
8844d5928bfffff,H3,2025,23,18.9
8844d5929dfffff,H3,2025,0,6.1
8844d5929dfffff,H3,2025,1,5.3
8844d5929dfffff,H3,2025,2,4.7
8844d5929dfffff,H3,2025,3,4.2
8844d5929dfffff,H3,2025,4,3.8
8844d5929dfffff,H3,2025,5,3.4
8844d5929dfffff,H3,2025,6,3.1
8844d5929dfffff,H3,2025,7,2.5
8844d5929dfffff,H3,2025,8,2.2
8844d5929dfffff,H3,2025,9,2.0
8844d5929dfffff,H3,2025,10,2.3
8844d5929dfffff,H3,2025,11,2.5
8844d5929dfffff,H3,2025,12,3.0
8844d5929dfffff,H3,2025,13,3.3
8844d5929dfffff,H3,2025,14,3.6
8844d5929dfffff,H3,2025,15,4.4
8844d5929dfffff,H3,2025,16,5.5
8844d5929dfffff,H3,2025,17,7.0
8844d5929dfffff,H3,2025,18,8.2
8844d5929dfffff,H3,2025,19,8.9
8844d5929dfffff,H3,2025,20,9.1
8844d5929dfffff,H3,2025,21,8.9
8844d5929dfffff,H3,2025,22,8.2
8844d5929dfffff,H3,2025,23,7.3
8844d592d7fffff,H3,2025,0,6.7
8844d592d7fffff,H3,2025,1,5.9
8844d592d7fffff,H3,2025,2,5.1
8844d592d7fffff,H3,2025,3,4.5
8844d592d7fffff,H3,2025,4,4.2
8844d592d7fffff,H3,2025,5,3.8
8844d592d7fffff,H3,2025,6,3.4
8844d592d7fffff,H3,2025,7,2.7
8844d592d7fffff,H3,2025,8,2.4
8844d592d7fffff,H3,2025,9,2.3
8844d592d7fffff,H3,2025,10,2.5
8844d592d7fffff,H3,2025,11,2.8
8844d592d7fffff,H3,2025,12,3.3
8844d592d7fffff,H3,2025,13,3.6
8844d592d7fffff,H3,2025,14,4.1
8844d592d7fffff,H3,2025,15,4.8
8844d592d7fffff,H3,2025,16,5.9
8844d592d7fffff,H3,2025,17,7.7
8844d592d7fffff,H3,2025,18,9.1
8844d592d7fffff,H3,2025,19,9.7
8844d592d7fffff,H3,2025,20,10.0
8844d592d7fffff,H3,2025,21,9.8
8844d592d7fffff,H3,2025,22,9.0
8844d592d7fffff,H3,2025,23,8.0
8844d5c0e3fffff,H3,2025,0,4.0
8844d5c0e3fffff,H3,2025,1,3.5
8844d5c0e3fffff,H3,2025,2,3.1
8844d5c0e3fffff,H3,2025,3,2.7
8844d5c0e3fffff,H3,2025,4,2.5
8844d5c0e3fffff,H3,2025,5,2.3
8844d5c0e3fffff,H3,2025,6,2.0
8844d5c0e3fffff,H3,2025,7,1.6
8844d5c0e3fffff,H3,2025,8,1.4
8844d5c0e3fffff,H3,2025,9,1.2
8844d5c0e3fffff,H3,2025,10,1.4
8844d5c0e3fffff,H3,2025,11,1.6
8844d5c0e3fffff,H3,2025,12,1.8
8844d5c0e3fffff,H3,2025,13,2.0
8844d5c0e3fffff,H3,2025,14,2.3
8844d5c0e3fffff,H3,2025,15,2.7
8844d5c0e3fffff,H3,2025,16,3.4
8844d5c0e3fffff,H3,2025,17,4.4
8844d5c0e3fffff,H3,2025,18,5.2
8844d5c0e3fffff,H3,2025,19,5.6
8844d5c0e3fffff,H3,2025,20,5.9
8844d5c0e3fffff,H3,2025,21,5.7
8844d5c0e3fffff,H3,2025,22,5.3
8844d5c0e3fffff,H3,2025,23,4.8
8844d5c523fffff,H3,2025,0,3.1
8844d5c523fffff,H3,2025,1,2.7
8844d5c523fffff,H3,2025,2,2.3
8844d5c523fffff,H3,2025,3,2.2
8844d5c523fffff,H3,2025,4,1.9
8844d5c523fffff,H3,2025,5,1.7
8844d5c523fffff,H3,2025,6,1.5
8844d5c523fffff,H3,2025,7,1.2
8844d5c523fffff,H3,2025,8,1.0
8844d5c523fffff,H3,2025,9,1.0
8844d5c523fffff,H3,2025,10,1.0
8844d5c523fffff,H3,2025,11,1.2
8844d5c523fffff,H3,2025,12,1.4
8844d5c523fffff,H3,2025,13,1.6
8844d5c523fffff,H3,2025,14,1.7
8844d5c523fffff,H3,2025,15,2.0
8844d5c523fffff,H3,2025,16,2.5
8844d5c523fffff,H3,2025,17,3.4
8844d5c523fffff,H3,2025,18,4.0
8844d5c523fffff,H3,2025,19,4.2
8844d5c523fffff,H3,2025,20,4.4
8844d5c523fffff,H3,2025,21,4.3
8844d5c523fffff,H3,2025,22,4.0
8844d5c523fffff,H3,2025,23,3.6
8844d5c545fffff,H3,2025,0,3.8
8844d5c545fffff,H3,2025,1,3.3
8844d5c545fffff,H3,2025,2,2.8
8844d5c545fffff,H3,2025,3,2.6
8844d5c545fffff,H3,2025,4,2.4
8844d5c545fffff,H3,2025,5,2.2
8844d5c545fffff,H3,2025,6,1.9
8844d5c545fffff,H3,2025,7,1.5
8844d5c545fffff,H3,2025,8,1.2
8844d5c545fffff,H3,2025,9,1.2
8844d5c545fffff,H3,2025,10,1.4
8844d5c545fffff,H3,2025,11,1.5
8844d5c545fffff,H3,2025,12,1.8
8844d5c545fffff,H3,2025,13,1.9
8844d5c545fffff,H3,2025,14,2.2
8844d5c545fffff,H3,2025,15,2.6
8844d5c545fffff,H3,2025,16,3.2
8844d5c545fffff,H3,2025,17,4.2
8844d5c545fffff,H3,2025,18,4.9
8844d5c545fffff,H3,2025,19,5.3
8844d5c545fffff,H3,2025,20,5.6
8844d5c545fffff,H3,2025,21,5.5
8844d5c545fffff,H3,2025,22,5.0
8844d5c545fffff,H3,2025,23,4.4
8844d5c5c3fffff,H3,2025,0,2.2
8844d5c5c3fffff,H3,2025,1,1.8
8844d5c5c3fffff,H3,2025,2,1.6
8844d5c5c3fffff,H3,2025,3,1.5
8844d5c5c3fffff,H3,2025,4,1.4
8844d5c5c3fffff,H3,2025,5,1.2
8844d5c5c3fffff,H3,2025,6,1.0
8844d5c5c3fffff,H3,2025,7,0.9
8844d5c5c3fffff,H3,2025,8,0.7
8844d5c5c3fffff,H3,2025,9,0.7
8844d5c5c3fffff,H3,2025,10,0.8
8844d5c5c3fffff,H3,2025,11,0.9
8844d5c5c3fffff,H3,2025,12,1.0
8844d5c5c3fffff,H3,2025,13,1.1
8844d5c5c3fffff,H3,2025,14,1.2
8844d5c5c3fffff,H3,2025,15,1.5
8844d5c5c3fffff,H3,2025,16,1.8
8844d5c5c3fffff,H3,2025,17,2.4
8844d5c5c3fffff,H3,2025,18,2.7
8844d5c5c3fffff,H3,2025,19,3.0
8844d5c5c3fffff,H3,2025,20,3.1
8844d5c5c3fffff,H3,2025,21,3.1
8844d5c5c3fffff,H3,2025,22,2.8
8844d5c5c3fffff,H3,2025,23,2.5
8844d5c72bfffff,H3,2025,0,1.2
8844d5c72bfffff,H3,2025,1,1.0
8844d5c72bfffff,H3,2025,2,0.9
8844d5c72bfffff,H3,2025,3,0.8
8844d5c72bfffff,H3,2025,4,0.8
8844d5c72bfffff,H3,2025,5,0.7
8844d5c72bfffff,H3,2025,6,0.6
8844d5c72bfffff,H3,2025,7,0.5
8844d5c72bfffff,H3,2025,8,0.5
8844d5c72bfffff,H3,2025,9,0.3
8844d5c72bfffff,H3,2025,10,0.5
8844d5c72bfffff,H3,2025,11,0.5
8844d5c72bfffff,H3,2025,12,0.6
8844d5c72bfffff,H3,2025,13,0.7
8844d5c72bfffff,H3,2025,14,0.7
8844d5c72bfffff,H3,2025,15,0.8
8844d5c72bfffff,H3,2025,16,1.0
8844d5c72bfffff,H3,2025,17,1.4
8844d5c72bfffff,H3,2025,18,1.6
8844d5c72bfffff,H3,2025,19,1.7
8844d5c72bfffff,H3,2025,20,1.8
8844d5c72bfffff,H3,2025,21,1.7
8844d5c72bfffff,H3,2025,22,1.6
8844d5c72bfffff,H3,2025,23,1.4
8844d5c735fffff,H3,2025,0,1.1
8844d5c735fffff,H3,2025,1,1.0
8844d5c735fffff,H3,2025,2,0.9
8844d5c735fffff,H3,2025,3,0.8
8844d5c735fffff,H3,2025,4,0.7
8844d5c735fffff,H3,2025,5,0.7
8844d5c735fffff,H3,2025,6,0.6
8844d5c735fffff,H3,2025,7,0.6
8844d5c735fffff,H3,2025,8,0.5
8844d5c735fffff,H3,2025,9,0.5
8844d5c735fffff,H3,2025,10,0.5
8844d5c735fffff,H3,2025,11,0.6
8844d5c735fffff,H3,2025,12,0.7
8844d5c735fffff,H3,2025,13,0.8
8844d5c735fffff,H3,2025,14,0.8
8844d5c735fffff,H3,2025,15,0.9
8844d5c735fffff,H3,2025,16,1.2
8844d5c735fffff,H3,2025,17,1.6
8844d5c735fffff,H3,2025,18,1.7
8844d5c735fffff,H3,2025,19,1.8
8844d5c735fffff,H3,2025,20,1.8
8844d5c735fffff,H3,2025,21,1.8
8844d5c735fffff,H3,2025,22,1.6
8844d5c735fffff,H3,2025,23,1.4
8844d84c11fffff,H3,2025,0,2.4
8844d84c11fffff,H3,2025,1,2.2
8844d84c11fffff,H3,2025,2,1.8
8844d84c11fffff,H3,2025,3,1.7
8844d84c11fffff,H3,2025,4,1.5
8844d84c11fffff,H3,2025,5,1.4
8844d84c11fffff,H3,2025,6,1.2
8844d84c11fffff,H3,2025,7,1.0
8844d84c11fffff,H3,2025,8,0.8
8844d84c11fffff,H3,2025,9,0.8
8844d84c11fffff,H3,2025,10,0.9
8844d84c11fffff,H3,2025,11,1.0
8844d84c11fffff,H3,2025,12,1.1
8844d84c11fffff,H3,2025,13,1.2
8844d84c11fffff,H3,2025,14,1.5
8844d84c11fffff,H3,2025,15,1.7
8844d84c11fffff,H3,2025,16,2.2
8844d84c11fffff,H3,2025,17,2.7
8844d84c11fffff,H3,2025,18,3.2
8844d84c11fffff,H3,2025,19,3.4
8844d84c11fffff,H3,2025,20,3.5
8844d84c11fffff,H3,2025,21,3.5
8844d84c11fffff,H3,2025,22,3.2
8844d84c11fffff,H3,2025,23,2.8
8844d84dabfffff,H3,2025,0,4.5
8844d84dabfffff,H3,2025,1,4.0
8844d84dabfffff,H3,2025,2,3.4
8844d84dabfffff,H3,2025,3,3.1
8844d84dabfffff,H3,2025,4,2.8
8844d84dabfffff,H3,2025,5,2.5
8844d84dabfffff,H3,2025,6,2.3
8844d84dabfffff,H3,2025,7,1.8
8844d84dabfffff,H3,2025,8,1.5
8844d84dabfffff,H3,2025,9,1.5
8844d84dabfffff,H3,2025,10,1.6
8844d84dabfffff,H3,2025,11,1.8
8844d84dabfffff,H3,2025,12,2.0
8844d84dabfffff,H3,2025,13,2.3
8844d84dabfffff,H3,2025,14,2.6
8844d84dabfffff,H3,2025,15,3.1
8844d84dabfffff,H3,2025,16,3.9
8844d84dabfffff,H3,2025,17,5.0
8844d84dabfffff,H3,2025,18,5.9
8844d84dabfffff,H3,2025,19,6.2
8844d84dabfffff,H3,2025,20,6.6
8844d84dabfffff,H3,2025,21,6.5
8844d84dabfffff,H3,2025,22,5.9
8844d84dabfffff,H3,2025,23,5.3
8844d84e61fffff,H3,2025,0,2.7
8844d84e61fffff,H3,2025,1,2.4
8844d84e61fffff,H3,2025,2,2.0
8844d84e61fffff,H3,2025,3,1.9
8844d84e61fffff,H3,2025,4,1.7
8844d84e61fffff,H3,2025,5,1.6
8844d84e61fffff,H3,2025,6,1.4
8844d84e61fffff,H3,2025,7,1.1
8844d84e61fffff,H3,2025,8,0.9
8844d84e61fffff,H3,2025,9,0.9
8844d84e61fffff,H3,2025,10,0.9
8844d84e61fffff,H3,2025,11,1.1
8844d84e61fffff,H3,2025,12,1.2
8844d84e61fffff,H3,2025,13,1.4
8844d84e61fffff,H3,2025,14,1.6
8844d84e61fffff,H3,2025,15,1.8
8844d84e61fffff,H3,2025,16,2.3
8844d84e61fffff,H3,2025,17,3.0
8844d84e61fffff,H3,2025,18,3.5
8844d84e61fffff,H3,2025,19,3.9
8844d84e61fffff,H3,2025,20,4.0
8844d84e61fffff,H3,2025,21,3.9
8844d84e61fffff,H3,2025,22,3.6
8844d84e61fffff,H3,2025,23,3.2
8844d84f01fffff,H3,2025,0,1.7
8844d84f01fffff,H3,2025,1,1.5
8844d84f01fffff,H3,2025,2,1.2
8844d84f01fffff,H3,2025,3,1.1
8844d84f01fffff,H3,2025,4,1.0
8844d84f01fffff,H3,2025,5,0.9
8844d84f01fffff,H3,2025,6,0.8
8844d84f01fffff,H3,2025,7,0.7
8844d84f01fffff,H3,2025,8,0.6
8844d84f01fffff,H3,2025,9,0.6
8844d84f01fffff,H3,2025,10,0.6
8844d84f01fffff,H3,2025,11,0.7
8844d84f01fffff,H3,2025,12,0.8
8844d84f01fffff,H3,2025,13,0.9
8844d84f01fffff,H3,2025,14,0.9
8844d84f01fffff,H3,2025,15,1.1
8844d84f01fffff,H3,2025,16,1.4
8844d84f01fffff,H3,2025,17,1.8
8844d84f01fffff,H3,2025,18,2.2
8844d84f01fffff,H3,2025,19,2.3
8844d84f01fffff,H3,2025,20,2.4
8844d84f01fffff,H3,2025,21,2.4
8844d84f01fffff,H3,2025,22,2.2
8844d84f01fffff,H3,2025,23,1.9
8844d84f69fffff,H3,2025,0,4.7
8844d84f69fffff,H3,2025,1,4.1
8844d84f69fffff,H3,2025,2,3.6
8844d84f69fffff,H3,2025,3,3.2
8844d84f69fffff,H3,2025,4,3.0
8844d84f69fffff,H3,2025,5,2.6
8844d84f69fffff,H3,2025,6,2.4
8844d84f69fffff,H3,2025,7,1.8
8844d84f69fffff,H3,2025,8,1.6
8844d84f69fffff,H3,2025,9,1.5
8844d84f69fffff,H3,2025,10,1.6
8844d84f69fffff,H3,2025,11,1.8
8844d84f69fffff,H3,2025,12,2.2
8844d84f69fffff,H3,2025,13,2.4
8844d84f69fffff,H3,2025,14,2.7
8844d84f69fffff,H3,2025,15,3.2
8844d84f69fffff,H3,2025,16,4.0
8844d84f69fffff,H3,2025,17,5.1
8844d84f69fffff,H3,2025,18,6.0
8844d84f69fffff,H3,2025,19,6.5
8844d84f69fffff,H3,2025,20,6.8
8844d84f69fffff,H3,2025,21,6.7
8844d84f69fffff,H3,2025,22,6.2
8844d84f69fffff,H3,2025,23,5.6
8844d921a3fffff,H3,2025,0,4.3
8844d921a3fffff,H3,2025,1,3.8
8844d921a3fffff,H3,2025,2,3.3
8844d921a3fffff,H3,2025,3,3.0
8844d921a3fffff,H3,2025,4,2.6
8844d921a3fffff,H3,2025,5,2.4
8844d921a3fffff,H3,2025,6,2.2
8844d921a3fffff,H3,2025,7,1.7
8844d921a3fffff,H3,2025,8,1.5
8844d921a3fffff,H3,2025,9,1.4
8844d921a3fffff,H3,2025,10,1.5
8844d921a3fffff,H3,2025,11,1.7
8844d921a3fffff,H3,2025,12,2.0
8844d921a3fffff,H3,2025,13,2.3
8844d921a3fffff,H3,2025,14,2.5
8844d921a3fffff,H3,2025,15,3.0
8844d921a3fffff,H3,2025,16,3.6
8844d921a3fffff,H3,2025,17,4.8
8844d921a3fffff,H3,2025,18,5.6
8844d921a3fffff,H3,2025,19,6.0
8844d921a3fffff,H3,2025,20,6.2
8844d921a3fffff,H3,2025,21,6.1
8844d921a3fffff,H3,2025,22,5.7
8844d921a3fffff,H3,2025,23,5.0
8844d93889fffff,H3,2025,0,1.5
8844d93889fffff,H3,2025,1,1.4
8844d93889fffff,H3,2025,2,1.1
8844d93889fffff,H3,2025,3,1.0
8844d93889fffff,H3,2025,4,0.9
8844d93889fffff,H3,2025,5,0.9
8844d93889fffff,H3,2025,6,0.8
8844d93889fffff,H3,2025,7,0.7
8844d93889fffff,H3,2025,8,0.6
8844d93889fffff,H3,2025,9,0.6
8844d93889fffff,H3,2025,10,0.6
8844d93889fffff,H3,2025,11,0.7
8844d93889fffff,H3,2025,12,0.8
8844d93889fffff,H3,2025,13,0.9
8844d93889fffff,H3,2025,14,0.9
8844d93889fffff,H3,2025,15,1.1
8844d93889fffff,H3,2025,16,1.4
8844d93889fffff,H3,2025,17,1.8
8844d93889fffff,H3,2025,18,2.2
8844d93889fffff,H3,2025,19,2.3
8844d93889fffff,H3,2025,20,2.3
8844d93889fffff,H3,2025,21,2.3
8844d93889fffff,H3,2025,22,2.0
8844d93889fffff,H3,2025,23,1.8
8844d9802bfffff,H3,2025,0,1.2
8844d9802bfffff,H3,2025,1,1.0
8844d9802bfffff,H3,2025,2,0.9
8844d9802bfffff,H3,2025,3,0.8
8844d9802bfffff,H3,2025,4,0.8
8844d9802bfffff,H3,2025,5,0.7
8844d9802bfffff,H3,2025,6,0.6
8844d9802bfffff,H3,2025,7,0.5
8844d9802bfffff,H3,2025,8,0.5
8844d9802bfffff,H3,2025,9,0.3
8844d9802bfffff,H3,2025,10,0.5
8844d9802bfffff,H3,2025,11,0.5
8844d9802bfffff,H3,2025,12,0.6
8844d9802bfffff,H3,2025,13,0.7
8844d9802bfffff,H3,2025,14,0.7
8844d9802bfffff,H3,2025,15,0.8
8844d9802bfffff,H3,2025,16,1.0
8844d9802bfffff,H3,2025,17,1.4
8844d9802bfffff,H3,2025,18,1.6
8844d9802bfffff,H3,2025,19,1.7
8844d9802bfffff,H3,2025,20,1.8
8844d9802bfffff,H3,2025,21,1.7
8844d9802bfffff,H3,2025,22,1.6
8844d9802bfffff,H3,2025,23,1.5
8844d9806bfffff,H3,2025,0,2.2
8844d9806bfffff,H3,2025,1,1.9
8844d9806bfffff,H3,2025,2,1.7
8844d9806bfffff,H3,2025,3,1.5
8844d9806bfffff,H3,2025,4,1.4
8844d9806bfffff,H3,2025,5,1.2
8844d9806bfffff,H3,2025,6,1.1
8844d9806bfffff,H3,2025,7,0.9
8844d9806bfffff,H3,2025,8,0.8
8844d9806bfffff,H3,2025,9,0.7
8844d9806bfffff,H3,2025,10,0.8
8844d9806bfffff,H3,2025,11,0.9
8844d9806bfffff,H3,2025,12,1.0
8844d9806bfffff,H3,2025,13,1.1
8844d9806bfffff,H3,2025,14,1.2
8844d9806bfffff,H3,2025,15,1.5
8844d9806bfffff,H3,2025,16,1.8
8844d9806bfffff,H3,2025,17,2.4
8844d9806bfffff,H3,2025,18,2.8
8844d9806bfffff,H3,2025,19,3.1
8844d9806bfffff,H3,2025,20,3.2
8844d9806bfffff,H3,2025,21,3.1
8844d9806bfffff,H3,2025,22,2.8
8844d9806bfffff,H3,2025,23,2.6
8844d9814bfffff,H3,2025,0,3.0
8844d9814bfffff,H3,2025,1,2.6
8844d9814bfffff,H3,2025,2,2.3
8844d9814bfffff,H3,2025,3,2.0
8844d9814bfffff,H3,2025,4,1.8
8844d9814bfffff,H3,2025,5,1.7
8844d9814bfffff,H3,2025,6,1.5
8844d9814bfffff,H3,2025,7,1.2
8844d9814bfffff,H3,2025,8,1.0
8844d9814bfffff,H3,2025,9,0.9
8844d9814bfffff,H3,2025,10,1.0
8844d9814bfffff,H3,2025,11,1.2
8844d9814bfffff,H3,2025,12,1.4
8844d9814bfffff,H3,2025,13,1.6
8844d9814bfffff,H3,2025,14,1.7
8844d9814bfffff,H3,2025,15,2.0
8844d9814bfffff,H3,2025,16,2.5
8844d9814bfffff,H3,2025,17,3.3
8844d9814bfffff,H3,2025,18,3.9
8844d9814bfffff,H3,2025,19,4.2
8844d9814bfffff,H3,2025,20,4.4
8844d9814bfffff,H3,2025,21,4.3
8844d9814bfffff,H3,2025,22,4.0
8844d9814bfffff,H3,2025,23,3.5
8844d9823dfffff,H3,2025,0,1.7
8844d9823dfffff,H3,2025,1,1.5
8844d9823dfffff,H3,2025,2,1.2
8844d9823dfffff,H3,2025,3,1.1
8844d9823dfffff,H3,2025,4,1.0
8844d9823dfffff,H3,2025,5,0.9
8844d9823dfffff,H3,2025,6,0.9
8844d9823dfffff,H3,2025,7,0.7
8844d9823dfffff,H3,2025,8,0.6
8844d9823dfffff,H3,2025,9,0.6
8844d9823dfffff,H3,2025,10,0.6
8844d9823dfffff,H3,2025,11,0.7
8844d9823dfffff,H3,2025,12,0.8
8844d9823dfffff,H3,2025,13,0.9
8844d9823dfffff,H3,2025,14,1.0
8844d9823dfffff,H3,2025,15,1.1
8844d9823dfffff,H3,2025,16,1.4
8844d9823dfffff,H3,2025,17,1.8
8844d9823dfffff,H3,2025,18,2.2
8844d9823dfffff,H3,2025,19,2.4
8844d9823dfffff,H3,2025,20,2.5
8844d9823dfffff,H3,2025,21,2.4
8844d9823dfffff,H3,2025,22,2.3
8844d9823dfffff,H3,2025,23,2.0
8844d99883fffff,H3,2025,0,2.0
8844d99883fffff,H3,2025,1,1.8
8844d99883fffff,H3,2025,2,1.6
8844d99883fffff,H3,2025,3,1.4
8844d99883fffff,H3,2025,4,1.2
8844d99883fffff,H3,2025,5,1.1
8844d99883fffff,H3,2025,6,1.0
8844d99883fffff,H3,2025,7,0.8
8844d99883fffff,H3,2025,8,0.7
8844d99883fffff,H3,2025,9,0.7
8844d99883fffff,H3,2025,10,0.7
8844d99883fffff,H3,2025,11,0.8
8844d99883fffff,H3,2025,12,0.9
8844d99883fffff,H3,2025,13,1.0
8844d99883fffff,H3,2025,14,1.1
8844d99883fffff,H3,2025,15,1.4
8844d99883fffff,H3,2025,16,1.7
8844d99883fffff,H3,2025,17,2.3
8844d99883fffff,H3,2025,18,2.6
8844d99883fffff,H3,2025,19,2.8
8844d99883fffff,H3,2025,20,3.0
8844d99883fffff,H3,2025,21,2.8
8844d99883fffff,H3,2025,22,2.7
8844d99883fffff,H3,2025,23,2.4
8844d9a5b3fffff,H3,2025,0,1.9
8844d9a5b3fffff,H3,2025,1,1.7
8844d9a5b3fffff,H3,2025,2,1.5
8844d9a5b3fffff,H3,2025,3,1.2
8844d9a5b3fffff,H3,2025,4,1.1
8844d9a5b3fffff,H3,2025,5,1.0
8844d9a5b3fffff,H3,2025,6,0.9
8844d9a5b3fffff,H3,2025,7,0.8
8844d9a5b3fffff,H3,2025,8,0.7
8844d9a5b3fffff,H3,2025,9,0.7
8844d9a5b3fffff,H3,2025,10,0.7
8844d9a5b3fffff,H3,2025,11,0.8
8844d9a5b3fffff,H3,2025,12,0.9
8844d9a5b3fffff,H3,2025,13,1.0
8844d9a5b3fffff,H3,2025,14,1.1
8844d9a5b3fffff,H3,2025,15,1.2
8844d9a5b3fffff,H3,2025,16,1.6
8844d9a5b3fffff,H3,2025,17,2.2
8844d9a5b3fffff,H3,2025,18,2.5
8844d9a5b3fffff,H3,2025,19,2.7
8844d9a5b3fffff,H3,2025,20,2.8
8844d9a5b3fffff,H3,2025,21,2.7
8844d9a5b3fffff,H3,2025,22,2.5
8844d9a5b3fffff,H3,2025,23,2.3
8844da2663fffff,H3,2025,0,1.5
8844da2663fffff,H3,2025,1,1.2
8844da2663fffff,H3,2025,2,1.1
8844da2663fffff,H3,2025,3,1.0
8844da2663fffff,H3,2025,4,0.9
8844da2663fffff,H3,2025,5,0.8
8844da2663fffff,H3,2025,6,0.8
8844da2663fffff,H3,2025,7,0.6
8844da2663fffff,H3,2025,8,0.5
8844da2663fffff,H3,2025,9,0.5
8844da2663fffff,H3,2025,10,0.6
8844da2663fffff,H3,2025,11,0.6
8844da2663fffff,H3,2025,12,0.7
8844da2663fffff,H3,2025,13,0.8
8844da2663fffff,H3,2025,14,0.9
8844da2663fffff,H3,2025,15,1.0
8844da2663fffff,H3,2025,16,1.2
8844da2663fffff,H3,2025,17,1.6
8844da2663fffff,H3,2025,18,1.9
8844da2663fffff,H3,2025,19,2.0
8844da2663fffff,H3,2025,20,2.2
8844da2663fffff,H3,2025,21,2.0
8844da2663fffff,H3,2025,22,1.9
8844da2663fffff,H3,2025,23,1.7
8844da266bfffff,H3,2025,0,2.6
8844da266bfffff,H3,2025,1,2.3
8844da266bfffff,H3,2025,2,2.0
8844da266bfffff,H3,2025,3,1.8
8844da266bfffff,H3,2025,4,1.6
8844da266bfffff,H3,2025,5,1.5
8844da266bfffff,H3,2025,6,1.4
8844da266bfffff,H3,2025,7,1.1
8844da266bfffff,H3,2025,8,0.9
8844da266bfffff,H3,2025,9,0.9
8844da266bfffff,H3,2025,10,1.0
8844da266bfffff,H3,2025,11,1.1
8844da266bfffff,H3,2025,12,1.2
8844da266bfffff,H3,2025,13,1.5
8844da266bfffff,H3,2025,14,1.6
8844da266bfffff,H3,2025,15,1.9
8844da266bfffff,H3,2025,16,2.4
8844da266bfffff,H3,2025,17,3.1
8844da266bfffff,H3,2025,18,3.5
8844da266bfffff,H3,2025,19,3.9
8844da266bfffff,H3,2025,20,4.0
8844da266bfffff,H3,2025,21,3.9
8844da266bfffff,H3,2025,22,3.5
8844da266bfffff,H3,2025,23,3.2
8844dab5cdfffff,H3,2025,0,1.7
8844dab5cdfffff,H3,2025,1,1.5
8844dab5cdfffff,H3,2025,2,1.4
8844dab5cdfffff,H3,2025,3,1.1
8844dab5cdfffff,H3,2025,4,1.0
8844dab5cdfffff,H3,2025,5,1.0
8844dab5cdfffff,H3,2025,6,0.9
8844dab5cdfffff,H3,2025,7,0.7
8844dab5cdfffff,H3,2025,8,0.6
8844dab5cdfffff,H3,2025,9,0.6
8844dab5cdfffff,H3,2025,10,0.6
8844dab5cdfffff,H3,2025,11,0.7
8844dab5cdfffff,H3,2025,12,0.8
8844dab5cdfffff,H3,2025,13,0.9
8844dab5cdfffff,H3,2025,14,1.0
8844dab5cdfffff,H3,2025,15,1.1
8844dab5cdfffff,H3,2025,16,1.5
8844dab5cdfffff,H3,2025,17,1.9
8844dab5cdfffff,H3,2025,18,2.3
8844dab5cdfffff,H3,2025,19,2.4
8844dab5cdfffff,H3,2025,20,2.5
8844dab5cdfffff,H3,2025,21,2.4
8844dab5cdfffff,H3,2025,22,2.3
8844dab5cdfffff,H3,2025,23,2.0
8844db22c7fffff,H3,2025,0,1.8
8844db22c7fffff,H3,2025,1,1.6
8844db22c7fffff,H3,2025,2,1.4
8844db22c7fffff,H3,2025,3,1.2
8844db22c7fffff,H3,2025,4,1.1
8844db22c7fffff,H3,2025,5,1.0
8844db22c7fffff,H3,2025,6,0.9
8844db22c7fffff,H3,2025,7,0.7
8844db22c7fffff,H3,2025,8,0.6
8844db22c7fffff,H3,2025,9,0.6
8844db22c7fffff,H3,2025,10,0.6
8844db22c7fffff,H3,2025,11,0.7
8844db22c7fffff,H3,2025,12,0.8
8844db22c7fffff,H3,2025,13,0.9
8844db22c7fffff,H3,2025,14,1.0
8844db22c7fffff,H3,2025,15,1.2
8844db22c7fffff,H3,2025,16,1.5
8844db22c7fffff,H3,2025,17,1.9
8844db22c7fffff,H3,2025,18,2.3
8844db22c7fffff,H3,2025,19,2.5
8844db22c7fffff,H3,2025,20,2.6
8844db22c7fffff,H3,2025,21,2.5
8844db22c7fffff,H3,2025,22,2.4
8844db22c7fffff,H3,2025,23,2.0
8844db4d27fffff,H3,2025,0,2.0
8844db4d27fffff,H3,2025,1,1.8
8844db4d27fffff,H3,2025,2,1.6
8844db4d27fffff,H3,2025,3,1.4
8844db4d27fffff,H3,2025,4,1.2
8844db4d27fffff,H3,2025,5,1.1
8844db4d27fffff,H3,2025,6,1.0
8844db4d27fffff,H3,2025,7,0.8
8844db4d27fffff,H3,2025,8,0.7
8844db4d27fffff,H3,2025,9,0.7
8844db4d27fffff,H3,2025,10,0.7
8844db4d27fffff,H3,2025,11,0.8
8844db4d27fffff,H3,2025,12,0.9
8844db4d27fffff,H3,2025,13,1.0
8844db4d27fffff,H3,2025,14,1.1
8844db4d27fffff,H3,2025,15,1.4
8844db4d27fffff,H3,2025,16,1.7
8844db4d27fffff,H3,2025,17,2.3
8844db4d27fffff,H3,2025,18,2.6
8844db4d27fffff,H3,2025,19,2.8
8844db4d27fffff,H3,2025,20,3.0
8844db4d27fffff,H3,2025,21,2.8
8844db4d27fffff,H3,2025,22,2.7
8844db4d27fffff,H3,2025,23,2.4
8844dc4a0dfffff,H3,2025,0,1.4
8844dc4a0dfffff,H3,2025,1,1.2
8844dc4a0dfffff,H3,2025,2,1.0
8844dc4a0dfffff,H3,2025,3,0.9
8844dc4a0dfffff,H3,2025,4,0.9
8844dc4a0dfffff,H3,2025,5,0.8
8844dc4a0dfffff,H3,2025,6,0.7
8844dc4a0dfffff,H3,2025,7,0.6
8844dc4a0dfffff,H3,2025,8,0.5
8844dc4a0dfffff,H3,2025,9,0.5
8844dc4a0dfffff,H3,2025,10,0.5
8844dc4a0dfffff,H3,2025,11,0.6
8844dc4a0dfffff,H3,2025,12,0.7
8844dc4a0dfffff,H3,2025,13,0.7
8844dc4a0dfffff,H3,2025,14,0.8
8844dc4a0dfffff,H3,2025,15,0.9
8844dc4a0dfffff,H3,2025,16,1.1
8844dc4a0dfffff,H3,2025,17,1.5
8844dc4a0dfffff,H3,2025,18,1.8
8844dc4a0dfffff,H3,2025,19,1.9
8844dc4a0dfffff,H3,2025,20,1.9
8844dc4a0dfffff,H3,2025,21,1.9
8844dc4a0dfffff,H3,2025,22,1.8
8844dc4a0dfffff,H3,2025,23,1.6
8844dc4b29fffff,H3,2025,0,3.9
8844dc4b29fffff,H3,2025,1,3.4
8844dc4b29fffff,H3,2025,2,3.0
8844dc4b29fffff,H3,2025,3,2.7
8844dc4b29fffff,H3,2025,4,2.4
8844dc4b29fffff,H3,2025,5,2.2
8844dc4b29fffff,H3,2025,6,2.0
8844dc4b29fffff,H3,2025,7,1.6
8844dc4b29fffff,H3,2025,8,1.4
8844dc4b29fffff,H3,2025,9,1.2
8844dc4b29fffff,H3,2025,10,1.4
8844dc4b29fffff,H3,2025,11,1.6
8844dc4b29fffff,H3,2025,12,1.9
8844dc4b29fffff,H3,2025,13,2.2
8844dc4b29fffff,H3,2025,14,2.4
8844dc4b29fffff,H3,2025,15,2.7
8844dc4b29fffff,H3,2025,16,3.4
8844dc4b29fffff,H3,2025,17,4.5
8844dc4b29fffff,H3,2025,18,5.2
8844dc4b29fffff,H3,2025,19,5.6
8844dc4b29fffff,H3,2025,20,5.8
8844dc4b29fffff,H3,2025,21,5.7
8844dc4b29fffff,H3,2025,22,5.2
8844dc4b29fffff,H3,2025,23,4.7
8844dc8165fffff,H3,2025,0,2.6
8844dc8165fffff,H3,2025,1,2.3
8844dc8165fffff,H3,2025,2,1.9
8844dc8165fffff,H3,2025,3,1.8
8844dc8165fffff,H3,2025,4,1.6
8844dc8165fffff,H3,2025,5,1.5
8844dc8165fffff,H3,2025,6,1.2
8844dc8165fffff,H3,2025,7,1.0
8844dc8165fffff,H3,2025,8,0.9
8844dc8165fffff,H3,2025,9,0.9
8844dc8165fffff,H3,2025,10,0.9
8844dc8165fffff,H3,2025,11,1.0
8844dc8165fffff,H3,2025,12,1.2
8844dc8165fffff,H3,2025,13,1.4
8844dc8165fffff,H3,2025,14,1.6
8844dc8165fffff,H3,2025,15,1.8
8844dc8165fffff,H3,2025,16,2.3
8844dc8165fffff,H3,2025,17,3.0
8844dc8165fffff,H3,2025,18,3.4
8844dc8165fffff,H3,2025,19,3.6
8844dc8165fffff,H3,2025,20,3.9
8844dc8165fffff,H3,2025,21,3.8
8844dc8165fffff,H3,2025,22,3.4
8844dc8165fffff,H3,2025,23,3.1
8844dd49dbfffff,H3,2025,0,1.6
8844dd49dbfffff,H3,2025,1,1.4
8844dd49dbfffff,H3,2025,2,1.2
8844dd49dbfffff,H3,2025,3,1.1
8844dd49dbfffff,H3,2025,4,1.0
8844dd49dbfffff,H3,2025,5,0.9
8844dd49dbfffff,H3,2025,6,0.8
8844dd49dbfffff,H3,2025,7,0.7
8844dd49dbfffff,H3,2025,8,0.6
8844dd49dbfffff,H3,2025,9,0.6
8844dd49dbfffff,H3,2025,10,0.6
8844dd49dbfffff,H3,2025,11,0.7
8844dd49dbfffff,H3,2025,12,0.8
8844dd49dbfffff,H3,2025,13,0.9
8844dd49dbfffff,H3,2025,14,0.9
8844dd49dbfffff,H3,2025,15,1.1
8844dd49dbfffff,H3,2025,16,1.4
8844dd49dbfffff,H3,2025,17,1.8
8844dd49dbfffff,H3,2025,18,2.2
8844dd49dbfffff,H3,2025,19,2.3
8844dd49dbfffff,H3,2025,20,2.4
8844dd49dbfffff,H3,2025,21,2.4
8844dd49dbfffff,H3,2025,22,2.2
8844dd49dbfffff,H3,2025,23,1.9
8844dd5413fffff,H3,2025,0,1.2
8844dd5413fffff,H3,2025,1,1.1
8844dd5413fffff,H3,2025,2,0.9
8844dd5413fffff,H3,2025,3,0.9
8844dd5413fffff,H3,2025,4,0.8
8844dd5413fffff,H3,2025,5,0.7
8844dd5413fffff,H3,2025,6,0.7
8844dd5413fffff,H3,2025,7,0.5
8844dd5413fffff,H3,2025,8,0.5
8844dd5413fffff,H3,2025,9,0.5
8844dd5413fffff,H3,2025,10,0.5
8844dd5413fffff,H3,2025,11,0.5
8844dd5413fffff,H3,2025,12,0.6
8844dd5413fffff,H3,2025,13,0.7
8844dd5413fffff,H3,2025,14,0.7
8844dd5413fffff,H3,2025,15,0.9
8844dd5413fffff,H3,2025,16,1.0
8844dd5413fffff,H3,2025,17,1.4
8844dd5413fffff,H3,2025,18,1.6
8844dd5413fffff,H3,2025,19,1.8
8844dd5413fffff,H3,2025,20,1.8
8844dd5413fffff,H3,2025,21,1.8
8844dd5413fffff,H3,2025,22,1.7
8844dd5413fffff,H3,2025,23,1.5
8844dd568bfffff,H3,2025,0,2.6
8844dd568bfffff,H3,2025,1,2.3
8844dd568bfffff,H3,2025,2,2.0
8844dd568bfffff,H3,2025,3,1.8
8844dd568bfffff,H3,2025,4,1.6
8844dd568bfffff,H3,2025,5,1.5
8844dd568bfffff,H3,2025,6,1.2
8844dd568bfffff,H3,2025,7,1.0
8844dd568bfffff,H3,2025,8,0.9
8844dd568bfffff,H3,2025,9,0.8
8844dd568bfffff,H3,2025,10,0.9
8844dd568bfffff,H3,2025,11,1.0
8844dd568bfffff,H3,2025,12,1.2
8844dd568bfffff,H3,2025,13,1.4
8844dd568bfffff,H3,2025,14,1.5
8844dd568bfffff,H3,2025,15,1.7
8844dd568bfffff,H3,2025,16,2.2
8844dd568bfffff,H3,2025,17,2.8
8844dd568bfffff,H3,2025,18,3.4
8844dd568bfffff,H3,2025,19,3.6
8844dd568bfffff,H3,2025,20,3.8
8844dd568bfffff,H3,2025,21,3.6
8844dd568bfffff,H3,2025,22,3.4
8844dd568bfffff,H3,2025,23,3.1
8844dd56cbfffff,H3,2025,0,1.4
8844dd56cbfffff,H3,2025,1,1.2
8844dd56cbfffff,H3,2025,2,1.0
8844dd56cbfffff,H3,2025,3,0.9
8844dd56cbfffff,H3,2025,4,0.9
8844dd56cbfffff,H3,2025,5,0.8
8844dd56cbfffff,H3,2025,6,0.7
8844dd56cbfffff,H3,2025,7,0.6
8844dd56cbfffff,H3,2025,8,0.5
8844dd56cbfffff,H3,2025,9,0.5
8844dd56cbfffff,H3,2025,10,0.5
8844dd56cbfffff,H3,2025,11,0.6
8844dd56cbfffff,H3,2025,12,0.7
8844dd56cbfffff,H3,2025,13,0.8
8844dd56cbfffff,H3,2025,14,0.8
8844dd56cbfffff,H3,2025,15,0.9
8844dd56cbfffff,H3,2025,16,1.2
8844dd56cbfffff,H3,2025,17,1.6
8844dd56cbfffff,H3,2025,18,1.8
8844dd56cbfffff,H3,2025,19,1.9
8844dd56cbfffff,H3,2025,20,2.0
8844dd56cbfffff,H3,2025,21,2.0
8844dd56cbfffff,H3,2025,22,1.8
8844dd56cbfffff,H3,2025,23,1.7
8844de8117fffff,H3,2025,0,11.6
8844de8117fffff,H3,2025,1,9.7
8844de8117fffff,H3,2025,2,8.2
8844de8117fffff,H3,2025,3,7.3
8844de8117fffff,H3,2025,4,6.5
8844de8117fffff,H3,2025,5,6.1
8844de8117fffff,H3,2025,6,6.2
8844de8117fffff,H3,2025,7,5.9
8844de8117fffff,H3,2025,8,6.1
8844de8117fffff,H3,2025,9,6.5
8844de8117fffff,H3,2025,10,7.0
8844de8117fffff,H3,2025,11,8.0
8844de8117fffff,H3,2025,12,9.2
8844de8117fffff,H3,2025,13,10.3
8844de8117fffff,H3,2025,14,10.6
8844de8117fffff,H3,2025,15,12.2
8844de8117fffff,H3,2025,16,14.3
8844de8117fffff,H3,2025,17,17.7
8844de8117fffff,H3,2025,18,20.0
8844de8117fffff,H3,2025,19,20.3
8844de8117fffff,H3,2025,20,20.3
8844de8117fffff,H3,2025,21,19.0
8844de8117fffff,H3,2025,22,17.0
8844de8117fffff,H3,2025,23,14.5
8844de82c3fffff,H3,2025,0,1.2
8844de82c3fffff,H3,2025,1,1.0
8844de82c3fffff,H3,2025,2,0.9
8844de82c3fffff,H3,2025,3,0.9
8844de82c3fffff,H3,2025,4,0.8
8844de82c3fffff,H3,2025,5,0.7
8844de82c3fffff,H3,2025,6,0.7
8844de82c3fffff,H3,2025,7,0.5
8844de82c3fffff,H3,2025,8,0.5
8844de82c3fffff,H3,2025,9,0.3
8844de82c3fffff,H3,2025,10,0.5
8844de82c3fffff,H3,2025,11,0.5
8844de82c3fffff,H3,2025,12,0.6
8844de82c3fffff,H3,2025,13,0.7
8844de82c3fffff,H3,2025,14,0.7
8844de82c3fffff,H3,2025,15,0.8
8844de82c3fffff,H3,2025,16,1.0
8844de82c3fffff,H3,2025,17,1.4
8844de82c3fffff,H3,2025,18,1.6
8844de82c3fffff,H3,2025,19,1.7
8844de82c3fffff,H3,2025,20,1.8
8844de82c3fffff,H3,2025,21,1.8
8844de82c3fffff,H3,2025,22,1.6
8844de82c3fffff,H3,2025,23,1.5
8844de82c5fffff,H3,2025,0,1.2
8844de82c5fffff,H3,2025,1,1.0
8844de82c5fffff,H3,2025,2,0.9
8844de82c5fffff,H3,2025,3,0.8
8844de82c5fffff,H3,2025,4,0.8
8844de82c5fffff,H3,2025,5,0.7
8844de82c5fffff,H3,2025,6,0.6
8844de82c5fffff,H3,2025,7,0.6
8844de82c5fffff,H3,2025,8,0.5
8844de82c5fffff,H3,2025,9,0.5
8844de82c5fffff,H3,2025,10,0.5
8844de82c5fffff,H3,2025,11,0.6
8844de82c5fffff,H3,2025,12,0.6
8844de82c5fffff,H3,2025,13,0.7
8844de82c5fffff,H3,2025,14,0.8
8844de82c5fffff,H3,2025,15,0.9
8844de82c5fffff,H3,2025,16,1.1
8844de82c5fffff,H3,2025,17,1.5
8844de82c5fffff,H3,2025,18,1.7
8844de82c5fffff,H3,2025,19,1.8
8844de82c5fffff,H3,2025,20,1.8
8844de82c5fffff,H3,2025,21,1.8
8844de82c5fffff,H3,2025,22,1.6
8844de82c5fffff,H3,2025,23,1.5
8844de8769fffff,H3,2025,0,3.5
8844de8769fffff,H3,2025,1,3.1
8844de8769fffff,H3,2025,2,2.7
8844de8769fffff,H3,2025,3,2.4
8844de8769fffff,H3,2025,4,2.2
8844de8769fffff,H3,2025,5,2.0
8844de8769fffff,H3,2025,6,1.8
8844de8769fffff,H3,2025,7,1.4
8844de8769fffff,H3,2025,8,1.2
8844de8769fffff,H3,2025,9,1.1
8844de8769fffff,H3,2025,10,1.2
8844de8769fffff,H3,2025,11,1.4
8844de8769fffff,H3,2025,12,1.6
8844de8769fffff,H3,2025,13,1.8
8844de8769fffff,H3,2025,14,2.0
8844de8769fffff,H3,2025,15,2.4
8844de8769fffff,H3,2025,16,3.0
8844de8769fffff,H3,2025,17,4.0
8844de8769fffff,H3,2025,18,4.5
8844de8769fffff,H3,2025,19,4.9
8844de8769fffff,H3,2025,20,5.1
8844de8769fffff,H3,2025,21,5.0
8844de8769fffff,H3,2025,22,4.7
8844de8769fffff,H3,2025,23,4.2
8844de90b3fffff,H3,2025,0,8.5
8844de90b3fffff,H3,2025,1,7.4
8844de90b3fffff,H3,2025,2,6.5
8844de90b3fffff,H3,2025,3,5.8
8844de90b3fffff,H3,2025,4,5.2
8844de90b3fffff,H3,2025,5,4.8
8844de90b3fffff,H3,2025,6,4.3
8844de90b3fffff,H3,2025,7,3.5
8844de90b3fffff,H3,2025,8,3.0
8844de90b3fffff,H3,2025,9,3.0
8844de90b3fffff,H3,2025,10,3.2
8844de90b3fffff,H3,2025,11,3.6
8844de90b3fffff,H3,2025,12,4.2
8844de90b3fffff,H3,2025,13,4.7
8844de90b3fffff,H3,2025,14,5.1
8844de90b3fffff,H3,2025,15,6.0
8844de90b3fffff,H3,2025,16,7.4
8844de90b3fffff,H3,2025,17,9.7
8844de90b3fffff,H3,2025,18,11.4
8844de90b3fffff,H3,2025,19,12.2
8844de90b3fffff,H3,2025,20,12.6
8844de90b3fffff,H3,2025,21,12.3
8844de90b3fffff,H3,2025,22,11.4
8844de90b3fffff,H3,2025,23,10.1
8844de9407fffff,H3,2025,0,5.8
8844de9407fffff,H3,2025,1,5.1
8844de9407fffff,H3,2025,2,4.4
8844de9407fffff,H3,2025,3,4.0
8844de9407fffff,H3,2025,4,3.6
8844de9407fffff,H3,2025,5,3.3
8844de9407fffff,H3,2025,6,3.0
8844de9407fffff,H3,2025,7,2.4
8844de9407fffff,H3,2025,8,1.9
8844de9407fffff,H3,2025,9,1.9
8844de9407fffff,H3,2025,10,2.0
8844de9407fffff,H3,2025,11,2.3
8844de9407fffff,H3,2025,12,2.7
8844de9407fffff,H3,2025,13,3.0
8844de9407fffff,H3,2025,14,3.4
8844de9407fffff,H3,2025,15,4.0
8844de9407fffff,H3,2025,16,4.9
8844de9407fffff,H3,2025,17,6.5
8844de9407fffff,H3,2025,18,7.6
8844de9407fffff,H3,2025,19,8.2
8844de9407fffff,H3,2025,20,8.5
8844de9407fffff,H3,2025,21,8.3
8844de9407fffff,H3,2025,22,7.7
8844de9407fffff,H3,2025,23,6.9
8844de9429fffff,H3,2025,0,145.8
8844de9429fffff,H3,2025,0,1.9
8844de9429fffff,H3,2025,1,127.8
8844de9429fffff,H3,2025,1,1.7
8844de9429fffff,H3,2025,2,111.5
8844de9429fffff,H3,2025,2,1.5
8844de9429fffff,H3,2025,3,100.5
8844de9429fffff,H3,2025,3,1.4
8844de9429fffff,H3,2025,4,90.9
8844de9429fffff,H3,2025,4,1.2
8844de9429fffff,H3,2025,5,82.5
8844de9429fffff,H3,2025,5,1.1
8844de9429fffff,H3,2025,6,73.1
8844de9429fffff,H3,2025,6,1.0
8844de9429fffff,H3,2025,7,58.2
8844de9429fffff,H3,2025,7,0.8
8844de9429fffff,H3,2025,8,48.9
8844de9429fffff,H3,2025,8,0.7
8844de9429fffff,H3,2025,9,46.9
8844de9429fffff,H3,2025,9,0.7
8844de9429fffff,H3,2025,10,50.8
8844de9429fffff,H3,2025,10,0.7
8844de9429fffff,H3,2025,11,58.1
8844de9429fffff,H3,2025,11,0.8
8844de9429fffff,H3,2025,12,67.2
8844de9429fffff,H3,2025,12,0.9
8844de9429fffff,H3,2025,13,74.7
8844de9429fffff,H3,2025,13,1.0
8844de9429fffff,H3,2025,14,83.8
8844de9429fffff,H3,2025,14,1.1
8844de9429fffff,H3,2025,15,98.3
8844de9429fffff,H3,2025,15,1.4
8844de9429fffff,H3,2025,16,122.5
8844de9429fffff,H3,2025,16,1.6
8844de9429fffff,H3,2025,17,160.7
8844de9429fffff,H3,2025,17,2.2
8844de9429fffff,H3,2025,18,188.8
8844de9429fffff,H3,2025,18,2.5
8844de9429fffff,H3,2025,19,203.0
8844de9429fffff,H3,2025,19,2.7
8844de9429fffff,H3,2025,20,211.7
8844de9429fffff,H3,2025,20,2.8
8844de9429fffff,H3,2025,21,207.4
8844de9429fffff,H3,2025,21,2.8
8844de9429fffff,H3,2025,22,192.7
8844de9429fffff,H3,2025,22,2.6
8844de9429fffff,H3,2025,23,171.8
8844de9429fffff,H3,2025,23,2.3
8844de942bfffff,H3,2025,0,1.4
8844de942bfffff,H3,2025,1,1.2
8844de942bfffff,H3,2025,2,1.0
8844de942bfffff,H3,2025,3,0.9
8844de942bfffff,H3,2025,4,0.9
8844de942bfffff,H3,2025,5,0.8
8844de942bfffff,H3,2025,6,0.7
8844de942bfffff,H3,2025,7,0.6
8844de942bfffff,H3,2025,8,0.5
8844de942bfffff,H3,2025,9,0.5
8844de942bfffff,H3,2025,10,0.5
8844de942bfffff,H3,2025,11,0.6
8844de942bfffff,H3,2025,12,0.7
8844de942bfffff,H3,2025,13,0.8
8844de942bfffff,H3,2025,14,0.8
8844de942bfffff,H3,2025,15,1.0
8844de942bfffff,H3,2025,16,1.2
8844de942bfffff,H3,2025,17,1.6
8844de942bfffff,H3,2025,18,1.8
8844de942bfffff,H3,2025,19,2.0
8844de942bfffff,H3,2025,20,2.0
8844de942bfffff,H3,2025,21,2.0
8844de942bfffff,H3,2025,22,1.8
8844de942bfffff,H3,2025,23,1.7
8844de95c9fffff,H3,2025,0,1.6
8844de95c9fffff,H3,2025,1,1.4
8844de95c9fffff,H3,2025,2,1.1
8844de95c9fffff,H3,2025,3,1.0
8844de95c9fffff,H3,2025,4,0.9
8844de95c9fffff,H3,2025,5,0.8
8844de95c9fffff,H3,2025,6,0.8
8844de95c9fffff,H3,2025,7,0.7
8844de95c9fffff,H3,2025,8,0.7
8844de95c9fffff,H3,2025,9,0.7
8844de95c9fffff,H3,2025,10,0.7
8844de95c9fffff,H3,2025,11,0.8
8844de95c9fffff,H3,2025,12,0.9
8844de95c9fffff,H3,2025,13,1.0
8844de95c9fffff,H3,2025,14,1.1
8844de95c9fffff,H3,2025,15,1.4
8844de95c9fffff,H3,2025,16,1.6
8844de95c9fffff,H3,2025,17,2.0
8844de95c9fffff,H3,2025,18,2.4
8844de95c9fffff,H3,2025,19,2.4
8844de95c9fffff,H3,2025,20,2.5
8844de95c9fffff,H3,2025,21,2.4
8844de95c9fffff,H3,2025,22,2.2
8844de95c9fffff,H3,2025,23,1.8
8844de95ddfffff,H3,2025,0,7.7
8844de95ddfffff,H3,2025,1,6.8
8844de95ddfffff,H3,2025,2,5.9
8844de95ddfffff,H3,2025,3,5.3
8844de95ddfffff,H3,2025,4,4.9
8844de95ddfffff,H3,2025,5,4.4
8844de95ddfffff,H3,2025,6,3.9
8844de95ddfffff,H3,2025,7,3.1
8844de95ddfffff,H3,2025,8,2.6
8844de95ddfffff,H3,2025,9,2.5
8844de95ddfffff,H3,2025,10,2.7
8844de95ddfffff,H3,2025,11,3.1
8844de95ddfffff,H3,2025,12,3.5
8844de95ddfffff,H3,2025,13,4.0
8844de95ddfffff,H3,2025,14,4.4
8844de95ddfffff,H3,2025,15,5.2
8844de95ddfffff,H3,2025,16,6.5
8844de95ddfffff,H3,2025,17,8.5
8844de95ddfffff,H3,2025,18,10.0
8844de95ddfffff,H3,2025,19,10.8
8844de95ddfffff,H3,2025,20,11.2
8844de95ddfffff,H3,2025,21,11.0
8844de95ddfffff,H3,2025,22,10.2
8844de95ddfffff,H3,2025,23,9.1
8844dec2a9fffff,H3,2025,0,4.3
8844dec2a9fffff,H3,2025,1,3.9
8844dec2a9fffff,H3,2025,2,3.3
8844dec2a9fffff,H3,2025,3,3.0
8844dec2a9fffff,H3,2025,4,2.7
8844dec2a9fffff,H3,2025,5,2.5
8844dec2a9fffff,H3,2025,6,2.2
8844dec2a9fffff,H3,2025,7,1.8
8844dec2a9fffff,H3,2025,8,1.5
8844dec2a9fffff,H3,2025,9,1.4
8844dec2a9fffff,H3,2025,10,1.6
8844dec2a9fffff,H3,2025,11,1.8
8844dec2a9fffff,H3,2025,12,2.0
8844dec2a9fffff,H3,2025,13,2.3
8844dec2a9fffff,H3,2025,14,2.5
8844dec2a9fffff,H3,2025,15,3.0
8844dec2a9fffff,H3,2025,16,3.8
8844dec2a9fffff,H3,2025,17,4.9
8844dec2a9fffff,H3,2025,18,5.7
8844dec2a9fffff,H3,2025,19,6.1
8844dec2a9fffff,H3,2025,20,6.4
8844dec2a9fffff,H3,2025,21,6.2
8844dec2a9fffff,H3,2025,22,5.8
8844dec2a9fffff,H3,2025,23,5.1
8844e00249fffff,H3,2025,0,3.8
8844e00249fffff,H3,2025,1,3.3
8844e00249fffff,H3,2025,2,2.8
8844e00249fffff,H3,2025,3,2.5
8844e00249fffff,H3,2025,4,2.3
8844e00249fffff,H3,2025,5,2.0
8844e00249fffff,H3,2025,6,1.8
8844e00249fffff,H3,2025,7,1.5
8844e00249fffff,H3,2025,8,1.2
8844e00249fffff,H3,2025,9,1.2
8844e00249fffff,H3,2025,10,1.2
8844e00249fffff,H3,2025,11,1.5
8844e00249fffff,H3,2025,12,1.7
8844e00249fffff,H3,2025,13,1.9
8844e00249fffff,H3,2025,14,2.2
8844e00249fffff,H3,2025,15,2.5
8844e00249fffff,H3,2025,16,3.1
8844e00249fffff,H3,2025,17,4.1
8844e00249fffff,H3,2025,18,4.8
8844e00249fffff,H3,2025,19,5.1
8844e00249fffff,H3,2025,20,5.3
8844e00249fffff,H3,2025,21,5.2
8844e00249fffff,H3,2025,22,4.9
8844e00249fffff,H3,2025,23,4.3
8844e030d3fffff,H3,2025,0,1.4
8844e030d3fffff,H3,2025,1,1.2
8844e030d3fffff,H3,2025,2,1.0
8844e030d3fffff,H3,2025,3,0.9
8844e030d3fffff,H3,2025,4,0.9
8844e030d3fffff,H3,2025,5,0.8
8844e030d3fffff,H3,2025,6,0.7
8844e030d3fffff,H3,2025,7,0.6
8844e030d3fffff,H3,2025,8,0.5
8844e030d3fffff,H3,2025,9,0.5
8844e030d3fffff,H3,2025,10,0.6
8844e030d3fffff,H3,2025,11,0.6
8844e030d3fffff,H3,2025,12,0.7
8844e030d3fffff,H3,2025,13,0.8
8844e030d3fffff,H3,2025,14,0.8
8844e030d3fffff,H3,2025,15,1.0
8844e030d3fffff,H3,2025,16,1.2
8844e030d3fffff,H3,2025,17,1.6
8844e030d3fffff,H3,2025,18,1.8
8844e030d3fffff,H3,2025,19,2.0
8844e030d3fffff,H3,2025,20,2.0
8844e030d3fffff,H3,2025,21,2.0
8844e030d3fffff,H3,2025,22,1.8
8844e030d3fffff,H3,2025,23,1.7
8844e04b07fffff,H3,2025,0,1.9
8844e04b07fffff,H3,2025,1,1.7
8844e04b07fffff,H3,2025,2,1.5
8844e04b07fffff,H3,2025,3,1.4
8844e04b07fffff,H3,2025,4,1.2
8844e04b07fffff,H3,2025,5,1.1
8844e04b07fffff,H3,2025,6,0.9
8844e04b07fffff,H3,2025,7,0.8
8844e04b07fffff,H3,2025,8,0.7
8844e04b07fffff,H3,2025,9,0.7
8844e04b07fffff,H3,2025,10,0.7
8844e04b07fffff,H3,2025,11,0.8
8844e04b07fffff,H3,2025,12,0.9
8844e04b07fffff,H3,2025,13,1.0
8844e04b07fffff,H3,2025,14,1.1
8844e04b07fffff,H3,2025,15,1.2
8844e04b07fffff,H3,2025,16,1.6
8844e04b07fffff,H3,2025,17,2.2
8844e04b07fffff,H3,2025,18,2.5
8844e04b07fffff,H3,2025,19,2.7
8844e04b07fffff,H3,2025,20,2.8
8844e04b07fffff,H3,2025,21,2.7
8844e04b07fffff,H3,2025,22,2.5
8844e04b07fffff,H3,2025,23,2.3
8844e059a7fffff,H3,2025,0,1.4
8844e059a7fffff,H3,2025,1,1.2
8844e059a7fffff,H3,2025,2,1.0
8844e059a7fffff,H3,2025,3,1.0
8844e059a7fffff,H3,2025,4,0.9
8844e059a7fffff,H3,2025,5,0.8
8844e059a7fffff,H3,2025,6,0.7
8844e059a7fffff,H3,2025,7,0.6
8844e059a7fffff,H3,2025,8,0.5
8844e059a7fffff,H3,2025,9,0.5
8844e059a7fffff,H3,2025,10,0.5
8844e059a7fffff,H3,2025,11,0.6
8844e059a7fffff,H3,2025,12,0.7
8844e059a7fffff,H3,2025,13,0.7
8844e059a7fffff,H3,2025,14,0.8
8844e059a7fffff,H3,2025,15,0.9
8844e059a7fffff,H3,2025,16,1.1
8844e059a7fffff,H3,2025,17,1.6
8844e059a7fffff,H3,2025,18,1.8
8844e059a7fffff,H3,2025,19,1.9
8844e059a7fffff,H3,2025,20,2.0
8844e059a7fffff,H3,2025,21,2.0
8844e059a7fffff,H3,2025,22,1.8
8844e059a7fffff,H3,2025,23,1.7
8844e10a95fffff,H3,2025,0,7.7
8844e10a95fffff,H3,2025,1,6.7
8844e10a95fffff,H3,2025,2,5.8
8844e10a95fffff,H3,2025,3,5.1
8844e10a95fffff,H3,2025,4,4.7
8844e10a95fffff,H3,2025,5,4.3
8844e10a95fffff,H3,2025,6,4.0
8844e10a95fffff,H3,2025,7,3.4
8844e10a95fffff,H3,2025,8,3.2
8844e10a95fffff,H3,2025,9,3.2
8844e10a95fffff,H3,2025,10,3.4
8844e10a95fffff,H3,2025,11,3.9
8844e10a95fffff,H3,2025,12,4.4
8844e10a95fffff,H3,2025,13,5.0
8844e10a95fffff,H3,2025,14,5.5
8844e10a95fffff,H3,2025,15,6.4
8844e10a95fffff,H3,2025,16,7.7
8844e10a95fffff,H3,2025,17,9.9
8844e10a95fffff,H3,2025,18,11.4
8844e10a95fffff,H3,2025,19,11.9
8844e10a95fffff,H3,2025,20,12.2
8844e10a95fffff,H3,2025,21,11.7
8844e10a95fffff,H3,2025,22,10.7
8844e10a95fffff,H3,2025,23,9.3
8844e10ad1fffff,H3,2025,0,9.8
8844e10ad1fffff,H3,2025,1,8.5
8844e10ad1fffff,H3,2025,2,7.4
8844e10ad1fffff,H3,2025,3,6.6
8844e10ad1fffff,H3,2025,4,6.0
8844e10ad1fffff,H3,2025,5,5.5
8844e10ad1fffff,H3,2025,6,4.9
8844e10ad1fffff,H3,2025,7,4.0
8844e10ad1fffff,H3,2025,8,3.4
8844e10ad1fffff,H3,2025,9,3.4
8844e10ad1fffff,H3,2025,10,3.6
8844e10ad1fffff,H3,2025,11,4.2
8844e10ad1fffff,H3,2025,12,4.8
8844e10ad1fffff,H3,2025,13,5.3
8844e10ad1fffff,H3,2025,14,5.9
8844e10ad1fffff,H3,2025,15,6.9
8844e10ad1fffff,H3,2025,16,8.6
8844e10ad1fffff,H3,2025,17,11.2
8844e10ad1fffff,H3,2025,18,13.1
8844e10ad1fffff,H3,2025,19,14.0
8844e10ad1fffff,H3,2025,20,14.4
8844e10ad1fffff,H3,2025,21,14.1
8844e10ad1fffff,H3,2025,22,13.0
8844e10ad1fffff,H3,2025,23,11.5
8844e29633fffff,H3,2025,0,51.2
8844e29633fffff,H3,2025,0,1.2
8844e29633fffff,H3,2025,0,8.0
8844e29633fffff,H3,2025,0,3.4
8844e29633fffff,H3,2025,0,29.4
8844e29633fffff,H3,2025,1,44.9
8844e29633fffff,H3,2025,1,1.1
8844e29633fffff,H3,2025,1,6.9
8844e29633fffff,H3,2025,1,3.0
8844e29633fffff,H3,2025,1,25.8
8844e29633fffff,H3,2025,2,39.2
8844e29633fffff,H3,2025,2,1.0
8844e29633fffff,H3,2025,2,6.0
8844e29633fffff,H3,2025,2,2.6
8844e29633fffff,H3,2025,2,22.5
8844e29633fffff,H3,2025,3,35.3
8844e29633fffff,H3,2025,3,0.9
8844e29633fffff,H3,2025,3,5.5
8844e29633fffff,H3,2025,3,2.4
8844e29633fffff,H3,2025,3,20.3
8844e29633fffff,H3,2025,4,31.9
8844e29633fffff,H3,2025,4,0.8
8844e29633fffff,H3,2025,4,4.9
8844e29633fffff,H3,2025,4,2.2
8844e29633fffff,H3,2025,4,18.4
8844e29633fffff,H3,2025,5,29.0
8844e29633fffff,H3,2025,5,0.8
8844e29633fffff,H3,2025,5,4.5
8844e29633fffff,H3,2025,5,1.9
8844e29633fffff,H3,2025,5,16.7
8844e29633fffff,H3,2025,6,25.7
8844e29633fffff,H3,2025,6,0.7
8844e29633fffff,H3,2025,6,4.0
8844e29633fffff,H3,2025,6,1.7
8844e29633fffff,H3,2025,6,14.8
8844e29633fffff,H3,2025,7,20.5
8844e29633fffff,H3,2025,7,0.6
8844e29633fffff,H3,2025,7,3.2
8844e29633fffff,H3,2025,7,1.4
8844e29633fffff,H3,2025,7,11.7
8844e29633fffff,H3,2025,8,17.2
8844e29633fffff,H3,2025,8,0.5
8844e29633fffff,H3,2025,8,2.6
8844e29633fffff,H3,2025,8,1.1
8844e29633fffff,H3,2025,8,9.9
8844e29633fffff,H3,2025,9,16.5
8844e29633fffff,H3,2025,9,0.5
8844e29633fffff,H3,2025,9,2.5
8844e29633fffff,H3,2025,9,1.1
8844e29633fffff,H3,2025,9,9.4
8844e29633fffff,H3,2025,10,17.8
8844e29633fffff,H3,2025,10,0.5
8844e29633fffff,H3,2025,10,2.7
8844e29633fffff,H3,2025,10,1.2
8844e29633fffff,H3,2025,10,10.2
8844e29633fffff,H3,2025,11,20.3
8844e29633fffff,H3,2025,11,0.6
8844e29633fffff,H3,2025,11,3.2
8844e29633fffff,H3,2025,11,1.4
8844e29633fffff,H3,2025,11,11.7
8844e29633fffff,H3,2025,12,23.5
8844e29633fffff,H3,2025,12,0.6
8844e29633fffff,H3,2025,12,3.6
8844e29633fffff,H3,2025,12,1.6
8844e29633fffff,H3,2025,12,13.5
8844e29633fffff,H3,2025,13,26.2
8844e29633fffff,H3,2025,13,0.7
8844e29633fffff,H3,2025,13,4.1
8844e29633fffff,H3,2025,13,1.8
8844e29633fffff,H3,2025,13,15.0
8844e29633fffff,H3,2025,14,29.4
8844e29633fffff,H3,2025,14,0.8
8844e29633fffff,H3,2025,14,4.5
8844e29633fffff,H3,2025,14,2.0
8844e29633fffff,H3,2025,14,16.9
8844e29633fffff,H3,2025,15,34.5
8844e29633fffff,H3,2025,15,0.9
8844e29633fffff,H3,2025,15,5.3
8844e29633fffff,H3,2025,15,2.4
8844e29633fffff,H3,2025,15,19.8
8844e29633fffff,H3,2025,16,43.0
8844e29633fffff,H3,2025,16,1.1
8844e29633fffff,H3,2025,16,6.6
8844e29633fffff,H3,2025,16,3.0
8844e29633fffff,H3,2025,16,24.7
8844e29633fffff,H3,2025,17,56.4
8844e29633fffff,H3,2025,17,1.5
8844e29633fffff,H3,2025,17,8.8
8844e29633fffff,H3,2025,17,3.9
8844e29633fffff,H3,2025,17,32.4
8844e29633fffff,H3,2025,18,66.2
8844e29633fffff,H3,2025,18,1.7
8844e29633fffff,H3,2025,18,10.2
8844e29633fffff,H3,2025,18,4.5
8844e29633fffff,H3,2025,18,38.1
8844e29633fffff,H3,2025,19,71.2
8844e29633fffff,H3,2025,19,1.8
8844e29633fffff,H3,2025,19,11.0
8844e29633fffff,H3,2025,19,4.8
8844e29633fffff,H3,2025,19,40.9
8844e29633fffff,H3,2025,20,74.3
8844e29633fffff,H3,2025,20,1.9
8844e29633fffff,H3,2025,20,11.5
8844e29633fffff,H3,2025,20,5.0
8844e29633fffff,H3,2025,20,42.7
8844e29633fffff,H3,2025,21,72.8
8844e29633fffff,H3,2025,21,1.8
8844e29633fffff,H3,2025,21,11.2
8844e29633fffff,H3,2025,21,4.9
8844e29633fffff,H3,2025,21,41.8
8844e29633fffff,H3,2025,22,67.7
8844e29633fffff,H3,2025,22,1.7
8844e29633fffff,H3,2025,22,10.5
8844e29633fffff,H3,2025,22,4.5
8844e29633fffff,H3,2025,22,39.0
8844e29633fffff,H3,2025,23,60.3
8844e29633fffff,H3,2025,23,1.6
8844e29633fffff,H3,2025,23,9.3
8844e29633fffff,H3,2025,23,4.1
8844e29633fffff,H3,2025,23,34.8
8844e29693fffff,H3,2025,0,5.3
8844e29693fffff,H3,2025,1,4.7
8844e29693fffff,H3,2025,2,4.1
8844e29693fffff,H3,2025,3,3.6
8844e29693fffff,H3,2025,4,3.3
8844e29693fffff,H3,2025,5,3.0
8844e29693fffff,H3,2025,6,2.7
8844e29693fffff,H3,2025,7,2.2
8844e29693fffff,H3,2025,8,1.8
8844e29693fffff,H3,2025,9,1.7
8844e29693fffff,H3,2025,10,1.8
8844e29693fffff,H3,2025,11,2.2
8844e29693fffff,H3,2025,12,2.5
8844e29693fffff,H3,2025,13,2.7
8844e29693fffff,H3,2025,14,3.1
8844e29693fffff,H3,2025,15,3.6
8844e29693fffff,H3,2025,16,4.5
8844e29693fffff,H3,2025,17,5.9
8844e29693fffff,H3,2025,18,6.9
8844e29693fffff,H3,2025,19,7.5
8844e29693fffff,H3,2025,20,7.7
8844e29693fffff,H3,2025,21,7.6
8844e29693fffff,H3,2025,22,7.0
8844e29693fffff,H3,2025,23,6.2
8844e341c7fffff,H3,2025,0,1.5
8844e341c7fffff,H3,2025,1,1.2
8844e341c7fffff,H3,2025,2,1.1
8844e341c7fffff,H3,2025,3,1.0
8844e341c7fffff,H3,2025,4,0.9
8844e341c7fffff,H3,2025,5,0.8
8844e341c7fffff,H3,2025,6,0.7
8844e341c7fffff,H3,2025,7,0.6
8844e341c7fffff,H3,2025,8,0.5
8844e341c7fffff,H3,2025,9,0.5
8844e341c7fffff,H3,2025,10,0.5
8844e341c7fffff,H3,2025,11,0.6
8844e341c7fffff,H3,2025,12,0.7
8844e341c7fffff,H3,2025,13,0.7
8844e341c7fffff,H3,2025,14,0.8
8844e341c7fffff,H3,2025,15,0.9
8844e341c7fffff,H3,2025,16,1.2
8844e341c7fffff,H3,2025,17,1.6
8844e341c7fffff,H3,2025,18,1.8
8844e341c7fffff,H3,2025,19,2.0
8844e341c7fffff,H3,2025,20,2.0
8844e341c7fffff,H3,2025,21,2.0
8844e341c7fffff,H3,2025,22,1.9
8844e341c7fffff,H3,2025,23,1.7
8844e34a33fffff,H3,2025,0,8.3
8844e34a33fffff,H3,2025,1,7.2
8844e34a33fffff,H3,2025,2,6.2
8844e34a33fffff,H3,2025,3,5.7
8844e34a33fffff,H3,2025,4,5.1
8844e34a33fffff,H3,2025,5,4.7
8844e34a33fffff,H3,2025,6,4.2
8844e34a33fffff,H3,2025,7,3.4
8844e34a33fffff,H3,2025,8,2.8
8844e34a33fffff,H3,2025,9,2.7
8844e34a33fffff,H3,2025,10,3.0
8844e34a33fffff,H3,2025,11,3.4
8844e34a33fffff,H3,2025,12,4.0
8844e34a33fffff,H3,2025,13,4.4
8844e34a33fffff,H3,2025,14,4.9
8844e34a33fffff,H3,2025,15,5.7
8844e34a33fffff,H3,2025,16,7.2
8844e34a33fffff,H3,2025,17,9.3
8844e34a33fffff,H3,2025,18,10.9
8844e34a33fffff,H3,2025,19,11.7
8844e34a33fffff,H3,2025,20,12.2
8844e34a33fffff,H3,2025,21,11.8
8844e34a33fffff,H3,2025,22,11.0
8844e34a33fffff,H3,2025,23,9.8
8844e5365dfffff,H3,2025,0,16.5
8844e5365dfffff,H3,2025,1,14.4
8844e5365dfffff,H3,2025,2,12.5
8844e5365dfffff,H3,2025,3,11.2
8844e5365dfffff,H3,2025,4,10.1
8844e5365dfffff,H3,2025,5,9.3
8844e5365dfffff,H3,2025,6,8.3
8844e5365dfffff,H3,2025,7,6.7
8844e5365dfffff,H3,2025,8,5.7
8844e5365dfffff,H3,2025,9,5.5
8844e5365dfffff,H3,2025,10,5.9
8844e5365dfffff,H3,2025,11,6.8
8844e5365dfffff,H3,2025,12,7.8
8844e5365dfffff,H3,2025,13,8.8
8844e5365dfffff,H3,2025,14,9.8
8844e5365dfffff,H3,2025,15,11.6
8844e5365dfffff,H3,2025,16,14.4
8844e5365dfffff,H3,2025,17,18.8
8844e5365dfffff,H3,2025,18,21.9
8844e5365dfffff,H3,2025,19,23.4
8844e5365dfffff,H3,2025,20,24.3
8844e5365dfffff,H3,2025,21,23.8
8844e5365dfffff,H3,2025,22,21.9
8844e5365dfffff,H3,2025,23,19.4
8844e55199fffff,H3,2025,0,1.9
8844e55199fffff,H3,2025,1,1.7
8844e55199fffff,H3,2025,2,1.5
8844e55199fffff,H3,2025,3,1.2
8844e55199fffff,H3,2025,4,1.1
8844e55199fffff,H3,2025,5,1.0
8844e55199fffff,H3,2025,6,0.9
8844e55199fffff,H3,2025,7,0.8
8844e55199fffff,H3,2025,8,0.7
8844e55199fffff,H3,2025,9,0.7
8844e55199fffff,H3,2025,10,0.7
8844e55199fffff,H3,2025,11,0.8
8844e55199fffff,H3,2025,12,0.9
8844e55199fffff,H3,2025,13,1.0
8844e55199fffff,H3,2025,14,1.1
8844e55199fffff,H3,2025,15,1.4
8844e55199fffff,H3,2025,16,1.7
8844e55199fffff,H3,2025,17,2.2
8844e55199fffff,H3,2025,18,2.5
8844e55199fffff,H3,2025,19,2.7
8844e55199fffff,H3,2025,20,2.8
8844e55199fffff,H3,2025,21,2.7
8844e55199fffff,H3,2025,22,2.6
8844e55199fffff,H3,2025,23,2.3
8844e554d1fffff,H3,2025,0,2.2
8844e554d1fffff,H3,2025,1,1.8
8844e554d1fffff,H3,2025,2,1.6
8844e554d1fffff,H3,2025,3,1.5
8844e554d1fffff,H3,2025,4,1.2
8844e554d1fffff,H3,2025,5,1.2
8844e554d1fffff,H3,2025,6,1.1
8844e554d1fffff,H3,2025,7,0.9
8844e554d1fffff,H3,2025,8,0.8
8844e554d1fffff,H3,2025,9,0.8
8844e554d1fffff,H3,2025,10,0.8
8844e554d1fffff,H3,2025,11,0.9
8844e554d1fffff,H3,2025,12,1.0
8844e554d1fffff,H3,2025,13,1.2
8844e554d1fffff,H3,2025,14,1.4
8844e554d1fffff,H3,2025,15,1.6
8844e554d1fffff,H3,2025,16,1.9
8844e554d1fffff,H3,2025,17,2.5
8844e554d1fffff,H3,2025,18,3.0
8844e554d1fffff,H3,2025,19,3.2
8844e554d1fffff,H3,2025,20,3.3
8844e554d1fffff,H3,2025,21,3.2
8844e554d1fffff,H3,2025,22,3.0
8844e554d1fffff,H3,2025,23,2.5
8844e5a497fffff,H3,2025,0,6.4
8844e5a497fffff,H3,2025,1,5.6
8844e5a497fffff,H3,2025,2,4.9
8844e5a497fffff,H3,2025,3,4.3
8844e5a497fffff,H3,2025,4,4.0
8844e5a497fffff,H3,2025,5,3.6
8844e5a497fffff,H3,2025,6,3.3
8844e5a497fffff,H3,2025,7,2.6
8844e5a497fffff,H3,2025,8,2.3
8844e5a497fffff,H3,2025,9,2.2
8844e5a497fffff,H3,2025,10,2.4
8844e5a497fffff,H3,2025,11,2.7
8844e5a497fffff,H3,2025,12,3.2
8844e5a497fffff,H3,2025,13,3.5
8844e5a497fffff,H3,2025,14,3.9
8844e5a497fffff,H3,2025,15,4.5
8844e5a497fffff,H3,2025,16,5.7
8844e5a497fffff,H3,2025,17,7.4
8844e5a497fffff,H3,2025,18,8.6
8844e5a497fffff,H3,2025,19,9.2
8844e5a497fffff,H3,2025,20,9.5
8844e5a497fffff,H3,2025,21,9.3
8844e5a497fffff,H3,2025,22,8.6
8844e5a497fffff,H3,2025,23,7.6
8844e8224bfffff,H3,2025,0,6.2
8844e8224bfffff,H3,2025,1,5.5
8844e8224bfffff,H3,2025,2,4.8
8844e8224bfffff,H3,2025,3,4.3
8844e8224bfffff,H3,2025,4,3.9
8844e8224bfffff,H3,2025,5,3.5
8844e8224bfffff,H3,2025,6,3.2
8844e8224bfffff,H3,2025,7,2.5
8844e8224bfffff,H3,2025,8,2.0
8844e8224bfffff,H3,2025,9,2.0
8844e8224bfffff,H3,2025,10,2.2
8844e8224bfffff,H3,2025,11,2.5
8844e8224bfffff,H3,2025,12,2.8
8844e8224bfffff,H3,2025,13,3.2
8844e8224bfffff,H3,2025,14,3.5
8844e8224bfffff,H3,2025,15,4.2
8844e8224bfffff,H3,2025,16,5.2
8844e8224bfffff,H3,2025,17,6.8
8844e8224bfffff,H3,2025,18,8.1
8844e8224bfffff,H3,2025,19,8.6
8844e8224bfffff,H3,2025,20,9.1
8844e8224bfffff,H3,2025,21,8.9
8844e8224bfffff,H3,2025,22,8.3
8844e8224bfffff,H3,2025,23,7.4
8844e83591fffff,H3,2025,0,3.4
8844e83591fffff,H3,2025,1,3.0
8844e83591fffff,H3,2025,2,2.6
8844e83591fffff,H3,2025,3,2.4
8844e83591fffff,H3,2025,4,2.2
8844e83591fffff,H3,2025,5,1.9
8844e83591fffff,H3,2025,6,1.7
8844e83591fffff,H3,2025,7,1.4
8844e83591fffff,H3,2025,8,1.1
8844e83591fffff,H3,2025,9,1.1
8844e83591fffff,H3,2025,10,1.2
8844e83591fffff,H3,2025,11,1.4
8844e83591fffff,H3,2025,12,1.6
8844e83591fffff,H3,2025,13,1.7
8844e83591fffff,H3,2025,14,1.9
8844e83591fffff,H3,2025,15,2.3
8844e83591fffff,H3,2025,16,2.8
8844e83591fffff,H3,2025,17,3.8
8844e83591fffff,H3,2025,18,4.4
8844e83591fffff,H3,2025,19,4.8
8844e83591fffff,H3,2025,20,5.0
8844e83591fffff,H3,2025,21,4.9
8844e83591fffff,H3,2025,22,4.5
8844e83591fffff,H3,2025,23,4.0
8844e8359dfffff,H3,2025,0,5.9
8844e8359dfffff,H3,2025,1,5.1
8844e8359dfffff,H3,2025,2,4.5
8844e8359dfffff,H3,2025,3,4.0
8844e8359dfffff,H3,2025,4,3.6
8844e8359dfffff,H3,2025,5,3.3
8844e8359dfffff,H3,2025,6,3.0
8844e8359dfffff,H3,2025,7,2.5
8844e8359dfffff,H3,2025,8,2.2
8844e8359dfffff,H3,2025,9,2.2
8844e8359dfffff,H3,2025,10,2.3
8844e8359dfffff,H3,2025,11,2.6
8844e8359dfffff,H3,2025,12,3.1
8844e8359dfffff,H3,2025,13,3.4
8844e8359dfffff,H3,2025,14,3.8
8844e8359dfffff,H3,2025,15,4.3
8844e8359dfffff,H3,2025,16,5.3
8844e8359dfffff,H3,2025,17,6.9
8844e8359dfffff,H3,2025,18,8.1
8844e8359dfffff,H3,2025,19,8.6
8844e8359dfffff,H3,2025,20,8.9
8844e8359dfffff,H3,2025,21,8.6
8844e8359dfffff,H3,2025,22,8.0
8844e8359dfffff,H3,2025,23,7.0
8844e835d7fffff,H3,2025,0,4.3
8844e835d7fffff,H3,2025,0,1.4
8844e835d7fffff,H3,2025,1,3.8
8844e835d7fffff,H3,2025,1,1.2
8844e835d7fffff,H3,2025,2,3.3
8844e835d7fffff,H3,2025,2,1.0
8844e835d7fffff,H3,2025,3,3.0
8844e835d7fffff,H3,2025,3,0.9
8844e835d7fffff,H3,2025,4,2.7
8844e835d7fffff,H3,2025,4,0.8
8844e835d7fffff,H3,2025,5,2.4
8844e835d7fffff,H3,2025,5,0.8
8844e835d7fffff,H3,2025,6,2.2
8844e835d7fffff,H3,2025,6,0.7
8844e835d7fffff,H3,2025,7,1.7
8844e835d7fffff,H3,2025,7,0.7
8844e835d7fffff,H3,2025,8,1.5
8844e835d7fffff,H3,2025,8,0.6
8844e835d7fffff,H3,2025,9,1.4
8844e835d7fffff,H3,2025,9,0.6
8844e835d7fffff,H3,2025,10,1.5
8844e835d7fffff,H3,2025,10,0.7
8844e835d7fffff,H3,2025,11,1.7
8844e835d7fffff,H3,2025,11,0.7
8844e835d7fffff,H3,2025,12,2.0
8844e835d7fffff,H3,2025,12,0.8
8844e835d7fffff,H3,2025,13,2.3
8844e835d7fffff,H3,2025,13,0.9
8844e835d7fffff,H3,2025,14,2.5
8844e835d7fffff,H3,2025,14,1.0
8844e835d7fffff,H3,2025,15,3.0
8844e835d7fffff,H3,2025,15,1.1
8844e835d7fffff,H3,2025,16,3.6
8844e835d7fffff,H3,2025,16,1.4
8844e835d7fffff,H3,2025,17,4.8
8844e835d7fffff,H3,2025,17,1.8
8844e835d7fffff,H3,2025,18,5.6
8844e835d7fffff,H3,2025,18,2.0
8844e835d7fffff,H3,2025,19,6.0
8844e835d7fffff,H3,2025,19,2.2
8844e835d7fffff,H3,2025,20,6.2
8844e835d7fffff,H3,2025,20,2.2
8844e835d7fffff,H3,2025,21,6.1
8844e835d7fffff,H3,2025,21,2.2
8844e835d7fffff,H3,2025,22,5.7
8844e835d7fffff,H3,2025,22,1.9
8844e835d7fffff,H3,2025,23,5.1
8844e835d7fffff,H3,2025,23,1.7
8844e86169fffff,H3,2025,0,2.5
8844e86169fffff,H3,2025,1,2.3
8844e86169fffff,H3,2025,2,1.9
8844e86169fffff,H3,2025,3,1.7
8844e86169fffff,H3,2025,4,1.6
8844e86169fffff,H3,2025,5,1.5
8844e86169fffff,H3,2025,6,1.2
8844e86169fffff,H3,2025,7,1.0
8844e86169fffff,H3,2025,8,0.9
8844e86169fffff,H3,2025,9,0.8
8844e86169fffff,H3,2025,10,0.9
8844e86169fffff,H3,2025,11,1.0
8844e86169fffff,H3,2025,12,1.2
8844e86169fffff,H3,2025,13,1.4
8844e86169fffff,H3,2025,14,1.5
8844e86169fffff,H3,2025,15,1.8
8844e86169fffff,H3,2025,16,2.2
8844e86169fffff,H3,2025,17,2.8
8844e86169fffff,H3,2025,18,3.4
8844e86169fffff,H3,2025,19,3.6
8844e86169fffff,H3,2025,20,3.8
8844e86169fffff,H3,2025,21,3.6
8844e86169fffff,H3,2025,22,3.4
8844e86169fffff,H3,2025,23,3.0
8844e93951fffff,H3,2025,0,1.8
8844e93951fffff,H3,2025,1,1.6
8844e93951fffff,H3,2025,2,1.4
8844e93951fffff,H3,2025,3,1.2
8844e93951fffff,H3,2025,4,1.1
8844e93951fffff,H3,2025,5,1.0
8844e93951fffff,H3,2025,6,0.9
8844e93951fffff,H3,2025,7,0.7
8844e93951fffff,H3,2025,8,0.6
8844e93951fffff,H3,2025,9,0.6
8844e93951fffff,H3,2025,10,0.6
8844e93951fffff,H3,2025,11,0.7
8844e93951fffff,H3,2025,12,0.8
8844e93951fffff,H3,2025,13,0.9
8844e93951fffff,H3,2025,14,1.0
8844e93951fffff,H3,2025,15,1.1
8844e93951fffff,H3,2025,16,1.5
8844e93951fffff,H3,2025,17,1.9
8844e93951fffff,H3,2025,18,2.3
8844e93951fffff,H3,2025,19,2.4
8844e93951fffff,H3,2025,20,2.5
8844e93951fffff,H3,2025,21,2.5
8844e93951fffff,H3,2025,22,2.3
8844e93951fffff,H3,2025,23,2.0
8844ebd817fffff,H3,2025,0,1.6
8844ebd817fffff,H3,2025,1,1.4
8844ebd817fffff,H3,2025,2,1.1
8844ebd817fffff,H3,2025,3,1.0
8844ebd817fffff,H3,2025,4,0.9
8844ebd817fffff,H3,2025,5,0.9
8844ebd817fffff,H3,2025,6,0.8
8844ebd817fffff,H3,2025,7,0.7
8844ebd817fffff,H3,2025,8,0.7
8844ebd817fffff,H3,2025,9,0.7
8844ebd817fffff,H3,2025,10,0.7
8844ebd817fffff,H3,2025,11,0.8
8844ebd817fffff,H3,2025,12,0.9
8844ebd817fffff,H3,2025,13,1.0
8844ebd817fffff,H3,2025,14,1.0
8844ebd817fffff,H3,2025,15,1.2
8844ebd817fffff,H3,2025,16,1.6
8844ebd817fffff,H3,2025,17,1.9
8844ebd817fffff,H3,2025,18,2.3
8844ebd817fffff,H3,2025,19,2.4
8844ebd817fffff,H3,2025,20,2.4
8844ebd817fffff,H3,2025,21,2.4
8844ebd817fffff,H3,2025,22,2.2
8844ebd817fffff,H3,2025,23,1.9
8844ebda31fffff,H3,2025,0,10.5
8844ebda31fffff,H3,2025,1,9.2
8844ebda31fffff,H3,2025,2,8.0
8844ebda31fffff,H3,2025,3,7.0
8844ebda31fffff,H3,2025,4,6.5
8844ebda31fffff,H3,2025,5,5.9
8844ebda31fffff,H3,2025,6,5.3
8844ebda31fffff,H3,2025,7,4.4
8844ebda31fffff,H3,2025,8,3.9
8844ebda31fffff,H3,2025,9,3.6
8844ebda31fffff,H3,2025,10,4.0
8844ebda31fffff,H3,2025,11,4.5
8844ebda31fffff,H3,2025,12,5.3
8844ebda31fffff,H3,2025,13,5.9
8844ebda31fffff,H3,2025,14,6.5
8844ebda31fffff,H3,2025,15,7.7
8844ebda31fffff,H3,2025,16,9.7
8844ebda31fffff,H3,2025,17,12.4
8844ebda31fffff,H3,2025,18,14.4
8844ebda31fffff,H3,2025,19,15.3
8844ebda31fffff,H3,2025,20,15.9
8844ebda31fffff,H3,2025,21,15.3
8844ebda31fffff,H3,2025,22,14.2
8844ebda31fffff,H3,2025,23,12.5
8844ec6a05fffff,H3,2025,0,4.9
8844ec6a05fffff,H3,2025,1,4.3
8844ec6a05fffff,H3,2025,2,3.8
8844ec6a05fffff,H3,2025,3,3.4
8844ec6a05fffff,H3,2025,4,3.1
8844ec6a05fffff,H3,2025,5,2.7
8844ec6a05fffff,H3,2025,6,2.5
8844ec6a05fffff,H3,2025,7,1.9
8844ec6a05fffff,H3,2025,8,1.6
8844ec6a05fffff,H3,2025,9,1.6
8844ec6a05fffff,H3,2025,10,1.7
8844ec6a05fffff,H3,2025,11,1.9
8844ec6a05fffff,H3,2025,12,2.3
8844ec6a05fffff,H3,2025,13,2.5
8844ec6a05fffff,H3,2025,14,2.8
8844ec6a05fffff,H3,2025,15,3.3
8844ec6a05fffff,H3,2025,16,4.1
8844ec6a05fffff,H3,2025,17,5.5
8844ec6a05fffff,H3,2025,18,6.4
8844ec6a05fffff,H3,2025,19,6.8
8844ec6a05fffff,H3,2025,20,7.2
8844ec6a05fffff,H3,2025,21,6.9
8844ec6a05fffff,H3,2025,22,6.5
8844ec6a05fffff,H3,2025,23,5.8
8844ec6a59fffff,H3,2025,0,3.9
8844ec6a59fffff,H3,2025,1,3.4
8844ec6a59fffff,H3,2025,2,3.0
8844ec6a59fffff,H3,2025,3,2.7
8844ec6a59fffff,H3,2025,4,2.4
8844ec6a59fffff,H3,2025,5,2.2
8844ec6a59fffff,H3,2025,6,1.9
8844ec6a59fffff,H3,2025,7,1.6
8844ec6a59fffff,H3,2025,8,1.4
8844ec6a59fffff,H3,2025,9,1.2
8844ec6a59fffff,H3,2025,10,1.4
8844ec6a59fffff,H3,2025,11,1.6
8844ec6a59fffff,H3,2025,12,1.8
8844ec6a59fffff,H3,2025,13,2.0
8844ec6a59fffff,H3,2025,14,2.3
8844ec6a59fffff,H3,2025,15,2.7
8844ec6a59fffff,H3,2025,16,3.3
8844ec6a59fffff,H3,2025,17,4.3
8844ec6a59fffff,H3,2025,18,5.1
8844ec6a59fffff,H3,2025,19,5.5
8844ec6a59fffff,H3,2025,20,5.7
8844ec6a59fffff,H3,2025,21,5.6
8844ec6a59fffff,H3,2025,22,5.1
8844ec6a59fffff,H3,2025,23,4.5
8844ec6a61fffff,H3,2025,0,2.7
8844ec6a61fffff,H3,2025,0,0.2
8844ec6a61fffff,H3,2025,1,2.4
8844ec6a61fffff,H3,2025,1,0.2
8844ec6a61fffff,H3,2025,2,2.0
8844ec6a61fffff,H3,2025,2,0.2
8844ec6a61fffff,H3,2025,3,1.8
8844ec6a61fffff,H3,2025,3,0.1
8844ec6a61fffff,H3,2025,4,1.7
8844ec6a61fffff,H3,2025,4,0.1
8844ec6a61fffff,H3,2025,5,1.6
8844ec6a61fffff,H3,2025,5,0.1
8844ec6a61fffff,H3,2025,6,1.4
8844ec6a61fffff,H3,2025,6,0.1
8844ec6a61fffff,H3,2025,7,1.0
8844ec6a61fffff,H3,2025,7,0.1
8844ec6a61fffff,H3,2025,8,0.9
8844ec6a61fffff,H3,2025,8,0.1
8844ec6a61fffff,H3,2025,9,0.9
8844ec6a61fffff,H3,2025,9,0.1
8844ec6a61fffff,H3,2025,10,0.9
8844ec6a61fffff,H3,2025,10,0.1
8844ec6a61fffff,H3,2025,11,1.0
8844ec6a61fffff,H3,2025,11,0.1
8844ec6a61fffff,H3,2025,12,1.2
8844ec6a61fffff,H3,2025,12,0.1
8844ec6a61fffff,H3,2025,13,1.4
8844ec6a61fffff,H3,2025,13,0.1
8844ec6a61fffff,H3,2025,14,1.6
8844ec6a61fffff,H3,2025,14,0.1
8844ec6a61fffff,H3,2025,15,1.8
8844ec6a61fffff,H3,2025,15,0.1
8844ec6a61fffff,H3,2025,16,2.3
8844ec6a61fffff,H3,2025,16,0.2
8844ec6a61fffff,H3,2025,17,3.0
8844ec6a61fffff,H3,2025,17,0.2
8844ec6a61fffff,H3,2025,18,3.5
8844ec6a61fffff,H3,2025,18,0.3
8844ec6a61fffff,H3,2025,19,3.8
8844ec6a61fffff,H3,2025,19,0.3
8844ec6a61fffff,H3,2025,20,4.0
8844ec6a61fffff,H3,2025,20,0.3
8844ec6a61fffff,H3,2025,21,3.9
8844ec6a61fffff,H3,2025,21,0.3
8844ec6a61fffff,H3,2025,22,3.5
8844ec6a61fffff,H3,2025,22,0.3
8844ec6a61fffff,H3,2025,23,3.2
8844ec6a61fffff,H3,2025,23,0.2
8844ec6a6dfffff,H3,2025,0,2.3
8844ec6a6dfffff,H3,2025,0,0.0
8844ec6a6dfffff,H3,2025,1,2.0
8844ec6a6dfffff,H3,2025,1,0.0
8844ec6a6dfffff,H3,2025,2,1.8
8844ec6a6dfffff,H3,2025,2,0.0
8844ec6a6dfffff,H3,2025,3,1.6
8844ec6a6dfffff,H3,2025,3,0.0
8844ec6a6dfffff,H3,2025,4,1.5
8844ec6a6dfffff,H3,2025,4,0.0
8844ec6a6dfffff,H3,2025,5,1.2
8844ec6a6dfffff,H3,2025,5,0.0
8844ec6a6dfffff,H3,2025,6,1.1
8844ec6a6dfffff,H3,2025,6,0.0
8844ec6a6dfffff,H3,2025,7,0.9
8844ec6a6dfffff,H3,2025,7,0.0
8844ec6a6dfffff,H3,2025,8,0.8
8844ec6a6dfffff,H3,2025,8,0.0
8844ec6a6dfffff,H3,2025,9,0.8
8844ec6a6dfffff,H3,2025,9,0.0
8844ec6a6dfffff,H3,2025,10,0.8
8844ec6a6dfffff,H3,2025,10,0.0
8844ec6a6dfffff,H3,2025,11,0.9
8844ec6a6dfffff,H3,2025,11,0.0
8844ec6a6dfffff,H3,2025,12,1.0
8844ec6a6dfffff,H3,2025,12,0.0
8844ec6a6dfffff,H3,2025,13,1.1
8844ec6a6dfffff,H3,2025,13,0.0
8844ec6a6dfffff,H3,2025,14,1.4
8844ec6a6dfffff,H3,2025,14,0.0
8844ec6a6dfffff,H3,2025,15,1.6
8844ec6a6dfffff,H3,2025,15,0.0
8844ec6a6dfffff,H3,2025,16,1.9
8844ec6a6dfffff,H3,2025,16,0.0
8844ec6a6dfffff,H3,2025,17,2.5
8844ec6a6dfffff,H3,2025,17,0.0
8844ec6a6dfffff,H3,2025,18,3.0
8844ec6a6dfffff,H3,2025,18,0.0
8844ec6a6dfffff,H3,2025,19,3.2
8844ec6a6dfffff,H3,2025,19,0.0
8844ec6a6dfffff,H3,2025,20,3.4
8844ec6a6dfffff,H3,2025,20,0.0
8844ec6a6dfffff,H3,2025,21,3.3
8844ec6a6dfffff,H3,2025,21,0.0
8844ec6a6dfffff,H3,2025,22,3.1
8844ec6a6dfffff,H3,2025,22,0.0
8844ec6a6dfffff,H3,2025,23,2.7
8844ec6a6dfffff,H3,2025,23,0.0
8844ec6b15fffff,H3,2025,0,100.7
8844ec6b15fffff,H3,2025,0,0.6
8844ec6b15fffff,H3,2025,1,88.3
8844ec6b15fffff,H3,2025,1,0.5
8844ec6b15fffff,H3,2025,2,77.0
8844ec6b15fffff,H3,2025,2,0.5
8844ec6b15fffff,H3,2025,3,69.4
8844ec6b15fffff,H3,2025,3,0.3
8844ec6b15fffff,H3,2025,4,62.8
8844ec6b15fffff,H3,2025,4,0.3
8844ec6b15fffff,H3,2025,5,56.9
8844ec6b15fffff,H3,2025,5,0.3
8844ec6b15fffff,H3,2025,6,50.5
8844ec6b15fffff,H3,2025,6,0.2
8844ec6b15fffff,H3,2025,7,40.1
8844ec6b15fffff,H3,2025,7,0.2
8844ec6b15fffff,H3,2025,8,33.6
8844ec6b15fffff,H3,2025,8,0.2
8844ec6b15fffff,H3,2025,9,32.4
8844ec6b15fffff,H3,2025,9,0.2
8844ec6b15fffff,H3,2025,10,35.0
8844ec6b15fffff,H3,2025,10,0.2
8844ec6b15fffff,H3,2025,11,40.0
8844ec6b15fffff,H3,2025,11,0.2
8844ec6b15fffff,H3,2025,12,46.2
8844ec6b15fffff,H3,2025,12,0.2
8844ec6b15fffff,H3,2025,13,51.5
8844ec6b15fffff,H3,2025,13,0.3
8844ec6b15fffff,H3,2025,14,57.7
8844ec6b15fffff,H3,2025,14,0.3
8844ec6b15fffff,H3,2025,15,67.7
8844ec6b15fffff,H3,2025,15,0.3
8844ec6b15fffff,H3,2025,16,84.3
8844ec6b15fffff,H3,2025,16,0.5
8844ec6b15fffff,H3,2025,17,110.8
8844ec6b15fffff,H3,2025,17,0.7
8844ec6b15fffff,H3,2025,18,130.1
8844ec6b15fffff,H3,2025,18,0.8
8844ec6b15fffff,H3,2025,19,139.9
8844ec6b15fffff,H3,2025,19,0.8
8844ec6b15fffff,H3,2025,20,146.0
8844ec6b15fffff,H3,2025,20,0.8
8844ec6b15fffff,H3,2025,21,143.1
8844ec6b15fffff,H3,2025,21,0.8
8844ec6b15fffff,H3,2025,22,133.1
8844ec6b15fffff,H3,2025,22,0.8
8844ec6b15fffff,H3,2025,23,118.6
8844ec6b15fffff,H3,2025,23,0.7
8844ec6b3dfffff,H3,2025,0,3.3
8844ec6b3dfffff,H3,2025,1,3.0
8844ec6b3dfffff,H3,2025,2,2.5
8844ec6b3dfffff,H3,2025,3,2.3
8844ec6b3dfffff,H3,2025,4,2.0
8844ec6b3dfffff,H3,2025,5,1.8
8844ec6b3dfffff,H3,2025,6,1.7
8844ec6b3dfffff,H3,2025,7,1.4
8844ec6b3dfffff,H3,2025,8,1.1
8844ec6b3dfffff,H3,2025,9,1.1
8844ec6b3dfffff,H3,2025,10,1.2
8844ec6b3dfffff,H3,2025,11,1.4
8844ec6b3dfffff,H3,2025,12,1.6
8844ec6b3dfffff,H3,2025,13,1.8
8844ec6b3dfffff,H3,2025,14,2.0
8844ec6b3dfffff,H3,2025,15,2.4
8844ec6b3dfffff,H3,2025,16,3.0
8844ec6b3dfffff,H3,2025,17,3.9
8844ec6b3dfffff,H3,2025,18,4.5
8844ec6b3dfffff,H3,2025,19,4.8
8844ec6b3dfffff,H3,2025,20,5.0
8844ec6b3dfffff,H3,2025,21,4.9
8844ec6b3dfffff,H3,2025,22,4.4
8844ec6b3dfffff,H3,2025,23,4.0
8844ec6b5dfffff,H3,2025,0,1.4
8844ec6b5dfffff,H3,2025,1,1.2
8844ec6b5dfffff,H3,2025,2,1.0
8844ec6b5dfffff,H3,2025,3,1.0
8844ec6b5dfffff,H3,2025,4,0.9
8844ec6b5dfffff,H3,2025,5,0.8
8844ec6b5dfffff,H3,2025,6,0.7
8844ec6b5dfffff,H3,2025,7,0.6
8844ec6b5dfffff,H3,2025,8,0.5
8844ec6b5dfffff,H3,2025,9,0.5
8844ec6b5dfffff,H3,2025,10,0.5
8844ec6b5dfffff,H3,2025,11,0.6
8844ec6b5dfffff,H3,2025,12,0.7
8844ec6b5dfffff,H3,2025,13,0.7
8844ec6b5dfffff,H3,2025,14,0.8
8844ec6b5dfffff,H3,2025,15,0.9
8844ec6b5dfffff,H3,2025,16,1.1
8844ec6b5dfffff,H3,2025,17,1.6
8844ec6b5dfffff,H3,2025,18,1.8
8844ec6b5dfffff,H3,2025,19,1.9
8844ec6b5dfffff,H3,2025,20,2.0
8844ec6b5dfffff,H3,2025,21,2.0
8844ec6b5dfffff,H3,2025,22,1.8
8844ec6b5dfffff,H3,2025,23,1.7
8844ec6b69fffff,H3,2025,0,23.8
8844ec6b69fffff,H3,2025,1,20.8
8844ec6b69fffff,H3,2025,2,18.1
8844ec6b69fffff,H3,2025,3,16.2
8844ec6b69fffff,H3,2025,4,14.8
8844ec6b69fffff,H3,2025,5,13.4
8844ec6b69fffff,H3,2025,6,11.9
8844ec6b69fffff,H3,2025,7,9.5
8844ec6b69fffff,H3,2025,8,8.1
8844ec6b69fffff,H3,2025,9,7.7
8844ec6b69fffff,H3,2025,10,8.4
8844ec6b69fffff,H3,2025,11,9.7
8844ec6b69fffff,H3,2025,12,11.1
8844ec6b69fffff,H3,2025,13,12.4
8844ec6b69fffff,H3,2025,14,13.9
8844ec6b69fffff,H3,2025,15,16.2
8844ec6b69fffff,H3,2025,16,20.1
8844ec6b69fffff,H3,2025,17,26.4
8844ec6b69fffff,H3,2025,18,30.9
8844ec6b69fffff,H3,2025,19,33.2
8844ec6b69fffff,H3,2025,20,34.5
8844ec6b69fffff,H3,2025,21,33.9
8844ec6b69fffff,H3,2025,22,31.4
8844ec6b69fffff,H3,2025,23,28.0
8844ed75b9fffff,H3,2025,0,3.1
8844ed75b9fffff,H3,2025,1,2.7
8844ed75b9fffff,H3,2025,2,2.3
8844ed75b9fffff,H3,2025,3,2.2
8844ed75b9fffff,H3,2025,4,1.9
8844ed75b9fffff,H3,2025,5,1.7
8844ed75b9fffff,H3,2025,6,1.6
8844ed75b9fffff,H3,2025,7,1.2
8844ed75b9fffff,H3,2025,8,1.0
8844ed75b9fffff,H3,2025,9,1.0
8844ed75b9fffff,H3,2025,10,1.0
8844ed75b9fffff,H3,2025,11,1.2
8844ed75b9fffff,H3,2025,12,1.4
8844ed75b9fffff,H3,2025,13,1.6
8844ed75b9fffff,H3,2025,14,1.8
8844ed75b9fffff,H3,2025,15,2.0
8844ed75b9fffff,H3,2025,16,2.6
8844ed75b9fffff,H3,2025,17,3.4
8844ed75b9fffff,H3,2025,18,4.0
8844ed75b9fffff,H3,2025,19,4.3
8844ed75b9fffff,H3,2025,20,4.4
8844ed75b9fffff,H3,2025,21,4.3
8844ed75b9fffff,H3,2025,22,4.1
8844ed75b9fffff,H3,2025,23,3.6
8844ee0631fffff,H3,2025,0,6.1
8844ee0631fffff,H3,2025,1,5.3
8844ee0631fffff,H3,2025,2,4.5
8844ee0631fffff,H3,2025,3,4.1
8844ee0631fffff,H3,2025,4,3.6
8844ee0631fffff,H3,2025,5,3.4
8844ee0631fffff,H3,2025,6,3.2
8844ee0631fffff,H3,2025,7,2.7
8844ee0631fffff,H3,2025,8,2.5
8844ee0631fffff,H3,2025,9,2.5
8844ee0631fffff,H3,2025,10,2.7
8844ee0631fffff,H3,2025,11,3.1
8844ee0631fffff,H3,2025,12,3.5
8844ee0631fffff,H3,2025,13,4.0
8844ee0631fffff,H3,2025,14,4.3
8844ee0631fffff,H3,2025,15,5.0
8844ee0631fffff,H3,2025,16,6.1
8844ee0631fffff,H3,2025,17,7.8
8844ee0631fffff,H3,2025,18,9.0
8844ee0631fffff,H3,2025,19,9.4
8844ee0631fffff,H3,2025,20,9.5
8844ee0631fffff,H3,2025,21,9.2
8844ee0631fffff,H3,2025,22,8.5
8844ee0631fffff,H3,2025,23,7.4
8844ee0639fffff,H3,2025,0,1.5
8844ee0639fffff,H3,2025,1,1.4
8844ee0639fffff,H3,2025,2,1.1
8844ee0639fffff,H3,2025,3,1.0
8844ee0639fffff,H3,2025,4,0.9
8844ee0639fffff,H3,2025,5,0.9
8844ee0639fffff,H3,2025,6,0.8
8844ee0639fffff,H3,2025,7,0.6
8844ee0639fffff,H3,2025,8,0.6
8844ee0639fffff,H3,2025,9,0.5
8844ee0639fffff,H3,2025,10,0.6
8844ee0639fffff,H3,2025,11,0.6
8844ee0639fffff,H3,2025,12,0.7
8844ee0639fffff,H3,2025,13,0.8
8844ee0639fffff,H3,2025,14,0.9
8844ee0639fffff,H3,2025,15,1.0
8844ee0639fffff,H3,2025,16,1.2
8844ee0639fffff,H3,2025,17,1.7
8844ee0639fffff,H3,2025,18,1.9
8844ee0639fffff,H3,2025,19,2.2
8844ee0639fffff,H3,2025,20,2.2
8844ee0639fffff,H3,2025,21,2.2
8844ee0639fffff,H3,2025,22,2.0
8844ee0639fffff,H3,2025,23,1.8
8844ee0e21fffff,H3,2025,0,4.2
8844ee0e21fffff,H3,2025,1,3.8
8844ee0e21fffff,H3,2025,2,3.3
8844ee0e21fffff,H3,2025,3,3.0
8844ee0e21fffff,H3,2025,4,2.6
8844ee0e21fffff,H3,2025,5,2.4
8844ee0e21fffff,H3,2025,6,2.2
8844ee0e21fffff,H3,2025,7,1.7
8844ee0e21fffff,H3,2025,8,1.4
8844ee0e21fffff,H3,2025,9,1.4
8844ee0e21fffff,H3,2025,10,1.5
8844ee0e21fffff,H3,2025,11,1.7
8844ee0e21fffff,H3,2025,12,1.9
8844ee0e21fffff,H3,2025,13,2.2
8844ee0e21fffff,H3,2025,14,2.4
8844ee0e21fffff,H3,2025,15,2.8
8844ee0e21fffff,H3,2025,16,3.5
8844ee0e21fffff,H3,2025,17,4.7
8844ee0e21fffff,H3,2025,18,5.5
8844ee0e21fffff,H3,2025,19,5.9
8844ee0e21fffff,H3,2025,20,6.1
8844ee0e21fffff,H3,2025,21,6.0
8844ee0e21fffff,H3,2025,22,5.6
8844ee0e21fffff,H3,2025,23,5.0
8844ee2f61fffff,H3,2025,0,4.7
8844ee2f61fffff,H3,2025,1,4.1
8844ee2f61fffff,H3,2025,2,3.5
8844ee2f61fffff,H3,2025,3,3.2
8844ee2f61fffff,H3,2025,4,2.8
8844ee2f61fffff,H3,2025,5,2.6
8844ee2f61fffff,H3,2025,6,2.3
8844ee2f61fffff,H3,2025,7,1.8
8844ee2f61fffff,H3,2025,8,1.6
8844ee2f61fffff,H3,2025,9,1.5
8844ee2f61fffff,H3,2025,10,1.6
8844ee2f61fffff,H3,2025,11,1.8
8844ee2f61fffff,H3,2025,12,2.2
8844ee2f61fffff,H3,2025,13,2.4
8844ee2f61fffff,H3,2025,14,2.6
8844ee2f61fffff,H3,2025,15,3.2
8844ee2f61fffff,H3,2025,16,3.9
8844ee2f61fffff,H3,2025,17,5.1
8844ee2f61fffff,H3,2025,18,6.0
8844ee2f61fffff,H3,2025,19,6.5
8844ee2f61fffff,H3,2025,20,6.7
8844ee2f61fffff,H3,2025,21,6.6
8844ee2f61fffff,H3,2025,22,6.1
8844ee2f61fffff,H3,2025,23,5.5
8844ee4819fffff,H3,2025,0,33.8
8844ee4819fffff,H3,2025,1,28.9
8844ee4819fffff,H3,2025,2,24.9
8844ee4819fffff,H3,2025,3,22.3
8844ee4819fffff,H3,2025,4,20.0
8844ee4819fffff,H3,2025,5,18.5
8844ee4819fffff,H3,2025,6,17.5
8844ee4819fffff,H3,2025,7,15.3
8844ee4819fffff,H3,2025,8,14.5
8844ee4819fffff,H3,2025,9,14.8
8844ee4819fffff,H3,2025,10,16.0
8844ee4819fffff,H3,2025,11,18.1
8844ee4819fffff,H3,2025,12,20.9
8844ee4819fffff,H3,2025,13,23.4
8844ee4819fffff,H3,2025,14,24.9
8844ee4819fffff,H3,2025,15,28.8
8844ee4819fffff,H3,2025,16,34.8
8844ee4819fffff,H3,2025,17,44.1
8844ee4819fffff,H3,2025,18,50.7
8844ee4819fffff,H3,2025,19,52.6
8844ee4819fffff,H3,2025,20,53.6
8844ee4819fffff,H3,2025,21,51.2
8844ee4819fffff,H3,2025,22,46.9
8844ee4819fffff,H3,2025,23,40.9
8844ee48c3fffff,H3,2025,0,9.3
8844ee48c3fffff,H3,2025,1,8.1
8844ee48c3fffff,H3,2025,2,6.9
8844ee48c3fffff,H3,2025,3,6.1
8844ee48c3fffff,H3,2025,4,5.6
8844ee48c3fffff,H3,2025,5,5.2
8844ee48c3fffff,H3,2025,6,4.9
8844ee48c3fffff,H3,2025,7,4.2
8844ee48c3fffff,H3,2025,8,3.8
8844ee48c3fffff,H3,2025,9,3.6
8844ee48c3fffff,H3,2025,10,4.0
8844ee48c3fffff,H3,2025,11,4.5
8844ee48c3fffff,H3,2025,12,5.3
8844ee48c3fffff,H3,2025,13,6.0
8844ee48c3fffff,H3,2025,14,6.5
8844ee48c3fffff,H3,2025,15,7.7
8844ee48c3fffff,H3,2025,16,9.5
8844ee48c3fffff,H3,2025,17,12.2
8844ee48c3fffff,H3,2025,18,13.9
8844ee48c3fffff,H3,2025,19,14.5
8844ee48c3fffff,H3,2025,20,14.8
8844ee48c3fffff,H3,2025,21,14.2
8844ee48c3fffff,H3,2025,22,13.0
8844ee48c3fffff,H3,2025,23,11.2
8844eea2bdfffff,H3,2025,0,4.1
8844eea2bdfffff,H3,2025,1,3.6
8844eea2bdfffff,H3,2025,2,3.2
8844eea2bdfffff,H3,2025,3,2.8
8844eea2bdfffff,H3,2025,4,2.5
8844eea2bdfffff,H3,2025,5,2.3
8844eea2bdfffff,H3,2025,6,2.0
8844eea2bdfffff,H3,2025,7,1.6
8844eea2bdfffff,H3,2025,8,1.4
8844eea2bdfffff,H3,2025,9,1.4
8844eea2bdfffff,H3,2025,10,1.4
8844eea2bdfffff,H3,2025,11,1.6
8844eea2bdfffff,H3,2025,12,1.9
8844eea2bdfffff,H3,2025,13,2.0
8844eea2bdfffff,H3,2025,14,2.4
8844eea2bdfffff,H3,2025,15,2.7
8844eea2bdfffff,H3,2025,16,3.4
8844eea2bdfffff,H3,2025,17,4.5
8844eea2bdfffff,H3,2025,18,5.3
8844eea2bdfffff,H3,2025,19,5.7
8844eea2bdfffff,H3,2025,20,5.9
8844eea2bdfffff,H3,2025,21,5.8
8844eea2bdfffff,H3,2025,22,5.5
8844eea2bdfffff,H3,2025,23,4.8
8844eeb689fffff,H3,2025,0,2.7
8844eeb689fffff,H3,2025,1,2.4
8844eeb689fffff,H3,2025,2,2.0
8844eeb689fffff,H3,2025,3,1.8
8844eeb689fffff,H3,2025,4,1.7
8844eeb689fffff,H3,2025,5,1.5
8844eeb689fffff,H3,2025,6,1.4
8844eeb689fffff,H3,2025,7,1.0
8844eeb689fffff,H3,2025,8,0.9
8844eeb689fffff,H3,2025,9,0.9
8844eeb689fffff,H3,2025,10,0.9
8844eeb689fffff,H3,2025,11,1.0
8844eeb689fffff,H3,2025,12,1.2
8844eeb689fffff,H3,2025,13,1.4
8844eeb689fffff,H3,2025,14,1.6
8844eeb689fffff,H3,2025,15,1.8
8844eeb689fffff,H3,2025,16,2.3
8844eeb689fffff,H3,2025,17,3.0
8844eeb689fffff,H3,2025,18,3.4
8844eeb689fffff,H3,2025,19,3.8
8844eeb689fffff,H3,2025,20,3.9
8844eeb689fffff,H3,2025,21,3.9
8844eeb689fffff,H3,2025,22,3.5
8844eeb689fffff,H3,2025,23,3.2
8844eeb693fffff,H3,2025,0,1.6
8844eeb693fffff,H3,2025,1,1.4
8844eeb693fffff,H3,2025,2,1.1
8844eeb693fffff,H3,2025,3,1.0
8844eeb693fffff,H3,2025,4,0.9
8844eeb693fffff,H3,2025,5,0.9
8844eeb693fffff,H3,2025,6,0.8
8844eeb693fffff,H3,2025,7,0.7
8844eeb693fffff,H3,2025,8,0.6
8844eeb693fffff,H3,2025,9,0.6
8844eeb693fffff,H3,2025,10,0.7
8844eeb693fffff,H3,2025,11,0.8
8844eeb693fffff,H3,2025,12,0.9
8844eeb693fffff,H3,2025,13,0.9
8844eeb693fffff,H3,2025,14,1.0
8844eeb693fffff,H3,2025,15,1.2
8844eeb693fffff,H3,2025,16,1.5
8844eeb693fffff,H3,2025,17,1.9
8844eeb693fffff,H3,2025,18,2.2
8844eeb693fffff,H3,2025,19,2.4
8844eeb693fffff,H3,2025,20,2.4
8844eeb693fffff,H3,2025,21,2.3
8844eeb693fffff,H3,2025,22,2.2
8844eeb693fffff,H3,2025,23,1.8
8844f002cdfffff,H3,2025,0,1.6
8844f002cdfffff,H3,2025,1,1.4
8844f002cdfffff,H3,2025,2,1.2
8844f002cdfffff,H3,2025,3,1.1
8844f002cdfffff,H3,2025,4,1.0
8844f002cdfffff,H3,2025,5,0.9
8844f002cdfffff,H3,2025,6,0.8
8844f002cdfffff,H3,2025,7,0.7
8844f002cdfffff,H3,2025,8,0.6
8844f002cdfffff,H3,2025,9,0.6
8844f002cdfffff,H3,2025,10,0.6
8844f002cdfffff,H3,2025,11,0.7
8844f002cdfffff,H3,2025,12,0.7
8844f002cdfffff,H3,2025,13,0.8
8844f002cdfffff,H3,2025,14,0.9
8844f002cdfffff,H3,2025,15,1.0
8844f002cdfffff,H3,2025,16,1.4
8844f002cdfffff,H3,2025,17,1.7
8844f002cdfffff,H3,2025,18,2.0
8844f002cdfffff,H3,2025,19,2.2
8844f002cdfffff,H3,2025,20,2.3
8844f002cdfffff,H3,2025,21,2.3
8844f002cdfffff,H3,2025,22,2.0
8844f002cdfffff,H3,2025,23,1.8
8844f00825fffff,H3,2025,0,29.9
8844f00825fffff,H3,2025,1,26.2
8844f00825fffff,H3,2025,2,22.8
8844f00825fffff,H3,2025,3,20.6
8844f00825fffff,H3,2025,4,18.6
8844f00825fffff,H3,2025,5,16.9
8844f00825fffff,H3,2025,6,15.0
8844f00825fffff,H3,2025,7,11.9
8844f00825fffff,H3,2025,8,10.0
8844f00825fffff,H3,2025,9,9.7
8844f00825fffff,H3,2025,10,10.5
8844f00825fffff,H3,2025,11,11.9
8844f00825fffff,H3,2025,12,13.9
8844f00825fffff,H3,2025,13,15.5
8844f00825fffff,H3,2025,14,17.3
8844f00825fffff,H3,2025,15,20.2
8844f00825fffff,H3,2025,16,25.2
8844f00825fffff,H3,2025,17,33.1
8844f00825fffff,H3,2025,18,38.9
8844f00825fffff,H3,2025,19,41.7
8844f00825fffff,H3,2025,20,43.5
8844f00825fffff,H3,2025,21,42.6
8844f00825fffff,H3,2025,22,39.5
8844f00825fffff,H3,2025,23,35.2
8844f009cdfffff,H3,2025,0,2.0
8844f009cdfffff,H3,2025,1,1.7
8844f009cdfffff,H3,2025,2,1.5
8844f009cdfffff,H3,2025,3,1.4
8844f009cdfffff,H3,2025,4,1.2
8844f009cdfffff,H3,2025,5,1.1
8844f009cdfffff,H3,2025,6,1.0
8844f009cdfffff,H3,2025,7,0.8
8844f009cdfffff,H3,2025,8,0.7
8844f009cdfffff,H3,2025,9,0.7
8844f009cdfffff,H3,2025,10,0.7
8844f009cdfffff,H3,2025,11,0.8
8844f009cdfffff,H3,2025,12,0.9
8844f009cdfffff,H3,2025,13,1.0
8844f009cdfffff,H3,2025,14,1.1
8844f009cdfffff,H3,2025,15,1.4
8844f009cdfffff,H3,2025,16,1.7
8844f009cdfffff,H3,2025,17,2.2
8844f009cdfffff,H3,2025,18,2.6
8844f009cdfffff,H3,2025,19,2.7
8844f009cdfffff,H3,2025,20,2.8
8844f009cdfffff,H3,2025,21,2.8
8844f009cdfffff,H3,2025,22,2.6
8844f009cdfffff,H3,2025,23,2.4
8844f009d1fffff,H3,2025,0,1.9
8844f009d1fffff,H3,2025,1,1.7
8844f009d1fffff,H3,2025,2,1.5
8844f009d1fffff,H3,2025,3,1.4
8844f009d1fffff,H3,2025,4,1.2
8844f009d1fffff,H3,2025,5,1.1
8844f009d1fffff,H3,2025,6,1.0
8844f009d1fffff,H3,2025,7,0.8
8844f009d1fffff,H3,2025,8,0.7
8844f009d1fffff,H3,2025,9,0.7
8844f009d1fffff,H3,2025,10,0.7
8844f009d1fffff,H3,2025,11,0.8
8844f009d1fffff,H3,2025,12,0.9
8844f009d1fffff,H3,2025,13,1.0
8844f009d1fffff,H3,2025,14,1.1
8844f009d1fffff,H3,2025,15,1.4
8844f009d1fffff,H3,2025,16,1.7
8844f009d1fffff,H3,2025,17,2.2
8844f009d1fffff,H3,2025,18,2.6
8844f009d1fffff,H3,2025,19,2.8
8844f009d1fffff,H3,2025,20,3.0
8844f009d1fffff,H3,2025,21,2.8
8844f009d1fffff,H3,2025,22,2.6
8844f009d1fffff,H3,2025,23,2.4
8844f019e3fffff,H3,2025,0,11.2
8844f019e3fffff,H3,2025,1,9.9
8844f019e3fffff,H3,2025,2,8.5
8844f019e3fffff,H3,2025,3,7.6
8844f019e3fffff,H3,2025,4,6.9
8844f019e3fffff,H3,2025,5,6.4
8844f019e3fffff,H3,2025,6,5.8
8844f019e3fffff,H3,2025,7,4.8
8844f019e3fffff,H3,2025,8,4.1
8844f019e3fffff,H3,2025,9,4.0
8844f019e3fffff,H3,2025,10,4.3
8844f019e3fffff,H3,2025,11,4.9
8844f019e3fffff,H3,2025,12,5.7
8844f019e3fffff,H3,2025,13,6.4
8844f019e3fffff,H3,2025,14,7.0
8844f019e3fffff,H3,2025,15,8.4
8844f019e3fffff,H3,2025,16,10.5
8844f019e3fffff,H3,2025,17,13.5
8844f019e3fffff,H3,2025,18,15.6
8844f019e3fffff,H3,2025,19,16.6
8844f019e3fffff,H3,2025,20,17.2
8844f019e3fffff,H3,2025,21,16.6
8844f019e3fffff,H3,2025,22,15.2
8844f019e3fffff,H3,2025,23,13.4
8844f0442bfffff,H3,2025,0,1.4
8844f0442bfffff,H3,2025,1,1.2
8844f0442bfffff,H3,2025,2,1.0
8844f0442bfffff,H3,2025,3,0.9
8844f0442bfffff,H3,2025,4,0.8
8844f0442bfffff,H3,2025,5,0.8
8844f0442bfffff,H3,2025,6,0.7
8844f0442bfffff,H3,2025,7,0.6
8844f0442bfffff,H3,2025,8,0.5
8844f0442bfffff,H3,2025,9,0.5
8844f0442bfffff,H3,2025,10,0.5
8844f0442bfffff,H3,2025,11,0.6
8844f0442bfffff,H3,2025,12,0.7
8844f0442bfffff,H3,2025,13,0.7
8844f0442bfffff,H3,2025,14,0.8
8844f0442bfffff,H3,2025,15,0.9
8844f0442bfffff,H3,2025,16,1.1
8844f0442bfffff,H3,2025,17,1.5
8844f0442bfffff,H3,2025,18,1.7
8844f0442bfffff,H3,2025,19,1.9
8844f0442bfffff,H3,2025,20,1.9
8844f0442bfffff,H3,2025,21,1.9
8844f0442bfffff,H3,2025,22,1.8
8844f0442bfffff,H3,2025,23,1.6
8844f04555fffff,H3,2025,0,2.3
8844f04555fffff,H3,2025,1,2.0
8844f04555fffff,H3,2025,2,1.8
8844f04555fffff,H3,2025,3,1.6
8844f04555fffff,H3,2025,4,1.5
8844f04555fffff,H3,2025,5,1.4
8844f04555fffff,H3,2025,6,1.1
8844f04555fffff,H3,2025,7,0.9
8844f04555fffff,H3,2025,8,0.8
8844f04555fffff,H3,2025,9,0.8
8844f04555fffff,H3,2025,10,0.8
8844f04555fffff,H3,2025,11,0.9
8844f04555fffff,H3,2025,12,1.0
8844f04555fffff,H3,2025,13,1.2
8844f04555fffff,H3,2025,14,1.4
8844f04555fffff,H3,2025,15,1.6
8844f04555fffff,H3,2025,16,1.9
8844f04555fffff,H3,2025,17,2.5
8844f04555fffff,H3,2025,18,3.0
8844f04555fffff,H3,2025,19,3.3
8844f04555fffff,H3,2025,20,3.4
8844f04555fffff,H3,2025,21,3.3
8844f04555fffff,H3,2025,22,3.1
8844f04555fffff,H3,2025,23,2.7
8844f04c5bfffff,H3,2025,0,11.2
8844f04c5bfffff,H3,2025,1,9.9
8844f04c5bfffff,H3,2025,2,8.5
8844f04c5bfffff,H3,2025,3,7.7
8844f04c5bfffff,H3,2025,4,6.9
8844f04c5bfffff,H3,2025,5,6.4
8844f04c5bfffff,H3,2025,6,5.7
8844f04c5bfffff,H3,2025,7,4.5
8844f04c5bfffff,H3,2025,8,3.9
8844f04c5bfffff,H3,2025,9,3.8
8844f04c5bfffff,H3,2025,10,4.1
8844f04c5bfffff,H3,2025,11,4.7
8844f04c5bfffff,H3,2025,12,5.3
8844f04c5bfffff,H3,2025,13,6.0
8844f04c5bfffff,H3,2025,14,6.7
8844f04c5bfffff,H3,2025,15,7.8
8844f04c5bfffff,H3,2025,16,9.8
8844f04c5bfffff,H3,2025,17,12.7
8844f04c5bfffff,H3,2025,18,14.9
8844f04c5bfffff,H3,2025,19,16.0
8844f04c5bfffff,H3,2025,20,16.6
8844f04c5bfffff,H3,2025,21,16.2
8844f04c5bfffff,H3,2025,22,15.0
8844f04c5bfffff,H3,2025,23,13.3
8844f04eadfffff,H3,2025,0,2.3
8844f04eadfffff,H3,2025,1,1.9
8844f04eadfffff,H3,2025,2,1.7
8844f04eadfffff,H3,2025,3,1.5
8844f04eadfffff,H3,2025,4,1.4
8844f04eadfffff,H3,2025,5,1.2
8844f04eadfffff,H3,2025,6,1.1
8844f04eadfffff,H3,2025,7,0.9
8844f04eadfffff,H3,2025,8,0.8
8844f04eadfffff,H3,2025,9,0.8
8844f04eadfffff,H3,2025,10,0.9
8844f04eadfffff,H3,2025,11,1.0
8844f04eadfffff,H3,2025,12,1.1
8844f04eadfffff,H3,2025,13,1.2
8844f04eadfffff,H3,2025,14,1.4
8844f04eadfffff,H3,2025,15,1.7
8844f04eadfffff,H3,2025,16,2.2
8844f04eadfffff,H3,2025,17,2.7
8844f04eadfffff,H3,2025,18,3.2
8844f04eadfffff,H3,2025,19,3.3
8844f04eadfffff,H3,2025,20,3.4
8844f04eadfffff,H3,2025,21,3.3
8844f04eadfffff,H3,2025,22,3.1
8844f04eadfffff,H3,2025,23,2.6
8844f054e3fffff,H3,2025,0,2.8
8844f054e3fffff,H3,2025,1,2.5
8844f054e3fffff,H3,2025,2,2.2
8844f054e3fffff,H3,2025,3,2.0
8844f054e3fffff,H3,2025,4,1.8
8844f054e3fffff,H3,2025,5,1.6
8844f054e3fffff,H3,2025,6,1.5
8844f054e3fffff,H3,2025,7,1.1
8844f054e3fffff,H3,2025,8,0.9
8844f054e3fffff,H3,2025,9,0.9
8844f054e3fffff,H3,2025,10,1.0
8844f054e3fffff,H3,2025,11,1.1
8844f054e3fffff,H3,2025,12,1.4
8844f054e3fffff,H3,2025,13,1.5
8844f054e3fffff,H3,2025,14,1.7
8844f054e3fffff,H3,2025,15,1.9
8844f054e3fffff,H3,2025,16,2.4
8844f054e3fffff,H3,2025,17,3.2
8844f054e3fffff,H3,2025,18,3.8
8844f054e3fffff,H3,2025,19,4.0
8844f054e3fffff,H3,2025,20,4.2
8844f054e3fffff,H3,2025,21,4.1
8844f054e3fffff,H3,2025,22,3.9
8844f054e3fffff,H3,2025,23,3.4
8844f06ce5fffff,H3,2025,0,9.2
8844f06ce5fffff,H3,2025,1,8.0
8844f06ce5fffff,H3,2025,2,6.9
8844f06ce5fffff,H3,2025,3,6.2
8844f06ce5fffff,H3,2025,4,5.6
8844f06ce5fffff,H3,2025,5,5.1
8844f06ce5fffff,H3,2025,6,4.7
8844f06ce5fffff,H3,2025,7,3.8
8844f06ce5fffff,H3,2025,8,3.3
8844f06ce5fffff,H3,2025,9,3.2
8844f06ce5fffff,H3,2025,10,3.4
8844f06ce5fffff,H3,2025,11,4.0
8844f06ce5fffff,H3,2025,12,4.5
8844f06ce5fffff,H3,2025,13,5.1
8844f06ce5fffff,H3,2025,14,5.7
8844f06ce5fffff,H3,2025,15,6.6
8844f06ce5fffff,H3,2025,16,8.2
8844f06ce5fffff,H3,2025,17,10.7
8844f06ce5fffff,H3,2025,18,12.4
8844f06ce5fffff,H3,2025,19,13.3
8844f06ce5fffff,H3,2025,20,13.8
8844f06ce5fffff,H3,2025,21,13.4
8844f06ce5fffff,H3,2025,22,12.3
8844f06ce5fffff,H3,2025,23,10.9
8844f06ce7fffff,H3,2025,0,3.4
8844f06ce7fffff,H3,2025,1,3.0
8844f06ce7fffff,H3,2025,2,2.5
8844f06ce7fffff,H3,2025,3,2.3
8844f06ce7fffff,H3,2025,4,2.0
8844f06ce7fffff,H3,2025,5,1.8
8844f06ce7fffff,H3,2025,6,1.7
8844f06ce7fffff,H3,2025,7,1.5
8844f06ce7fffff,H3,2025,8,1.4
8844f06ce7fffff,H3,2025,9,1.2
8844f06ce7fffff,H3,2025,10,1.4
8844f06ce7fffff,H3,2025,11,1.6
8844f06ce7fffff,H3,2025,12,1.8
8844f06ce7fffff,H3,2025,13,2.0
8844f06ce7fffff,H3,2025,14,2.3
8844f06ce7fffff,H3,2025,15,2.6
8844f06ce7fffff,H3,2025,16,3.3
8844f06ce7fffff,H3,2025,17,4.2
8844f06ce7fffff,H3,2025,18,4.9
8844f06ce7fffff,H3,2025,19,5.1
8844f06ce7fffff,H3,2025,20,5.2
8844f06ce7fffff,H3,2025,21,5.0
8844f06ce7fffff,H3,2025,22,4.7
8844f06ce7fffff,H3,2025,23,4.1
8844f07061fffff,H3,2025,0,5.6
8844f07061fffff,H3,2025,1,4.9
8844f07061fffff,H3,2025,2,4.3
8844f07061fffff,H3,2025,3,3.9
8844f07061fffff,H3,2025,4,3.4
8844f07061fffff,H3,2025,5,3.2
8844f07061fffff,H3,2025,6,2.8
8844f07061fffff,H3,2025,7,2.3
8844f07061fffff,H3,2025,8,1.8
8844f07061fffff,H3,2025,9,1.8
8844f07061fffff,H3,2025,10,1.9
8844f07061fffff,H3,2025,11,2.3
8844f07061fffff,H3,2025,12,2.6
8844f07061fffff,H3,2025,13,2.8
8844f07061fffff,H3,2025,14,3.2
8844f07061fffff,H3,2025,15,3.8
8844f07061fffff,H3,2025,16,4.8
8844f07061fffff,H3,2025,17,6.1
8844f07061fffff,H3,2025,18,7.3
8844f07061fffff,H3,2025,19,7.7
8844f07061fffff,H3,2025,20,8.1
8844f07061fffff,H3,2025,21,8.0
8844f07061fffff,H3,2025,22,7.4
8844f07061fffff,H3,2025,23,6.6
8844f0713dfffff,H3,2025,0,5.7
8844f0713dfffff,H3,2025,1,5.0
8844f0713dfffff,H3,2025,2,4.3
8844f0713dfffff,H3,2025,3,3.9
8844f0713dfffff,H3,2025,4,3.5
8844f0713dfffff,H3,2025,5,3.2
8844f0713dfffff,H3,2025,6,2.8
8844f0713dfffff,H3,2025,7,2.3
8844f0713dfffff,H3,2025,8,1.9
8844f0713dfffff,H3,2025,9,1.8
8844f0713dfffff,H3,2025,10,2.0
8844f0713dfffff,H3,2025,11,2.3
8844f0713dfffff,H3,2025,12,2.6
8844f0713dfffff,H3,2025,13,3.0
8844f0713dfffff,H3,2025,14,3.3
8844f0713dfffff,H3,2025,15,3.9
8844f0713dfffff,H3,2025,16,4.9
8844f0713dfffff,H3,2025,17,6.4
8844f0713dfffff,H3,2025,18,7.4
8844f0713dfffff,H3,2025,19,8.0
8844f0713dfffff,H3,2025,20,8.3
8844f0713dfffff,H3,2025,21,8.1
8844f0713dfffff,H3,2025,22,7.5
8844f0713dfffff,H3,2025,23,6.7
8844f318c1fffff,H3,2025,0,1.8
8844f318c1fffff,H3,2025,1,1.6
8844f318c1fffff,H3,2025,2,1.4
8844f318c1fffff,H3,2025,3,1.2
8844f318c1fffff,H3,2025,4,1.1
8844f318c1fffff,H3,2025,5,1.0
8844f318c1fffff,H3,2025,6,0.9
8844f318c1fffff,H3,2025,7,0.8
8844f318c1fffff,H3,2025,8,0.7
8844f318c1fffff,H3,2025,9,0.6
8844f318c1fffff,H3,2025,10,0.7
8844f318c1fffff,H3,2025,11,0.8
8844f318c1fffff,H3,2025,12,0.9
8844f318c1fffff,H3,2025,13,0.9
8844f318c1fffff,H3,2025,14,1.0
8844f318c1fffff,H3,2025,15,1.2
8844f318c1fffff,H3,2025,16,1.6
8844f318c1fffff,H3,2025,17,2.0
8844f318c1fffff,H3,2025,18,2.4
8844f318c1fffff,H3,2025,19,2.5
8844f318c1fffff,H3,2025,20,2.6
8844f318c1fffff,H3,2025,21,2.6
8844f318c1fffff,H3,2025,22,2.4
8844f318c1fffff,H3,2025,23,2.2
8844f318cbfffff,H3,2025,0,18.5
8844f318cbfffff,H3,2025,1,16.2
8844f318cbfffff,H3,2025,2,14.1
8844f318cbfffff,H3,2025,3,12.7
8844f318cbfffff,H3,2025,4,11.5
8844f318cbfffff,H3,2025,5,10.5
8844f318cbfffff,H3,2025,6,9.3
8844f318cbfffff,H3,2025,7,7.5
8844f318cbfffff,H3,2025,8,6.4
8844f318cbfffff,H3,2025,9,6.1
8844f318cbfffff,H3,2025,10,6.6
8844f318cbfffff,H3,2025,11,7.6
8844f318cbfffff,H3,2025,12,8.8
8844f318cbfffff,H3,2025,13,9.8
8844f318cbfffff,H3,2025,14,10.9
8844f318cbfffff,H3,2025,15,12.8
8844f318cbfffff,H3,2025,16,15.9
8844f318cbfffff,H3,2025,17,20.8
8844f318cbfffff,H3,2025,18,24.3
8844f318cbfffff,H3,2025,19,26.1
8844f318cbfffff,H3,2025,20,27.2
8844f318cbfffff,H3,2025,21,26.6
8844f318cbfffff,H3,2025,22,24.7
8844f318cbfffff,H3,2025,23,21.9
8844f3adb5fffff,H3,2025,0,1.9
8844f3adb5fffff,H3,2025,1,1.6
8844f3adb5fffff,H3,2025,2,1.5
8844f3adb5fffff,H3,2025,3,1.2
8844f3adb5fffff,H3,2025,4,1.1
8844f3adb5fffff,H3,2025,5,1.0
8844f3adb5fffff,H3,2025,6,0.9
8844f3adb5fffff,H3,2025,7,0.8
8844f3adb5fffff,H3,2025,8,0.7
8844f3adb5fffff,H3,2025,9,0.7
8844f3adb5fffff,H3,2025,10,0.7
8844f3adb5fffff,H3,2025,11,0.8
8844f3adb5fffff,H3,2025,12,0.9
8844f3adb5fffff,H3,2025,13,1.0
8844f3adb5fffff,H3,2025,14,1.1
8844f3adb5fffff,H3,2025,15,1.4
8844f3adb5fffff,H3,2025,16,1.7
8844f3adb5fffff,H3,2025,17,2.2
8844f3adb5fffff,H3,2025,18,2.5
8844f3adb5fffff,H3,2025,19,2.7
8844f3adb5fffff,H3,2025,20,2.8
8844f3adb5fffff,H3,2025,21,2.7
8844f3adb5fffff,H3,2025,22,2.5
8844f3adb5fffff,H3,2025,23,2.3
8844f420e7fffff,H3,2025,0,1.7
8844f420e7fffff,H3,2025,1,1.5
8844f420e7fffff,H3,2025,2,1.2
8844f420e7fffff,H3,2025,3,1.1
8844f420e7fffff,H3,2025,4,1.0
8844f420e7fffff,H3,2025,5,0.9
8844f420e7fffff,H3,2025,6,0.8
8844f420e7fffff,H3,2025,7,0.7
8844f420e7fffff,H3,2025,8,0.6
8844f420e7fffff,H3,2025,9,0.6
8844f420e7fffff,H3,2025,10,0.6
8844f420e7fffff,H3,2025,11,0.7
8844f420e7fffff,H3,2025,12,0.8
8844f420e7fffff,H3,2025,13,0.9
8844f420e7fffff,H3,2025,14,0.9
8844f420e7fffff,H3,2025,15,1.1
8844f420e7fffff,H3,2025,16,1.4
8844f420e7fffff,H3,2025,17,1.8
8844f420e7fffff,H3,2025,18,2.2
8844f420e7fffff,H3,2025,19,2.4
8844f420e7fffff,H3,2025,20,2.4
8844f420e7fffff,H3,2025,21,2.4
8844f420e7fffff,H3,2025,22,2.3
8844f420e7fffff,H3,2025,23,2.0
8844f4218bfffff,H3,2025,0,12.7
8844f4218bfffff,H3,2025,1,11.1
8844f4218bfffff,H3,2025,2,9.8
8844f4218bfffff,H3,2025,3,8.8
8844f4218bfffff,H3,2025,4,8.0
8844f4218bfffff,H3,2025,5,7.2
8844f4218bfffff,H3,2025,6,6.4
8844f4218bfffff,H3,2025,7,5.1
8844f4218bfffff,H3,2025,8,4.2
8844f4218bfffff,H3,2025,9,4.1
8844f4218bfffff,H3,2025,10,4.4
8844f4218bfffff,H3,2025,11,5.1
8844f4218bfffff,H3,2025,12,5.8
8844f4218bfffff,H3,2025,13,6.5
8844f4218bfffff,H3,2025,14,7.3
8844f4218bfffff,H3,2025,15,8.5
8844f4218bfffff,H3,2025,16,10.7
8844f4218bfffff,H3,2025,17,14.0
8844f4218bfffff,H3,2025,18,16.5
8844f4218bfffff,H3,2025,19,17.7
8844f4218bfffff,H3,2025,20,18.4
8844f4218bfffff,H3,2025,21,18.1
8844f4218bfffff,H3,2025,22,16.8
8844f4218bfffff,H3,2025,23,15.0
8844f422a1fffff,H3,2025,0,3.5
8844f422a1fffff,H3,2025,1,3.1
8844f422a1fffff,H3,2025,2,2.7
8844f422a1fffff,H3,2025,3,2.4
8844f422a1fffff,H3,2025,4,2.2
8844f422a1fffff,H3,2025,5,2.0
8844f422a1fffff,H3,2025,6,1.8
8844f422a1fffff,H3,2025,7,1.5
8844f422a1fffff,H3,2025,8,1.2
8844f422a1fffff,H3,2025,9,1.1
8844f422a1fffff,H3,2025,10,1.2
8844f422a1fffff,H3,2025,11,1.5
8844f422a1fffff,H3,2025,12,1.7
8844f422a1fffff,H3,2025,13,1.8
8844f422a1fffff,H3,2025,14,2.0
8844f422a1fffff,H3,2025,15,2.5
8844f422a1fffff,H3,2025,16,3.1
8844f422a1fffff,H3,2025,17,4.0
8844f422a1fffff,H3,2025,18,4.7
8844f422a1fffff,H3,2025,19,5.0
8844f422a1fffff,H3,2025,20,5.2
8844f422a1fffff,H3,2025,21,5.1
8844f422a1fffff,H3,2025,22,4.8
8844f422a1fffff,H3,2025,23,4.2
8844f422a3fffff,H3,2025,0,5.7
8844f422a3fffff,H3,2025,1,4.9
8844f422a3fffff,H3,2025,2,4.2
8844f422a3fffff,H3,2025,3,3.8
8844f422a3fffff,H3,2025,4,3.4
8844f422a3fffff,H3,2025,5,3.2
8844f422a3fffff,H3,2025,6,2.8
8844f422a3fffff,H3,2025,7,2.4
8844f422a3fffff,H3,2025,8,2.0
8844f422a3fffff,H3,2025,9,1.9
8844f422a3fffff,H3,2025,10,2.2
8844f422a3fffff,H3,2025,11,2.4
8844f422a3fffff,H3,2025,12,2.8
8844f422a3fffff,H3,2025,13,3.2
8844f422a3fffff,H3,2025,14,3.5
8844f422a3fffff,H3,2025,15,4.2
8844f422a3fffff,H3,2025,16,5.2
8844f422a3fffff,H3,2025,17,6.7
8844f422a3fffff,H3,2025,18,8.0
8844f422a3fffff,H3,2025,19,8.6
8844f422a3fffff,H3,2025,20,8.9
8844f422a3fffff,H3,2025,21,8.5
8844f422a3fffff,H3,2025,22,7.8
8844f422a3fffff,H3,2025,23,6.8
8844f4254bfffff,H3,2025,0,1.2
8844f4254bfffff,H3,2025,1,1.1
8844f4254bfffff,H3,2025,2,1.0
8844f4254bfffff,H3,2025,3,0.9
8844f4254bfffff,H3,2025,4,0.8
8844f4254bfffff,H3,2025,5,0.7
8844f4254bfffff,H3,2025,6,0.7
8844f4254bfffff,H3,2025,7,0.6
8844f4254bfffff,H3,2025,8,0.5
8844f4254bfffff,H3,2025,9,0.5
8844f4254bfffff,H3,2025,10,0.5
8844f4254bfffff,H3,2025,11,0.6
8844f4254bfffff,H3,2025,12,0.6
8844f4254bfffff,H3,2025,13,0.7
8844f4254bfffff,H3,2025,14,0.8
8844f4254bfffff,H3,2025,15,0.9
8844f4254bfffff,H3,2025,16,1.0
8844f4254bfffff,H3,2025,17,1.4
8844f4254bfffff,H3,2025,18,1.7
8844f4254bfffff,H3,2025,19,1.8
8844f4254bfffff,H3,2025,20,1.8
8844f4254bfffff,H3,2025,21,1.8
8844f4254bfffff,H3,2025,22,1.7
8844f4254bfffff,H3,2025,23,1.5
8844f4549bfffff,H3,2025,0,1.9
8844f4549bfffff,H3,2025,1,1.7
8844f4549bfffff,H3,2025,2,1.5
8844f4549bfffff,H3,2025,3,1.2
8844f4549bfffff,H3,2025,4,1.1
8844f4549bfffff,H3,2025,5,1.0
8844f4549bfffff,H3,2025,6,0.9
8844f4549bfffff,H3,2025,7,0.8
8844f4549bfffff,H3,2025,8,0.7
8844f4549bfffff,H3,2025,9,0.6
8844f4549bfffff,H3,2025,10,0.7
8844f4549bfffff,H3,2025,11,0.8
8844f4549bfffff,H3,2025,12,0.9
8844f4549bfffff,H3,2025,13,1.0
8844f4549bfffff,H3,2025,14,1.1
8844f4549bfffff,H3,2025,15,1.2
8844f4549bfffff,H3,2025,16,1.6
8844f4549bfffff,H3,2025,17,2.0
8844f4549bfffff,H3,2025,18,2.5
8844f4549bfffff,H3,2025,19,2.6
8844f4549bfffff,H3,2025,20,2.7
8844f4549bfffff,H3,2025,21,2.7
8844f4549bfffff,H3,2025,22,2.5
8844f4549bfffff,H3,2025,23,2.3
8844f4d297fffff,H3,2025,0,6.2
8844f4d297fffff,H3,2025,1,5.6
8844f4d297fffff,H3,2025,2,4.8
8844f4d297fffff,H3,2025,3,4.3
8844f4d297fffff,H3,2025,4,3.9
8844f4d297fffff,H3,2025,5,3.5
8844f4d297fffff,H3,2025,6,3.2
8844f4d297fffff,H3,2025,7,2.5
8844f4d297fffff,H3,2025,8,2.2
8844f4d297fffff,H3,2025,9,2.0
8844f4d297fffff,H3,2025,10,2.3
8844f4d297fffff,H3,2025,11,2.6
8844f4d297fffff,H3,2025,12,3.0
8844f4d297fffff,H3,2025,13,3.3
8844f4d297fffff,H3,2025,14,3.8
8844f4d297fffff,H3,2025,15,4.3
8844f4d297fffff,H3,2025,16,5.5
8844f4d297fffff,H3,2025,17,7.0
8844f4d297fffff,H3,2025,18,8.3
8844f4d297fffff,H3,2025,19,8.9
8844f4d297fffff,H3,2025,20,9.2
8844f4d297fffff,H3,2025,21,9.1
8844f4d297fffff,H3,2025,22,8.4
8844f4d297fffff,H3,2025,23,7.4
8844f62713fffff,H3,2025,0,1.2
8844f62713fffff,H3,2025,1,1.1
8844f62713fffff,H3,2025,2,1.0
8844f62713fffff,H3,2025,3,0.9
8844f62713fffff,H3,2025,4,0.8
8844f62713fffff,H3,2025,5,0.7
8844f62713fffff,H3,2025,6,0.7
8844f62713fffff,H3,2025,7,0.6
8844f62713fffff,H3,2025,8,0.5
8844f62713fffff,H3,2025,9,0.5
8844f62713fffff,H3,2025,10,0.5
8844f62713fffff,H3,2025,11,0.6
8844f62713fffff,H3,2025,12,0.6
8844f62713fffff,H3,2025,13,0.7
8844f62713fffff,H3,2025,14,0.8
8844f62713fffff,H3,2025,15,0.9
8844f62713fffff,H3,2025,16,1.0
8844f62713fffff,H3,2025,17,1.4
8844f62713fffff,H3,2025,18,1.7
8844f62713fffff,H3,2025,19,1.8
8844f62713fffff,H3,2025,20,1.8
8844f62713fffff,H3,2025,21,1.8
8844f62713fffff,H3,2025,22,1.7
8844f62713fffff,H3,2025,23,1.5
8844f63531fffff,H3,2025,0,4.2
8844f63531fffff,H3,2025,1,3.6
8844f63531fffff,H3,2025,2,3.1
8844f63531fffff,H3,2025,3,2.7
8844f63531fffff,H3,2025,4,2.5
8844f63531fffff,H3,2025,5,2.3
8844f63531fffff,H3,2025,6,2.2
8844f63531fffff,H3,2025,7,1.9
8844f63531fffff,H3,2025,8,1.8
8844f63531fffff,H3,2025,9,1.7
8844f63531fffff,H3,2025,10,1.9
8844f63531fffff,H3,2025,11,2.2
8844f63531fffff,H3,2025,12,2.5
8844f63531fffff,H3,2025,13,2.8
8844f63531fffff,H3,2025,14,3.1
8844f63531fffff,H3,2025,15,3.6
8844f63531fffff,H3,2025,16,4.4
8844f63531fffff,H3,2025,17,5.7
8844f63531fffff,H3,2025,18,6.4
8844f63531fffff,H3,2025,19,6.7
8844f63531fffff,H3,2025,20,6.8
8844f63531fffff,H3,2025,21,6.5
8844f63531fffff,H3,2025,22,5.9
8844f63531fffff,H3,2025,23,5.1
88464828d9fffff,H3,2025,0,2.8
88464828d9fffff,H3,2025,1,2.4
88464828d9fffff,H3,2025,2,2.2
88464828d9fffff,H3,2025,3,1.9
88464828d9fffff,H3,2025,4,1.7
88464828d9fffff,H3,2025,5,1.6
88464828d9fffff,H3,2025,6,1.5
88464828d9fffff,H3,2025,7,1.2
88464828d9fffff,H3,2025,8,1.0
88464828d9fffff,H3,2025,9,1.0
88464828d9fffff,H3,2025,10,1.1
88464828d9fffff,H3,2025,11,1.2
88464828d9fffff,H3,2025,12,1.5
88464828d9fffff,H3,2025,13,1.6
88464828d9fffff,H3,2025,14,1.8
88464828d9fffff,H3,2025,15,2.2
88464828d9fffff,H3,2025,16,2.7
88464828d9fffff,H3,2025,17,3.4
88464828d9fffff,H3,2025,18,4.0
88464828d9fffff,H3,2025,19,4.2
88464828d9fffff,H3,2025,20,4.3
88464828d9fffff,H3,2025,21,4.1
88464828d9fffff,H3,2025,22,3.9
88464828d9fffff,H3,2025,23,3.3
8846482ab5fffff,H3,2025,0,14.1
8846482ab5fffff,H3,2025,1,12.3
8846482ab5fffff,H3,2025,2,10.7
8846482ab5fffff,H3,2025,3,9.5
8846482ab5fffff,H3,2025,4,8.6
8846482ab5fffff,H3,2025,5,8.0
8846482ab5fffff,H3,2025,6,7.2
8846482ab5fffff,H3,2025,7,5.9
8846482ab5fffff,H3,2025,8,5.0
8846482ab5fffff,H3,2025,9,4.9
8846482ab5fffff,H3,2025,10,5.2
8846482ab5fffff,H3,2025,11,6.0
8846482ab5fffff,H3,2025,12,7.0
8846482ab5fffff,H3,2025,13,7.8
8846482ab5fffff,H3,2025,14,8.6
8846482ab5fffff,H3,2025,15,10.2
8846482ab5fffff,H3,2025,16,12.7
8846482ab5fffff,H3,2025,17,16.5
8846482ab5fffff,H3,2025,18,19.2
8846482ab5fffff,H3,2025,19,20.5
8846482ab5fffff,H3,2025,20,21.1
8846482ab5fffff,H3,2025,21,20.5
8846482ab5fffff,H3,2025,22,19.0
8846482ab5fffff,H3,2025,23,16.7
884649592bfffff,H3,2025,0,6.1
884649592bfffff,H3,2025,1,5.3
884649592bfffff,H3,2025,2,4.7
884649592bfffff,H3,2025,3,4.2
884649592bfffff,H3,2025,4,3.8
884649592bfffff,H3,2025,5,3.4
884649592bfffff,H3,2025,6,3.1
884649592bfffff,H3,2025,7,2.5
884649592bfffff,H3,2025,8,2.0
884649592bfffff,H3,2025,9,2.0
884649592bfffff,H3,2025,10,2.2
884649592bfffff,H3,2025,11,2.5
884649592bfffff,H3,2025,12,2.8
884649592bfffff,H3,2025,13,3.2
884649592bfffff,H3,2025,14,3.5
884649592bfffff,H3,2025,15,4.2
884649592bfffff,H3,2025,16,5.2
884649592bfffff,H3,2025,17,6.8
884649592bfffff,H3,2025,18,8.0
884649592bfffff,H3,2025,19,8.5
884649592bfffff,H3,2025,20,9.0
884649592bfffff,H3,2025,21,8.8
884649592bfffff,H3,2025,22,8.1
884649592bfffff,H3,2025,23,7.2
8846495a39fffff,H3,2025,0,8.0
8846495a39fffff,H3,2025,1,6.9
8846495a39fffff,H3,2025,2,5.9
8846495a39fffff,H3,2025,3,5.3
8846495a39fffff,H3,2025,4,4.8
8846495a39fffff,H3,2025,5,4.4
8846495a39fffff,H3,2025,6,4.1
8846495a39fffff,H3,2025,7,3.4
8846495a39fffff,H3,2025,8,3.1
8846495a39fffff,H3,2025,9,3.0
8846495a39fffff,H3,2025,10,3.2
8846495a39fffff,H3,2025,11,3.6
8846495a39fffff,H3,2025,12,4.2
8846495a39fffff,H3,2025,13,4.8
8846495a39fffff,H3,2025,14,5.2
8846495a39fffff,H3,2025,15,6.1
8846495a39fffff,H3,2025,16,7.6
8846495a39fffff,H3,2025,17,9.8
8846495a39fffff,H3,2025,18,11.2
8846495a39fffff,H3,2025,19,11.9
8846495a39fffff,H3,2025,20,12.2
8846495a39fffff,H3,2025,21,11.8
8846495a39fffff,H3,2025,22,10.8
8846495a39fffff,H3,2025,23,9.4
88464b9041fffff,H3,2025,0,2.4
88464b9041fffff,H3,2025,1,2.0
88464b9041fffff,H3,2025,2,1.8
88464b9041fffff,H3,2025,3,1.6
88464b9041fffff,H3,2025,4,1.5
88464b9041fffff,H3,2025,5,1.4
88464b9041fffff,H3,2025,6,1.1
88464b9041fffff,H3,2025,7,0.9
88464b9041fffff,H3,2025,8,0.8
88464b9041fffff,H3,2025,9,0.8
88464b9041fffff,H3,2025,10,0.8
88464b9041fffff,H3,2025,11,0.9
88464b9041fffff,H3,2025,12,1.1
88464b9041fffff,H3,2025,13,1.2
88464b9041fffff,H3,2025,14,1.4
88464b9041fffff,H3,2025,15,1.6
88464b9041fffff,H3,2025,16,2.0
88464b9041fffff,H3,2025,17,2.6
88464b9041fffff,H3,2025,18,3.1
88464b9041fffff,H3,2025,19,3.3
88464b9041fffff,H3,2025,20,3.4
88464b9041fffff,H3,2025,21,3.3
88464b9041fffff,H3,2025,22,3.1
88464b9041fffff,H3,2025,23,2.7
88464b9621fffff,H3,2025,0,3.1
88464b9621fffff,H3,2025,0,0.1
88464b9621fffff,H3,2025,1,2.7
88464b9621fffff,H3,2025,1,0.1
88464b9621fffff,H3,2025,2,2.4
88464b9621fffff,H3,2025,2,0.0
88464b9621fffff,H3,2025,3,2.2
88464b9621fffff,H3,2025,3,0.0
88464b9621fffff,H3,2025,4,1.9
88464b9621fffff,H3,2025,4,0.0
88464b9621fffff,H3,2025,5,1.7
88464b9621fffff,H3,2025,5,0.0
88464b9621fffff,H3,2025,6,1.6
88464b9621fffff,H3,2025,6,0.0
88464b9621fffff,H3,2025,7,1.2
88464b9621fffff,H3,2025,7,0.0
88464b9621fffff,H3,2025,8,1.0
88464b9621fffff,H3,2025,8,0.0
88464b9621fffff,H3,2025,9,1.0
88464b9621fffff,H3,2025,9,0.0
88464b9621fffff,H3,2025,10,1.0
88464b9621fffff,H3,2025,10,0.0
88464b9621fffff,H3,2025,11,1.2
88464b9621fffff,H3,2025,11,0.0
88464b9621fffff,H3,2025,12,1.4
88464b9621fffff,H3,2025,12,0.0
88464b9621fffff,H3,2025,13,1.6
88464b9621fffff,H3,2025,13,0.0
88464b9621fffff,H3,2025,14,1.8
88464b9621fffff,H3,2025,14,0.0
88464b9621fffff,H3,2025,15,2.0
88464b9621fffff,H3,2025,15,0.0
88464b9621fffff,H3,2025,16,2.6
88464b9621fffff,H3,2025,16,0.1
88464b9621fffff,H3,2025,17,3.4
88464b9621fffff,H3,2025,17,0.1
88464b9621fffff,H3,2025,18,4.0
88464b9621fffff,H3,2025,18,0.1
88464b9621fffff,H3,2025,19,4.3
88464b9621fffff,H3,2025,19,0.1
88464b9621fffff,H3,2025,20,4.4
88464b9621fffff,H3,2025,20,0.1
88464b9621fffff,H3,2025,21,4.4
88464b9621fffff,H3,2025,21,0.1
88464b9621fffff,H3,2025,22,4.1
88464b9621fffff,H3,2025,22,0.1
88464b9621fffff,H3,2025,23,3.6
88464b9621fffff,H3,2025,23,0.1
88464b9665fffff,H3,2025,0,37.5
88464b9665fffff,H3,2025,1,32.7
88464b9665fffff,H3,2025,2,28.3
88464b9665fffff,H3,2025,3,25.3
88464b9665fffff,H3,2025,4,23.0
88464b9665fffff,H3,2025,5,21.0
88464b9665fffff,H3,2025,6,19.2
88464b9665fffff,H3,2025,7,15.8
88464b9665fffff,H3,2025,8,13.6
88464b9665fffff,H3,2025,9,13.2
88464b9665fffff,H3,2025,10,14.3
88464b9665fffff,H3,2025,11,16.2
88464b9665fffff,H3,2025,12,19.0
88464b9665fffff,H3,2025,13,21.2
88464b9665fffff,H3,2025,14,23.4
88464b9665fffff,H3,2025,15,27.7
88464b9665fffff,H3,2025,16,34.5
88464b9665fffff,H3,2025,17,44.7
88464b9665fffff,H3,2025,18,51.7
88464b9665fffff,H3,2025,19,55.0
88464b9665fffff,H3,2025,20,56.7
88464b9665fffff,H3,2025,21,55.0
88464b9665fffff,H3,2025,22,50.7
88464b9665fffff,H3,2025,23,44.5
88464b9693fffff,H3,2025,0,1.2
88464b9693fffff,H3,2025,1,1.1
88464b9693fffff,H3,2025,2,0.9
88464b9693fffff,H3,2025,3,0.9
88464b9693fffff,H3,2025,4,0.8
88464b9693fffff,H3,2025,5,0.7
88464b9693fffff,H3,2025,6,0.7
88464b9693fffff,H3,2025,7,0.6
88464b9693fffff,H3,2025,8,0.5
88464b9693fffff,H3,2025,9,0.5
88464b9693fffff,H3,2025,10,0.5
88464b9693fffff,H3,2025,11,0.6
88464b9693fffff,H3,2025,12,0.6
88464b9693fffff,H3,2025,13,0.7
88464b9693fffff,H3,2025,14,0.8
88464b9693fffff,H3,2025,15,0.9
88464b9693fffff,H3,2025,16,1.1
88464b9693fffff,H3,2025,17,1.5
88464b9693fffff,H3,2025,18,1.7
88464b9693fffff,H3,2025,19,1.8
88464b9693fffff,H3,2025,20,1.8
88464b9693fffff,H3,2025,21,1.8
88464b9693fffff,H3,2025,22,1.7
88464b9693fffff,H3,2025,23,1.5
88464b96abfffff,H3,2025,0,1.2
88464b96abfffff,H3,2025,0,3.1
88464b96abfffff,H3,2025,0,6.0
88464b96abfffff,H3,2025,1,1.0
88464b96abfffff,H3,2025,1,2.7
88464b96abfffff,H3,2025,1,5.2
88464b96abfffff,H3,2025,2,0.9
88464b96abfffff,H3,2025,2,2.4
88464b96abfffff,H3,2025,2,4.5
88464b96abfffff,H3,2025,3,0.8
88464b96abfffff,H3,2025,3,2.2
88464b96abfffff,H3,2025,3,4.1
88464b96abfffff,H3,2025,4,0.8
88464b96abfffff,H3,2025,4,1.9
88464b96abfffff,H3,2025,4,3.8
88464b96abfffff,H3,2025,5,0.7
88464b96abfffff,H3,2025,5,1.7
88464b96abfffff,H3,2025,5,3.4
88464b96abfffff,H3,2025,6,0.7
88464b96abfffff,H3,2025,6,1.6
88464b96abfffff,H3,2025,6,3.0
88464b96abfffff,H3,2025,7,0.5
88464b96abfffff,H3,2025,7,1.2
88464b96abfffff,H3,2025,7,2.4
88464b96abfffff,H3,2025,8,0.5
88464b96abfffff,H3,2025,8,1.0
88464b96abfffff,H3,2025,8,2.0
88464b96abfffff,H3,2025,9,0.5
88464b96abfffff,H3,2025,9,1.0
88464b96abfffff,H3,2025,9,1.9
88464b96abfffff,H3,2025,10,0.5
88464b96abfffff,H3,2025,10,1.0
88464b96abfffff,H3,2025,10,2.2
88464b96abfffff,H3,2025,11,0.6
88464b96abfffff,H3,2025,11,1.2
88464b96abfffff,H3,2025,11,2.4
88464b96abfffff,H3,2025,12,0.6
88464b96abfffff,H3,2025,12,1.4
88464b96abfffff,H3,2025,12,2.8
88464b96abfffff,H3,2025,13,0.7
88464b96abfffff,H3,2025,13,1.6
88464b96abfffff,H3,2025,13,3.1
88464b96abfffff,H3,2025,14,0.8
88464b96abfffff,H3,2025,14,1.8
88464b96abfffff,H3,2025,14,3.4
88464b96abfffff,H3,2025,15,0.9
88464b96abfffff,H3,2025,15,2.0
88464b96abfffff,H3,2025,15,4.1
88464b96abfffff,H3,2025,16,1.0
88464b96abfffff,H3,2025,16,2.6
88464b96abfffff,H3,2025,16,5.1
88464b96abfffff,H3,2025,17,1.4
88464b96abfffff,H3,2025,17,3.4
88464b96abfffff,H3,2025,17,6.6
88464b96abfffff,H3,2025,18,1.6
88464b96abfffff,H3,2025,18,4.0
88464b96abfffff,H3,2025,18,7.8
88464b96abfffff,H3,2025,19,1.7
88464b96abfffff,H3,2025,19,4.3
88464b96abfffff,H3,2025,19,8.4
88464b96abfffff,H3,2025,20,1.8
88464b96abfffff,H3,2025,20,4.4
88464b96abfffff,H3,2025,20,8.8
88464b96abfffff,H3,2025,21,1.8
88464b96abfffff,H3,2025,21,4.4
88464b96abfffff,H3,2025,21,8.5
88464b96abfffff,H3,2025,22,1.6
88464b96abfffff,H3,2025,22,4.1
88464b96abfffff,H3,2025,22,8.0
88464b96abfffff,H3,2025,23,1.5
88464b96abfffff,H3,2025,23,3.6
88464b96abfffff,H3,2025,23,7.0
88464b96ebfffff,H3,2025,0,3.6
88464b96ebfffff,H3,2025,1,3.2
88464b96ebfffff,H3,2025,2,2.7
88464b96ebfffff,H3,2025,3,2.5
88464b96ebfffff,H3,2025,4,2.3
88464b96ebfffff,H3,2025,5,2.0
88464b96ebfffff,H3,2025,6,1.8
88464b96ebfffff,H3,2025,7,1.5
88464b96ebfffff,H3,2025,8,1.2
88464b96ebfffff,H3,2025,9,1.1
88464b96ebfffff,H3,2025,10,1.2
88464b96ebfffff,H3,2025,11,1.5
88464b96ebfffff,H3,2025,12,1.7
88464b96ebfffff,H3,2025,13,1.8
88464b96ebfffff,H3,2025,14,2.0
88464b96ebfffff,H3,2025,15,2.4
88464b96ebfffff,H3,2025,16,3.1
88464b96ebfffff,H3,2025,17,4.0
88464b96ebfffff,H3,2025,18,4.7
88464b96ebfffff,H3,2025,19,5.0
88464b96ebfffff,H3,2025,20,5.2
88464b96ebfffff,H3,2025,21,5.1
88464b96ebfffff,H3,2025,22,4.8
88464b96ebfffff,H3,2025,23,4.3
88464b9755fffff,H3,2025,0,1.4
88464b9755fffff,H3,2025,1,1.1
88464b9755fffff,H3,2025,2,1.0
88464b9755fffff,H3,2025,3,0.9
88464b9755fffff,H3,2025,4,0.8
88464b9755fffff,H3,2025,5,0.8
88464b9755fffff,H3,2025,6,0.7
88464b9755fffff,H3,2025,7,0.7
88464b9755fffff,H3,2025,8,0.6
88464b9755fffff,H3,2025,9,0.6
88464b9755fffff,H3,2025,10,0.6
88464b9755fffff,H3,2025,11,0.7
88464b9755fffff,H3,2025,12,0.8
88464b9755fffff,H3,2025,13,0.9
88464b9755fffff,H3,2025,14,0.9
88464b9755fffff,H3,2025,15,1.1
88464b9755fffff,H3,2025,16,1.5
88464b9755fffff,H3,2025,17,1.8
88464b9755fffff,H3,2025,18,2.0
88464b9755fffff,H3,2025,19,2.2
88464b9755fffff,H3,2025,20,2.2
88464b9755fffff,H3,2025,21,2.0
88464b9755fffff,H3,2025,22,1.9
88464b9755fffff,H3,2025,23,1.6
88464b9759fffff,H3,2025,0,5.2
88464b9759fffff,H3,2025,1,4.5
88464b9759fffff,H3,2025,2,4.0
88464b9759fffff,H3,2025,3,3.5
88464b9759fffff,H3,2025,4,3.2
88464b9759fffff,H3,2025,5,3.0
88464b9759fffff,H3,2025,6,2.7
88464b9759fffff,H3,2025,7,2.2
88464b9759fffff,H3,2025,8,1.9
88464b9759fffff,H3,2025,9,1.8
88464b9759fffff,H3,2025,10,2.0
88464b9759fffff,H3,2025,11,2.3
88464b9759fffff,H3,2025,12,2.6
88464b9759fffff,H3,2025,13,3.0
88464b9759fffff,H3,2025,14,3.3
88464b9759fffff,H3,2025,15,3.9
88464b9759fffff,H3,2025,16,4.9
88464b9759fffff,H3,2025,17,6.2
88464b9759fffff,H3,2025,18,7.3
88464b9759fffff,H3,2025,19,7.7
88464b9759fffff,H3,2025,20,8.0
88464b9759fffff,H3,2025,21,7.7
88464b9759fffff,H3,2025,22,7.0
88464b9759fffff,H3,2025,23,6.2
88464e3861fffff,H3,2025,0,3.3
88464e3861fffff,H3,2025,1,3.0
88464e3861fffff,H3,2025,2,2.5
88464e3861fffff,H3,2025,3,2.3
88464e3861fffff,H3,2025,4,2.0
88464e3861fffff,H3,2025,5,1.9
88464e3861fffff,H3,2025,6,1.7
88464e3861fffff,H3,2025,7,1.4
88464e3861fffff,H3,2025,8,1.1
88464e3861fffff,H3,2025,9,1.0
88464e3861fffff,H3,2025,10,1.1
88464e3861fffff,H3,2025,11,1.4
88464e3861fffff,H3,2025,12,1.6
88464e3861fffff,H3,2025,13,1.7
88464e3861fffff,H3,2025,14,1.9
88464e3861fffff,H3,2025,15,2.3
88464e3861fffff,H3,2025,16,2.8
88464e3861fffff,H3,2025,17,3.6
88464e3861fffff,H3,2025,18,4.3
88464e3861fffff,H3,2025,19,4.7
88464e3861fffff,H3,2025,20,4.9
88464e3861fffff,H3,2025,21,4.8
88464e3861fffff,H3,2025,22,4.4
88464e3861fffff,H3,2025,23,4.0
8848592a81fffff,H3,2025,0,7.8
8848592a81fffff,H3,2025,1,6.9
8848592a81fffff,H3,2025,2,6.0
8848592a81fffff,H3,2025,3,5.3
8848592a81fffff,H3,2025,4,4.9
8848592a81fffff,H3,2025,5,4.4
8848592a81fffff,H3,2025,6,4.0
8848592a81fffff,H3,2025,7,3.2
8848592a81fffff,H3,2025,8,2.7
8848592a81fffff,H3,2025,9,2.6
8848592a81fffff,H3,2025,10,2.8
8848592a81fffff,H3,2025,11,3.2
8848592a81fffff,H3,2025,12,3.8
8848592a81fffff,H3,2025,13,4.1
8848592a81fffff,H3,2025,14,4.5
8848592a81fffff,H3,2025,15,5.5
8848592a81fffff,H3,2025,16,6.8
8848592a81fffff,H3,2025,17,8.9
8848592a81fffff,H3,2025,18,10.3
8848592a81fffff,H3,2025,19,11.1
8848592a81fffff,H3,2025,20,11.6
8848592a81fffff,H3,2025,21,11.2
8848592a81fffff,H3,2025,22,10.5
8848592a81fffff,H3,2025,23,9.3
88485a271dfffff,H3,2025,0,19.4
88485a271dfffff,H3,2025,1,17.0
88485a271dfffff,H3,2025,2,14.9
88485a271dfffff,H3,2025,3,13.4
88485a271dfffff,H3,2025,4,12.0
88485a271dfffff,H3,2025,5,11.0
88485a271dfffff,H3,2025,6,9.8
88485a271dfffff,H3,2025,7,7.7
88485a271dfffff,H3,2025,8,6.5
88485a271dfffff,H3,2025,9,6.2
88485a271dfffff,H3,2025,10,6.8
88485a271dfffff,H3,2025,11,7.7
88485a271dfffff,H3,2025,12,9.0
88485a271dfffff,H3,2025,13,10.0
88485a271dfffff,H3,2025,14,11.1
88485a271dfffff,H3,2025,15,13.1
88485a271dfffff,H3,2025,16,16.4
88485a271dfffff,H3,2025,17,21.5
88485a271dfffff,H3,2025,18,25.1
88485a271dfffff,H3,2025,19,27.0
88485a271dfffff,H3,2025,20,28.2
88485a271dfffff,H3,2025,21,27.6
88485a271dfffff,H3,2025,22,25.7
88485a271dfffff,H3,2025,23,22.8
88485b8b25fffff,H3,2025,0,2.4
88485b8b25fffff,H3,2025,1,2.2
88485b8b25fffff,H3,2025,2,1.8
88485b8b25fffff,H3,2025,3,1.6
88485b8b25fffff,H3,2025,4,1.5
88485b8b25fffff,H3,2025,5,1.4
88485b8b25fffff,H3,2025,6,1.2
88485b8b25fffff,H3,2025,7,1.0
88485b8b25fffff,H3,2025,8,0.8
88485b8b25fffff,H3,2025,9,0.8
88485b8b25fffff,H3,2025,10,0.9
88485b8b25fffff,H3,2025,11,1.0
88485b8b25fffff,H3,2025,12,1.1
88485b8b25fffff,H3,2025,13,1.2
88485b8b25fffff,H3,2025,14,1.5
88485b8b25fffff,H3,2025,15,1.7
88485b8b25fffff,H3,2025,16,2.2
88485b8b25fffff,H3,2025,17,2.7
88485b8b25fffff,H3,2025,18,3.2
88485b8b25fffff,H3,2025,19,3.4
88485b8b25fffff,H3,2025,20,3.5
88485b8b25fffff,H3,2025,21,3.4
88485b8b25fffff,H3,2025,22,3.2
88485b8b25fffff,H3,2025,23,2.8
88485ba453fffff,H3,2025,0,92.8
88485ba453fffff,H3,2025,1,81.4
88485ba453fffff,H3,2025,2,70.9
88485ba453fffff,H3,2025,3,63.8
88485ba453fffff,H3,2025,4,57.7
88485ba453fffff,H3,2025,5,52.5
88485ba453fffff,H3,2025,6,46.6
88485ba453fffff,H3,2025,7,37.3
88485ba453fffff,H3,2025,8,31.4
88485ba453fffff,H3,2025,9,30.1
88485ba453fffff,H3,2025,10,32.6
88485ba453fffff,H3,2025,11,37.3
88485ba453fffff,H3,2025,12,43.2
88485ba453fffff,H3,2025,13,48.1
88485ba453fffff,H3,2025,14,53.8
88485ba453fffff,H3,2025,15,63.2
88485ba453fffff,H3,2025,16,78.8
88485ba453fffff,H3,2025,17,103.2
88485ba453fffff,H3,2025,18,120.9
88485ba453fffff,H3,2025,19,129.9
88485ba453fffff,H3,2025,20,135.3
88485ba453fffff,H3,2025,21,132.4
88485ba453fffff,H3,2025,22,123.0
88485ba453fffff,H3,2025,23,109.4
88485ba60dfffff,H3,2025,0,7.8
88485ba60dfffff,H3,2025,1,6.9
88485ba60dfffff,H3,2025,2,6.0
88485ba60dfffff,H3,2025,3,5.5
88485ba60dfffff,H3,2025,4,4.9
88485ba60dfffff,H3,2025,5,4.4
88485ba60dfffff,H3,2025,6,4.0
88485ba60dfffff,H3,2025,7,3.2
88485ba60dfffff,H3,2025,8,2.7
88485ba60dfffff,H3,2025,9,2.6
88485ba60dfffff,H3,2025,10,2.8
88485ba60dfffff,H3,2025,11,3.2
88485ba60dfffff,H3,2025,12,3.8
88485ba60dfffff,H3,2025,13,4.1
88485ba60dfffff,H3,2025,14,4.7
88485ba60dfffff,H3,2025,15,5.5
88485ba60dfffff,H3,2025,16,6.7
88485ba60dfffff,H3,2025,17,8.9
88485ba60dfffff,H3,2025,18,10.3
88485ba60dfffff,H3,2025,19,11.1
88485ba60dfffff,H3,2025,20,11.6
88485ba60dfffff,H3,2025,21,11.2
88485ba60dfffff,H3,2025,22,10.5
88485ba60dfffff,H3,2025,23,9.3
88485bb737fffff,H3,2025,0,49.3
88485bb737fffff,H3,2025,1,43.2
88485bb737fffff,H3,2025,2,37.6
88485bb737fffff,H3,2025,3,33.9
88485bb737fffff,H3,2025,4,30.7
88485bb737fffff,H3,2025,5,27.8
88485bb737fffff,H3,2025,6,24.8
88485bb737fffff,H3,2025,7,19.9
88485bb737fffff,H3,2025,8,16.7
88485bb737fffff,H3,2025,9,16.1
88485bb737fffff,H3,2025,10,17.4
88485bb737fffff,H3,2025,11,19.9
88485bb737fffff,H3,2025,12,23.1
88485bb737fffff,H3,2025,13,25.7
88485bb737fffff,H3,2025,14,28.6
88485bb737fffff,H3,2025,15,33.8
88485bb737fffff,H3,2025,16,42.0
88485bb737fffff,H3,2025,17,55.1
88485bb737fffff,H3,2025,18,64.5
88485bb737fffff,H3,2025,19,69.2
88485bb737fffff,H3,2025,20,72.0
88485bb737fffff,H3,2025,21,70.5
88485bb737fffff,H3,2025,22,65.5
88485bb737fffff,H3,2025,23,58.2
88485bce8bfffff,H3,2025,0,90.9
88485bce8bfffff,H3,2025,1,79.3
88485bce8bfffff,H3,2025,2,68.9
88485bce8bfffff,H3,2025,3,61.8
88485bce8bfffff,H3,2025,4,55.9
88485bce8bfffff,H3,2025,5,51.0
88485bce8bfffff,H3,2025,6,46.0
88485bce8bfffff,H3,2025,7,37.6
88485bce8bfffff,H3,2025,8,32.4
88485bce8bfffff,H3,2025,9,31.4
88485bce8bfffff,H3,2025,10,34.0
88485bce8bfffff,H3,2025,11,38.9
88485bce8bfffff,H3,2025,12,45.0
88485bce8bfffff,H3,2025,13,50.2
88485bce8bfffff,H3,2025,14,55.6
88485bce8bfffff,H3,2025,15,65.2
88485bce8bfffff,H3,2025,16,81.0
88485bce8bfffff,H3,2025,17,105.2
88485bce8bfffff,H3,2025,18,122.5
88485bce8bfffff,H3,2025,19,130.7
88485bce8bfffff,H3,2025,20,135.3
88485bce8bfffff,H3,2025,21,131.6
88485bce8bfffff,H3,2025,22,121.8
88485bce8bfffff,H3,2025,23,107.7
88485bce8dfffff,H3,2025,0,1.8
88485bce8dfffff,H3,2025,1,1.6
88485bce8dfffff,H3,2025,2,1.4
88485bce8dfffff,H3,2025,3,1.1
88485bce8dfffff,H3,2025,4,1.0
88485bce8dfffff,H3,2025,5,1.0
88485bce8dfffff,H3,2025,6,0.9
88485bce8dfffff,H3,2025,7,0.8
88485bce8dfffff,H3,2025,8,0.8
88485bce8dfffff,H3,2025,9,0.7
88485bce8dfffff,H3,2025,10,0.8
88485bce8dfffff,H3,2025,11,0.9
88485bce8dfffff,H3,2025,12,1.0
88485bce8dfffff,H3,2025,13,1.1
88485bce8dfffff,H3,2025,14,1.2
88485bce8dfffff,H3,2025,15,1.5
88485bce8dfffff,H3,2025,16,1.9
88485bce8dfffff,H3,2025,17,2.4
88485bce8dfffff,H3,2025,18,2.7
88485bce8dfffff,H3,2025,19,2.8
88485bce8dfffff,H3,2025,20,2.8
88485bce8dfffff,H3,2025,21,2.7
88485bce8dfffff,H3,2025,22,2.5
88485bce8dfffff,H3,2025,23,2.2
88485bce99fffff,H3,2025,0,5.9
88485bce99fffff,H3,2025,1,5.1
88485bce99fffff,H3,2025,2,4.4
88485bce99fffff,H3,2025,3,4.0
88485bce99fffff,H3,2025,4,3.6
88485bce99fffff,H3,2025,5,3.3
88485bce99fffff,H3,2025,6,3.0
88485bce99fffff,H3,2025,7,2.4
88485bce99fffff,H3,2025,8,2.0
88485bce99fffff,H3,2025,9,1.9
88485bce99fffff,H3,2025,10,2.2
88485bce99fffff,H3,2025,11,2.4
88485bce99fffff,H3,2025,12,2.8
88485bce99fffff,H3,2025,13,3.1
88485bce99fffff,H3,2025,14,3.4
88485bce99fffff,H3,2025,15,4.1
88485bce99fffff,H3,2025,16,5.0
88485bce99fffff,H3,2025,17,6.6
88485bce99fffff,H3,2025,18,7.7
88485bce99fffff,H3,2025,19,8.2
88485bce99fffff,H3,2025,20,8.5
88485bce99fffff,H3,2025,21,8.4
88485bce99fffff,H3,2025,22,7.7
88485bce99fffff,H3,2025,23,6.9
884880ca29fffff,H3,2025,0,145.9
884880ca29fffff,H3,2025,1,127.8
884880ca29fffff,H3,2025,2,111.5
884880ca29fffff,H3,2025,3,100.3
884880ca29fffff,H3,2025,4,90.8
884880ca29fffff,H3,2025,5,82.5
884880ca29fffff,H3,2025,6,73.3
884880ca29fffff,H3,2025,7,58.6
884880ca29fffff,H3,2025,8,49.4
884880ca29fffff,H3,2025,9,47.5
884880ca29fffff,H3,2025,10,51.4
884880ca29fffff,H3,2025,11,58.8
884880ca29fffff,H3,2025,12,68.1
884880ca29fffff,H3,2025,13,75.8
884880ca29fffff,H3,2025,14,84.7
884880ca29fffff,H3,2025,15,99.5
884880ca29fffff,H3,2025,16,124.1
884880ca29fffff,H3,2025,17,162.5
884880ca29fffff,H3,2025,18,190.5
884880ca29fffff,H3,2025,19,204.5
884880ca29fffff,H3,2025,20,213.1
884880ca29fffff,H3,2025,21,208.4
884880ca29fffff,H3,2025,22,193.5
884880ca29fffff,H3,2025,23,172.3
884880d8a5fffff,H3,2025,0,22.5
884880d8a5fffff,H3,2025,1,19.7
884880d8a5fffff,H3,2025,2,17.2
884880d8a5fffff,H3,2025,3,15.5
884880d8a5fffff,H3,2025,4,14.0
884880d8a5fffff,H3,2025,5,12.7
884880d8a5fffff,H3,2025,6,11.2
884880d8a5fffff,H3,2025,7,9.0
884880d8a5fffff,H3,2025,8,7.6
884880d8a5fffff,H3,2025,9,7.3
884880d8a5fffff,H3,2025,10,7.8
884880d8a5fffff,H3,2025,11,9.0
884880d8a5fffff,H3,2025,12,10.5
884880d8a5fffff,H3,2025,13,11.6
884880d8a5fffff,H3,2025,14,13.0
884880d8a5fffff,H3,2025,15,15.2
884880d8a5fffff,H3,2025,16,19.1
884880d8a5fffff,H3,2025,17,24.9
884880d8a5fffff,H3,2025,18,29.2
884880d8a5fffff,H3,2025,19,31.4
884880d8a5fffff,H3,2025,20,32.7
884880d8a5fffff,H3,2025,21,32.0
884880d8a5fffff,H3,2025,22,29.8
884880d8a5fffff,H3,2025,23,26.5
884880d8e9fffff,H3,2025,0,8.5
884880d8e9fffff,H3,2025,1,7.5
884880d8e9fffff,H3,2025,2,6.5
884880d8e9fffff,H3,2025,3,5.9
884880d8e9fffff,H3,2025,4,5.3
884880d8e9fffff,H3,2025,5,4.8
884880d8e9fffff,H3,2025,6,4.3
884880d8e9fffff,H3,2025,7,3.4
884880d8e9fffff,H3,2025,8,2.8
884880d8e9fffff,H3,2025,9,2.7
884880d8e9fffff,H3,2025,10,3.0
884880d8e9fffff,H3,2025,11,3.4
884880d8e9fffff,H3,2025,12,4.0
884880d8e9fffff,H3,2025,13,4.3
884880d8e9fffff,H3,2025,14,4.9
884880d8e9fffff,H3,2025,15,5.8
884880d8e9fffff,H3,2025,16,7.2
884880d8e9fffff,H3,2025,17,9.4
884880d8e9fffff,H3,2025,18,11.0
884880d8e9fffff,H3,2025,19,11.8
884880d8e9fffff,H3,2025,20,12.4
884880d8e9fffff,H3,2025,21,12.2
884880d8e9fffff,H3,2025,22,11.2
884880d8e9fffff,H3,2025,23,10.0
884880d989fffff,H3,2025,0,10.5
884880d989fffff,H3,2025,1,9.2
884880d989fffff,H3,2025,2,8.0
884880d989fffff,H3,2025,3,7.2
884880d989fffff,H3,2025,4,6.5
884880d989fffff,H3,2025,5,5.9
884880d989fffff,H3,2025,6,5.2
884880d989fffff,H3,2025,7,4.2
884880d989fffff,H3,2025,8,3.5
884880d989fffff,H3,2025,9,3.4
884880d989fffff,H3,2025,10,3.6
884880d989fffff,H3,2025,11,4.2
884880d989fffff,H3,2025,12,4.8
884880d989fffff,H3,2025,13,5.3
884880d989fffff,H3,2025,14,6.0
884880d989fffff,H3,2025,15,7.0
884880d989fffff,H3,2025,16,8.8
884880d989fffff,H3,2025,17,11.6
884880d989fffff,H3,2025,18,13.5
884880d989fffff,H3,2025,19,14.5
884880d989fffff,H3,2025,20,15.2
884880d989fffff,H3,2025,21,14.9
884880d989fffff,H3,2025,22,13.9
884880d989fffff,H3,2025,23,12.3
88488140e9fffff,H3,2025,0,31.1
88488140e9fffff,H3,2025,1,27.3
88488140e9fffff,H3,2025,2,23.8
88488140e9fffff,H3,2025,3,21.2
88488140e9fffff,H3,2025,4,19.2
88488140e9fffff,H3,2025,5,17.5
88488140e9fffff,H3,2025,6,15.8
88488140e9fffff,H3,2025,7,12.7
88488140e9fffff,H3,2025,8,10.8
88488140e9fffff,H3,2025,9,10.3
88488140e9fffff,H3,2025,10,11.2
88488140e9fffff,H3,2025,11,12.8
88488140e9fffff,H3,2025,12,14.9
88488140e9fffff,H3,2025,13,16.7
88488140e9fffff,H3,2025,14,18.5
88488140e9fffff,H3,2025,15,21.9
88488140e9fffff,H3,2025,16,27.4
88488140e9fffff,H3,2025,17,35.6
88488140e9fffff,H3,2025,18,41.5
88488140e9fffff,H3,2025,19,44.4
88488140e9fffff,H3,2025,20,46.0
88488140e9fffff,H3,2025,21,44.9
88488140e9fffff,H3,2025,22,41.6
88488140e9fffff,H3,2025,23,36.8
8848824187fffff,H3,2025,0,1.8
8848824187fffff,H3,2025,1,1.6
8848824187fffff,H3,2025,2,1.4
8848824187fffff,H3,2025,3,1.2
8848824187fffff,H3,2025,4,1.1
8848824187fffff,H3,2025,5,1.0
8848824187fffff,H3,2025,6,0.9
8848824187fffff,H3,2025,7,0.7
8848824187fffff,H3,2025,8,0.7
8848824187fffff,H3,2025,9,0.6
8848824187fffff,H3,2025,10,0.7
8848824187fffff,H3,2025,11,0.8
8848824187fffff,H3,2025,12,0.9
8848824187fffff,H3,2025,13,0.9
8848824187fffff,H3,2025,14,1.0
8848824187fffff,H3,2025,15,1.2
8848824187fffff,H3,2025,16,1.6
8848824187fffff,H3,2025,17,2.0
8848824187fffff,H3,2025,18,2.4
8848824187fffff,H3,2025,19,2.5
8848824187fffff,H3,2025,20,2.6
8848824187fffff,H3,2025,21,2.6
8848824187fffff,H3,2025,22,2.4
8848824187fffff,H3,2025,23,2.2
884882a0bdfffff,H3,2025,0,15.2
884882a0bdfffff,H3,2025,1,13.3
884882a0bdfffff,H3,2025,2,11.6
884882a0bdfffff,H3,2025,3,10.5
884882a0bdfffff,H3,2025,4,9.4
884882a0bdfffff,H3,2025,5,8.6
884882a0bdfffff,H3,2025,6,7.6
884882a0bdfffff,H3,2025,7,6.1
884882a0bdfffff,H3,2025,8,5.1
884882a0bdfffff,H3,2025,9,5.0
884882a0bdfffff,H3,2025,10,5.3
884882a0bdfffff,H3,2025,11,6.1
884882a0bdfffff,H3,2025,12,7.2
884882a0bdfffff,H3,2025,13,8.0
884882a0bdfffff,H3,2025,14,8.9
884882a0bdfffff,H3,2025,15,10.5
884882a0bdfffff,H3,2025,16,13.0
884882a0bdfffff,H3,2025,17,17.0
884882a0bdfffff,H3,2025,18,19.9
884882a0bdfffff,H3,2025,19,21.4
884882a0bdfffff,H3,2025,20,22.3
884882a0bdfffff,H3,2025,21,21.8
884882a0bdfffff,H3,2025,22,20.2
884882a0bdfffff,H3,2025,23,18.0
884882c289fffff,H3,2025,0,12.7
884882c289fffff,H3,2025,1,11.1
884882c289fffff,H3,2025,2,9.8
884882c289fffff,H3,2025,3,8.8
884882c289fffff,H3,2025,4,8.0
884882c289fffff,H3,2025,5,7.2
884882c289fffff,H3,2025,6,6.4
884882c289fffff,H3,2025,7,5.1
884882c289fffff,H3,2025,8,4.3
884882c289fffff,H3,2025,9,4.1
884882c289fffff,H3,2025,10,4.4
884882c289fffff,H3,2025,11,5.1
884882c289fffff,H3,2025,12,5.9
884882c289fffff,H3,2025,13,6.6
884882c289fffff,H3,2025,14,7.4
884882c289fffff,H3,2025,15,8.6
884882c289fffff,H3,2025,16,10.7
884882c289fffff,H3,2025,17,14.1
884882c289fffff,H3,2025,18,16.5
884882c289fffff,H3,2025,19,17.7
884882c289fffff,H3,2025,20,18.5
884882c289fffff,H3,2025,21,18.1
884882c289fffff,H3,2025,22,16.8
884882c289fffff,H3,2025,23,15.0
8848830e57fffff,H3,2025,0,16.5
8848830e57fffff,H3,2025,1,14.4
8848830e57fffff,H3,2025,2,12.6
8848830e57fffff,H3,2025,3,11.2
8848830e57fffff,H3,2025,4,10.2
8848830e57fffff,H3,2025,5,9.3
8848830e57fffff,H3,2025,6,8.3
8848830e57fffff,H3,2025,7,6.7
8848830e57fffff,H3,2025,8,5.7
8848830e57fffff,H3,2025,9,5.5
8848830e57fffff,H3,2025,10,5.9
8848830e57fffff,H3,2025,11,6.8
8848830e57fffff,H3,2025,12,7.8
8848830e57fffff,H3,2025,13,8.8
8848830e57fffff,H3,2025,14,9.8
8848830e57fffff,H3,2025,15,11.5
8848830e57fffff,H3,2025,16,14.4
8848830e57fffff,H3,2025,17,18.8
8848830e57fffff,H3,2025,18,21.9
8848830e57fffff,H3,2025,19,23.4
8848830e57fffff,H3,2025,20,24.3
8848830e57fffff,H3,2025,21,23.8
8848830e57fffff,H3,2025,22,22.0
8848830e57fffff,H3,2025,23,19.5
8848839a41fffff,H3,2025,0,26.4
8848839a41fffff,H3,2025,1,23.2
8848839a41fffff,H3,2025,2,20.1
8848839a41fffff,H3,2025,3,18.1
8848839a41fffff,H3,2025,4,16.4
8848839a41fffff,H3,2025,5,14.9
8848839a41fffff,H3,2025,6,13.3
8848839a41fffff,H3,2025,7,10.7
8848839a41fffff,H3,2025,8,9.0
8848839a41fffff,H3,2025,9,8.6
8848839a41fffff,H3,2025,10,9.3
8848839a41fffff,H3,2025,11,10.7
8848839a41fffff,H3,2025,12,12.4
8848839a41fffff,H3,2025,13,13.9
8848839a41fffff,H3,2025,14,15.5
8848839a41fffff,H3,2025,15,18.2
8848839a41fffff,H3,2025,16,22.7
8848839a41fffff,H3,2025,17,29.7
8848839a41fffff,H3,2025,18,34.7
8848839a41fffff,H3,2025,19,37.3
8848839a41fffff,H3,2025,20,38.8
8848839a41fffff,H3,2025,21,37.8
8848839a41fffff,H3,2025,22,35.1
8848839a41fffff,H3,2025,23,31.1
8848860823fffff,H3,2025,0,24.5
8848860823fffff,H3,2025,1,21.5
8848860823fffff,H3,2025,2,18.8
8848860823fffff,H3,2025,3,16.9
8848860823fffff,H3,2025,4,15.3
8848860823fffff,H3,2025,5,13.9
8848860823fffff,H3,2025,6,12.3
8848860823fffff,H3,2025,7,9.9
8848860823fffff,H3,2025,8,8.3
8848860823fffff,H3,2025,9,8.0
8848860823fffff,H3,2025,10,8.6
8848860823fffff,H3,2025,11,9.9
8848860823fffff,H3,2025,12,11.4
8848860823fffff,H3,2025,13,12.7
8848860823fffff,H3,2025,14,14.2
8848860823fffff,H3,2025,15,16.7
8848860823fffff,H3,2025,16,20.8
8848860823fffff,H3,2025,17,27.3
8848860823fffff,H3,2025,18,31.9
8848860823fffff,H3,2025,19,34.3
8848860823fffff,H3,2025,20,35.8
8848860823fffff,H3,2025,21,35.0
8848860823fffff,H3,2025,22,32.5
8848860823fffff,H3,2025,23,29.0
8848868637fffff,H3,2025,0,13.9
8848868637fffff,H3,2025,1,12.2
8848868637fffff,H3,2025,2,10.7
8848868637fffff,H3,2025,3,9.5
8848868637fffff,H3,2025,4,8.6
8848868637fffff,H3,2025,5,7.8
8848868637fffff,H3,2025,6,6.9
8848868637fffff,H3,2025,7,5.6
8848868637fffff,H3,2025,8,4.7
8848868637fffff,H3,2025,9,4.5
8848868637fffff,H3,2025,10,4.9
8848868637fffff,H3,2025,11,5.6
8848868637fffff,H3,2025,12,6.5
8848868637fffff,H3,2025,13,7.2
8848868637fffff,H3,2025,14,8.0
8848868637fffff,H3,2025,15,9.4
8848868637fffff,H3,2025,16,11.7
8848868637fffff,H3,2025,17,15.3
8848868637fffff,H3,2025,18,18.1
8848868637fffff,H3,2025,19,19.4
8848868637fffff,H3,2025,20,20.2
8848868637fffff,H3,2025,21,19.8
8848868637fffff,H3,2025,22,18.4
8848868637fffff,H3,2025,23,16.4
8848893667fffff,H3,2025,0,1.5
8848893667fffff,H3,2025,1,1.2
8848893667fffff,H3,2025,2,1.1
8848893667fffff,H3,2025,3,1.0
8848893667fffff,H3,2025,4,0.9
8848893667fffff,H3,2025,5,0.8
8848893667fffff,H3,2025,6,0.7
8848893667fffff,H3,2025,7,0.6
8848893667fffff,H3,2025,8,0.5
8848893667fffff,H3,2025,9,0.5
8848893667fffff,H3,2025,10,0.5
8848893667fffff,H3,2025,11,0.6
8848893667fffff,H3,2025,12,0.7
8848893667fffff,H3,2025,13,0.8
8848893667fffff,H3,2025,14,0.8
8848893667fffff,H3,2025,15,1.0
8848893667fffff,H3,2025,16,1.2
8848893667fffff,H3,2025,17,1.6
8848893667fffff,H3,2025,18,1.8
8848893667fffff,H3,2025,19,2.0
8848893667fffff,H3,2025,20,2.2
8848893667fffff,H3,2025,21,2.0
8848893667fffff,H3,2025,22,1.9
8848893667fffff,H3,2025,23,1.7
884889c623fffff,H3,2025,0,3.2
884889c623fffff,H3,2025,1,2.8
884889c623fffff,H3,2025,2,2.4
884889c623fffff,H3,2025,3,2.2
884889c623fffff,H3,2025,4,2.0
884889c623fffff,H3,2025,5,1.8
884889c623fffff,H3,2025,6,1.6
884889c623fffff,H3,2025,7,1.2
884889c623fffff,H3,2025,8,1.0
884889c623fffff,H3,2025,9,1.0
884889c623fffff,H3,2025,10,1.1
884889c623fffff,H3,2025,11,1.2
884889c623fffff,H3,2025,12,1.5
884889c623fffff,H3,2025,13,1.6
884889c623fffff,H3,2025,14,1.8
884889c623fffff,H3,2025,15,2.2
884889c623fffff,H3,2025,16,2.7
884889c623fffff,H3,2025,17,3.5
884889c623fffff,H3,2025,18,4.2
884889c623fffff,H3,2025,19,4.4
884889c623fffff,H3,2025,20,4.7
884889c623fffff,H3,2025,21,4.5
884889c623fffff,H3,2025,22,4.2
884889c623fffff,H3,2025,23,3.8
88488a61b5fffff,H3,2025,0,4.3
88488a61b5fffff,H3,2025,1,3.6
88488a61b5fffff,H3,2025,2,3.2
88488a61b5fffff,H3,2025,3,2.8
88488a61b5fffff,H3,2025,4,2.5
88488a61b5fffff,H3,2025,5,2.4
88488a61b5fffff,H3,2025,6,2.2
88488a61b5fffff,H3,2025,7,1.9
88488a61b5fffff,H3,2025,8,1.7
88488a61b5fffff,H3,2025,9,1.6
88488a61b5fffff,H3,2025,10,1.7
88488a61b5fffff,H3,2025,11,2.0
88488a61b5fffff,H3,2025,12,2.4
88488a61b5fffff,H3,2025,13,2.6
88488a61b5fffff,H3,2025,14,2.8
88488a61b5fffff,H3,2025,15,3.4
88488a61b5fffff,H3,2025,16,4.3
88488a61b5fffff,H3,2025,17,5.5
88488a61b5fffff,H3,2025,18,6.2
88488a61b5fffff,H3,2025,19,6.6
88488a61b5fffff,H3,2025,20,6.7
88488a61b5fffff,H3,2025,21,6.4
88488a61b5fffff,H3,2025,22,5.9
88488a61b5fffff,H3,2025,23,5.1
88488b6d3bfffff,H3,2025,0,1.8
88488b6d3bfffff,H3,2025,1,1.6
88488b6d3bfffff,H3,2025,2,1.4
88488b6d3bfffff,H3,2025,3,1.2
88488b6d3bfffff,H3,2025,4,1.1
88488b6d3bfffff,H3,2025,5,1.0
88488b6d3bfffff,H3,2025,6,0.9
88488b6d3bfffff,H3,2025,7,0.7
88488b6d3bfffff,H3,2025,8,0.6
88488b6d3bfffff,H3,2025,9,0.6
88488b6d3bfffff,H3,2025,10,0.7
88488b6d3bfffff,H3,2025,11,0.7
88488b6d3bfffff,H3,2025,12,0.8
88488b6d3bfffff,H3,2025,13,0.9
88488b6d3bfffff,H3,2025,14,1.0
88488b6d3bfffff,H3,2025,15,1.2
88488b6d3bfffff,H3,2025,16,1.5
88488b6d3bfffff,H3,2025,17,2.0
88488b6d3bfffff,H3,2025,18,2.3
88488b6d3bfffff,H3,2025,19,2.5
88488b6d3bfffff,H3,2025,20,2.6
88488b6d3bfffff,H3,2025,21,2.5
88488b6d3bfffff,H3,2025,22,2.4
88488b6d3bfffff,H3,2025,23,2.2
88488d34c3fffff,H3,2025,0,8.2
88488d34c3fffff,H3,2025,1,7.2
88488d34c3fffff,H3,2025,2,6.2
88488d34c3fffff,H3,2025,3,5.6
88488d34c3fffff,H3,2025,4,5.1
88488d34c3fffff,H3,2025,5,4.7
88488d34c3fffff,H3,2025,6,4.1
88488d34c3fffff,H3,2025,7,3.3
88488d34c3fffff,H3,2025,8,2.7
88488d34c3fffff,H3,2025,9,2.6
88488d34c3fffff,H3,2025,10,2.8
88488d34c3fffff,H3,2025,11,3.3
88488d34c3fffff,H3,2025,12,3.8
88488d34c3fffff,H3,2025,13,4.2
88488d34c3fffff,H3,2025,14,4.8
88488d34c3fffff,H3,2025,15,5.6
88488d34c3fffff,H3,2025,16,6.9
88488d34c3fffff,H3,2025,17,9.1
88488d34c3fffff,H3,2025,18,10.7
88488d34c3fffff,H3,2025,19,11.5
88488d34c3fffff,H3,2025,20,11.9
88488d34c3fffff,H3,2025,21,11.6
88488d34c3fffff,H3,2025,22,10.8
88488d34c3fffff,H3,2025,23,9.7
88488d4825fffff,H3,2025,0,6.0
88488d4825fffff,H3,2025,1,5.2
88488d4825fffff,H3,2025,2,4.5
88488d4825fffff,H3,2025,3,4.1
88488d4825fffff,H3,2025,4,3.8
88488d4825fffff,H3,2025,5,3.4
88488d4825fffff,H3,2025,6,3.1
88488d4825fffff,H3,2025,7,2.5
88488d4825fffff,H3,2025,8,2.2
88488d4825fffff,H3,2025,9,2.0
88488d4825fffff,H3,2025,10,2.3
88488d4825fffff,H3,2025,11,2.6
88488d4825fffff,H3,2025,12,3.0
88488d4825fffff,H3,2025,13,3.4
88488d4825fffff,H3,2025,14,3.8
88488d4825fffff,H3,2025,15,4.3
88488d4825fffff,H3,2025,16,5.5
88488d4825fffff,H3,2025,17,7.0
88488d4825fffff,H3,2025,18,8.2
88488d4825fffff,H3,2025,19,8.8
88488d4825fffff,H3,2025,20,9.0
88488d4825fffff,H3,2025,21,8.8
88488d4825fffff,H3,2025,22,8.1
88488d4825fffff,H3,2025,23,7.2
88488d490bfffff,H3,2025,0,3.1
88488d490bfffff,H3,2025,1,2.6
88488d490bfffff,H3,2025,2,2.3
88488d490bfffff,H3,2025,3,2.0
88488d490bfffff,H3,2025,4,1.9
88488d490bfffff,H3,2025,5,1.7
88488d490bfffff,H3,2025,6,1.5
88488d490bfffff,H3,2025,7,1.2
88488d490bfffff,H3,2025,8,1.0
88488d490bfffff,H3,2025,9,1.0
88488d490bfffff,H3,2025,10,1.0
88488d490bfffff,H3,2025,11,1.2
88488d490bfffff,H3,2025,12,1.4
88488d490bfffff,H3,2025,13,1.6
88488d490bfffff,H3,2025,14,1.7
88488d490bfffff,H3,2025,15,2.0
88488d490bfffff,H3,2025,16,2.6
88488d490bfffff,H3,2025,17,3.4
88488d490bfffff,H3,2025,18,4.0
88488d490bfffff,H3,2025,19,4.2
88488d490bfffff,H3,2025,20,4.4
88488d490bfffff,H3,2025,21,4.3
88488d490bfffff,H3,2025,22,4.0
88488d490bfffff,H3,2025,23,3.5
88488e99d1fffff,H3,2025,0,75.3
88488e99d1fffff,H3,2025,1,65.9
88488e99d1fffff,H3,2025,2,57.4
88488e99d1fffff,H3,2025,3,51.6
88488e99d1fffff,H3,2025,4,46.7
88488e99d1fffff,H3,2025,5,42.5
88488e99d1fffff,H3,2025,6,38.0
88488e99d1fffff,H3,2025,7,30.7
88488e99d1fffff,H3,2025,8,26.1
88488e99d1fffff,H3,2025,9,25.5
88488e99d1fffff,H3,2025,10,27.5
88488e99d1fffff,H3,2025,11,31.4
88488e99d1fffff,H3,2025,12,36.2
88488e99d1fffff,H3,2025,13,40.5
88488e99d1fffff,H3,2025,14,44.9
88488e99d1fffff,H3,2025,15,52.6
88488e99d1fffff,H3,2025,16,65.3
88488e99d1fffff,H3,2025,17,85.2
88488e99d1fffff,H3,2025,18,99.7
88488e99d1fffff,H3,2025,19,106.7
88488e99d1fffff,H3,2025,20,110.9
88488e99d1fffff,H3,2025,21,108.3
88488e99d1fffff,H3,2025,22,100.3
88488e99d1fffff,H3,2025,23,89.2
88488eb807fffff,H3,2025,0,7.4
88488eb807fffff,H3,2025,1,6.5
88488eb807fffff,H3,2025,2,5.7
88488eb807fffff,H3,2025,3,5.1
88488eb807fffff,H3,2025,4,4.5
88488eb807fffff,H3,2025,5,4.2
88488eb807fffff,H3,2025,6,3.8
88488eb807fffff,H3,2025,7,3.0
88488eb807fffff,H3,2025,8,2.5
88488eb807fffff,H3,2025,9,2.4
88488eb807fffff,H3,2025,10,2.6
88488eb807fffff,H3,2025,11,3.0
88488eb807fffff,H3,2025,12,3.5
88488eb807fffff,H3,2025,13,3.9
88488eb807fffff,H3,2025,14,4.3
88488eb807fffff,H3,2025,15,5.1
88488eb807fffff,H3,2025,16,6.4
88488eb807fffff,H3,2025,17,8.3
88488eb807fffff,H3,2025,18,9.8
88488eb807fffff,H3,2025,19,10.5
88488eb807fffff,H3,2025,20,10.9
88488eb807fffff,H3,2025,21,10.6
88488eb807fffff,H3,2025,22,9.9
88488eb807fffff,H3,2025,23,8.8
88488ed6c7fffff,H3,2025,0,2.7
88488ed6c7fffff,H3,2025,1,2.4
88488ed6c7fffff,H3,2025,2,2.2
88488ed6c7fffff,H3,2025,3,1.9
88488ed6c7fffff,H3,2025,4,1.7
88488ed6c7fffff,H3,2025,5,1.6
88488ed6c7fffff,H3,2025,6,1.4
88488ed6c7fffff,H3,2025,7,1.1
88488ed6c7fffff,H3,2025,8,0.9
88488ed6c7fffff,H3,2025,9,0.9
88488ed6c7fffff,H3,2025,10,1.0
88488ed6c7fffff,H3,2025,11,1.1
88488ed6c7fffff,H3,2025,12,1.2
88488ed6c7fffff,H3,2025,13,1.5
88488ed6c7fffff,H3,2025,14,1.6
88488ed6c7fffff,H3,2025,15,1.9
88488ed6c7fffff,H3,2025,16,2.4
88488ed6c7fffff,H3,2025,17,3.1
88488ed6c7fffff,H3,2025,18,3.6
88488ed6c7fffff,H3,2025,19,3.9
88488ed6c7fffff,H3,2025,20,4.1
88488ed6c7fffff,H3,2025,21,4.0
88488ed6c7fffff,H3,2025,22,3.6
88488ed6c7fffff,H3,2025,23,3.3
88488eda31fffff,H3,2025,0,13.4
88488eda31fffff,H3,2025,1,11.7
88488eda31fffff,H3,2025,2,10.2
88488eda31fffff,H3,2025,3,9.1
88488eda31fffff,H3,2025,4,8.3
88488eda31fffff,H3,2025,5,7.5
88488eda31fffff,H3,2025,6,6.8
88488eda31fffff,H3,2025,7,5.6
88488eda31fffff,H3,2025,8,4.7
88488eda31fffff,H3,2025,9,4.5
88488eda31fffff,H3,2025,10,4.9
88488eda31fffff,H3,2025,11,5.6
88488eda31fffff,H3,2025,12,6.5
88488eda31fffff,H3,2025,13,7.3
88488eda31fffff,H3,2025,14,8.1
88488eda31fffff,H3,2025,15,9.5
88488eda31fffff,H3,2025,16,11.8
88488eda31fffff,H3,2025,17,15.5
88488eda31fffff,H3,2025,18,18.0
88488eda31fffff,H3,2025,19,19.2
88488eda31fffff,H3,2025,20,19.9
88488eda31fffff,H3,2025,21,19.4
88488eda31fffff,H3,2025,22,18.0
88488eda31fffff,H3,2025,23,15.9
88489228e5fffff,H3,2025,0,1.8
88489228e5fffff,H3,2025,1,1.6
88489228e5fffff,H3,2025,2,1.5
88489228e5fffff,H3,2025,3,1.2
88489228e5fffff,H3,2025,4,1.1
88489228e5fffff,H3,2025,5,1.0
88489228e5fffff,H3,2025,6,0.9
88489228e5fffff,H3,2025,7,0.8
88489228e5fffff,H3,2025,8,0.7
88489228e5fffff,H3,2025,9,0.7
88489228e5fffff,H3,2025,10,0.7
88489228e5fffff,H3,2025,11,0.8
88489228e5fffff,H3,2025,12,0.9
88489228e5fffff,H3,2025,13,1.0
88489228e5fffff,H3,2025,14,1.1
88489228e5fffff,H3,2025,15,1.2
88489228e5fffff,H3,2025,16,1.6
88489228e5fffff,H3,2025,17,2.2
88489228e5fffff,H3,2025,18,2.5
88489228e5fffff,H3,2025,19,2.6
88489228e5fffff,H3,2025,20,2.7
88489228e5fffff,H3,2025,21,2.7
88489228e5fffff,H3,2025,22,2.5
88489228e5fffff,H3,2025,23,2.2
88489508c7fffff,H3,2025,0,4.5
88489508c7fffff,H3,2025,1,4.0
88489508c7fffff,H3,2025,2,3.5
88489508c7fffff,H3,2025,3,3.2
88489508c7fffff,H3,2025,4,2.8
88489508c7fffff,H3,2025,5,2.6
88489508c7fffff,H3,2025,6,2.3
88489508c7fffff,H3,2025,7,1.8
88489508c7fffff,H3,2025,8,1.6
88489508c7fffff,H3,2025,9,1.5
88489508c7fffff,H3,2025,10,1.6
88489508c7fffff,H3,2025,11,1.8
88489508c7fffff,H3,2025,12,2.2
88489508c7fffff,H3,2025,13,2.4
88489508c7fffff,H3,2025,14,2.7
88489508c7fffff,H3,2025,15,3.2
88489508c7fffff,H3,2025,16,4.0
88489508c7fffff,H3,2025,17,5.1
88489508c7fffff,H3,2025,18,6.0
88489508c7fffff,H3,2025,19,6.5
88489508c7fffff,H3,2025,20,6.7
88489508c7fffff,H3,2025,21,6.6
88489508c7fffff,H3,2025,22,6.1
88489508c7fffff,H3,2025,23,5.5
884895164dfffff,H3,2025,0,1.5
884895164dfffff,H3,2025,1,1.2
884895164dfffff,H3,2025,2,1.1
884895164dfffff,H3,2025,3,1.0
884895164dfffff,H3,2025,4,0.9
884895164dfffff,H3,2025,5,0.8
884895164dfffff,H3,2025,6,0.8
884895164dfffff,H3,2025,7,0.7
884895164dfffff,H3,2025,8,0.6
884895164dfffff,H3,2025,9,0.6
884895164dfffff,H3,2025,10,0.6
884895164dfffff,H3,2025,11,0.7
884895164dfffff,H3,2025,12,0.8
884895164dfffff,H3,2025,13,0.9
884895164dfffff,H3,2025,14,0.9
884895164dfffff,H3,2025,15,1.1
884895164dfffff,H3,2025,16,1.4
884895164dfffff,H3,2025,17,1.8
884895164dfffff,H3,2025,18,2.2
884895164dfffff,H3,2025,19,2.3
884895164dfffff,H3,2025,20,2.3
884895164dfffff,H3,2025,21,2.2
884895164dfffff,H3,2025,22,2.0
884895164dfffff,H3,2025,23,1.8
884895428bfffff,H3,2025,0,7.3
884895428bfffff,H3,2025,1,6.4
884895428bfffff,H3,2025,2,5.5
884895428bfffff,H3,2025,3,4.9
884895428bfffff,H3,2025,4,4.4
884895428bfffff,H3,2025,5,4.1
884895428bfffff,H3,2025,6,3.6
884895428bfffff,H3,2025,7,3.0
884895428bfffff,H3,2025,8,2.5
884895428bfffff,H3,2025,9,2.4
884895428bfffff,H3,2025,10,2.6
884895428bfffff,H3,2025,11,3.1
884895428bfffff,H3,2025,12,3.5
884895428bfffff,H3,2025,13,4.0
884895428bfffff,H3,2025,14,4.3
884895428bfffff,H3,2025,15,5.1
884895428bfffff,H3,2025,16,6.5
884895428bfffff,H3,2025,17,8.4
884895428bfffff,H3,2025,18,9.8
884895428bfffff,H3,2025,19,10.5
884895428bfffff,H3,2025,20,10.8
884895428bfffff,H3,2025,21,10.5
884895428bfffff,H3,2025,22,9.7
884895428bfffff,H3,2025,23,8.5
8848954689fffff,H3,2025,0,2.4
8848954689fffff,H3,2025,1,2.2
8848954689fffff,H3,2025,2,1.8
8848954689fffff,H3,2025,3,1.7
8848954689fffff,H3,2025,4,1.5
8848954689fffff,H3,2025,5,1.4
8848954689fffff,H3,2025,6,1.2
8848954689fffff,H3,2025,7,0.9
8848954689fffff,H3,2025,8,0.8
8848954689fffff,H3,2025,9,0.8
8848954689fffff,H3,2025,10,0.8
8848954689fffff,H3,2025,11,0.9
8848954689fffff,H3,2025,12,1.1
8848954689fffff,H3,2025,13,1.2
8848954689fffff,H3,2025,14,1.4
8848954689fffff,H3,2025,15,1.6
8848954689fffff,H3,2025,16,2.0
8848954689fffff,H3,2025,17,2.6
8848954689fffff,H3,2025,18,3.2
8848954689fffff,H3,2025,19,3.4
8848954689fffff,H3,2025,20,3.5
8848954689fffff,H3,2025,21,3.4
8848954689fffff,H3,2025,22,3.2
8848954689fffff,H3,2025,23,2.8
8848958dd7fffff,H3,2025,0,30.1
8848958dd7fffff,H3,2025,1,26.4
8848958dd7fffff,H3,2025,2,23.0
8848958dd7fffff,H3,2025,3,20.7
8848958dd7fffff,H3,2025,4,18.8
8848958dd7fffff,H3,2025,5,17.0
8848958dd7fffff,H3,2025,6,15.1
8848958dd7fffff,H3,2025,7,12.2
8848958dd7fffff,H3,2025,8,10.2
8848958dd7fffff,H3,2025,9,9.8
8848958dd7fffff,H3,2025,10,10.6
8848958dd7fffff,H3,2025,11,12.2
8848958dd7fffff,H3,2025,12,14.0
8848958dd7fffff,H3,2025,13,15.6
8848958dd7fffff,H3,2025,14,17.5
8848958dd7fffff,H3,2025,15,20.6
8848958dd7fffff,H3,2025,16,25.6
8848958dd7fffff,H3,2025,17,33.5
8848958dd7fffff,H3,2025,18,39.3
8848958dd7fffff,H3,2025,19,42.2
8848958dd7fffff,H3,2025,20,44.0
8848958dd7fffff,H3,2025,21,43.0
8848958dd7fffff,H3,2025,22,39.9
8848958dd7fffff,H3,2025,23,35.6
884895969dfffff,H3,2025,0,51.6
884895969dfffff,H3,2025,1,45.2
884895969dfffff,H3,2025,2,39.4
884895969dfffff,H3,2025,3,35.5
884895969dfffff,H3,2025,4,32.2
884895969dfffff,H3,2025,5,29.1
884895969dfffff,H3,2025,6,25.9
884895969dfffff,H3,2025,7,20.7
884895969dfffff,H3,2025,8,17.4
884895969dfffff,H3,2025,9,16.7
884895969dfffff,H3,2025,10,18.1
884895969dfffff,H3,2025,11,20.7
884895969dfffff,H3,2025,12,23.9
884895969dfffff,H3,2025,13,26.6
884895969dfffff,H3,2025,14,29.8
884895969dfffff,H3,2025,15,35.0
884895969dfffff,H3,2025,16,43.5
884895969dfffff,H3,2025,17,57.2
884895969dfffff,H3,2025,18,67.0
884895969dfffff,H3,2025,19,72.0
884895969dfffff,H3,2025,20,75.0
884895969dfffff,H3,2025,21,73.5
884895969dfffff,H3,2025,22,68.3
884895969dfffff,H3,2025,23,60.8
88489a1485fffff,H3,2025,0,1.2
88489a1485fffff,H3,2025,1,1.1
88489a1485fffff,H3,2025,2,0.9
88489a1485fffff,H3,2025,3,0.9
88489a1485fffff,H3,2025,4,0.8
88489a1485fffff,H3,2025,5,0.7
88489a1485fffff,H3,2025,6,0.7
88489a1485fffff,H3,2025,7,0.6
88489a1485fffff,H3,2025,8,0.5
88489a1485fffff,H3,2025,9,0.5
88489a1485fffff,H3,2025,10,0.5
88489a1485fffff,H3,2025,11,0.6
88489a1485fffff,H3,2025,12,0.6
88489a1485fffff,H3,2025,13,0.7
88489a1485fffff,H3,2025,14,0.8
88489a1485fffff,H3,2025,15,0.9
88489a1485fffff,H3,2025,16,1.1
88489a1485fffff,H3,2025,17,1.5
88489a1485fffff,H3,2025,18,1.7
88489a1485fffff,H3,2025,19,1.8
88489a1485fffff,H3,2025,20,1.8
88489a1485fffff,H3,2025,21,1.8
88489a1485fffff,H3,2025,22,1.7
88489a1485fffff,H3,2025,23,1.5
88489a14c5fffff,H3,2025,0,3.2
88489a14c5fffff,H3,2025,1,2.7
88489a14c5fffff,H3,2025,2,2.4
88489a14c5fffff,H3,2025,3,2.2
88489a14c5fffff,H3,2025,4,1.9
88489a14c5fffff,H3,2025,5,1.8
88489a14c5fffff,H3,2025,6,1.6
88489a14c5fffff,H3,2025,7,1.2
88489a14c5fffff,H3,2025,8,1.0
88489a14c5fffff,H3,2025,9,1.0
88489a14c5fffff,H3,2025,10,1.1
88489a14c5fffff,H3,2025,11,1.2
88489a14c5fffff,H3,2025,12,1.5
88489a14c5fffff,H3,2025,13,1.6
88489a14c5fffff,H3,2025,14,1.8
88489a14c5fffff,H3,2025,15,2.2
88489a14c5fffff,H3,2025,16,2.6
88489a14c5fffff,H3,2025,17,3.5
88489a14c5fffff,H3,2025,18,4.1
88489a14c5fffff,H3,2025,19,4.4
88489a14c5fffff,H3,2025,20,4.5
88489a14c5fffff,H3,2025,21,4.5
88489a14c5fffff,H3,2025,22,4.2
88489a14c5fffff,H3,2025,23,3.8
88489a14e3fffff,H3,2025,0,2.4
88489a14e3fffff,H3,2025,1,2.0
88489a14e3fffff,H3,2025,2,1.8
88489a14e3fffff,H3,2025,3,1.6
88489a14e3fffff,H3,2025,4,1.5
88489a14e3fffff,H3,2025,5,1.4
88489a14e3fffff,H3,2025,6,1.1
88489a14e3fffff,H3,2025,7,0.9
88489a14e3fffff,H3,2025,8,0.8
88489a14e3fffff,H3,2025,9,0.8
88489a14e3fffff,H3,2025,10,0.8
88489a14e3fffff,H3,2025,11,0.9
88489a14e3fffff,H3,2025,12,1.0
88489a14e3fffff,H3,2025,13,1.2
88489a14e3fffff,H3,2025,14,1.4
88489a14e3fffff,H3,2025,15,1.6
88489a14e3fffff,H3,2025,16,1.9
88489a14e3fffff,H3,2025,17,2.6
88489a14e3fffff,H3,2025,18,3.1
88489a14e3fffff,H3,2025,19,3.3
88489a14e3fffff,H3,2025,20,3.4
88489a14e3fffff,H3,2025,21,3.4
88489a14e3fffff,H3,2025,22,3.1
88489a14e3fffff,H3,2025,23,2.7
88489a14ebfffff,H3,2025,0,10.2
88489a14ebfffff,H3,2025,1,9.0
88489a14ebfffff,H3,2025,2,7.8
88489a14ebfffff,H3,2025,3,7.0
88489a14ebfffff,H3,2025,4,6.4
88489a14ebfffff,H3,2025,5,5.8
88489a14ebfffff,H3,2025,6,5.1
88489a14ebfffff,H3,2025,7,4.2
88489a14ebfffff,H3,2025,8,3.5
88489a14ebfffff,H3,2025,9,3.4
88489a14ebfffff,H3,2025,10,3.6
88489a14ebfffff,H3,2025,11,4.2
88489a14ebfffff,H3,2025,12,4.9
88489a14ebfffff,H3,2025,13,5.5
88489a14ebfffff,H3,2025,14,6.0
88489a14ebfffff,H3,2025,15,7.2
88489a14ebfffff,H3,2025,16,8.9
88489a14ebfffff,H3,2025,17,11.6
88489a14ebfffff,H3,2025,18,13.5
88489a14ebfffff,H3,2025,19,14.5
88489a14ebfffff,H3,2025,20,15.1
88489a14ebfffff,H3,2025,21,14.7
88489a14ebfffff,H3,2025,22,13.6
88489a14ebfffff,H3,2025,23,12.2
88489a2927fffff,H3,2025,0,1.2
88489a2927fffff,H3,2025,1,1.1
88489a2927fffff,H3,2025,2,1.0
88489a2927fffff,H3,2025,3,0.9
88489a2927fffff,H3,2025,4,0.8
88489a2927fffff,H3,2025,5,0.8
88489a2927fffff,H3,2025,6,0.7
88489a2927fffff,H3,2025,7,0.6
88489a2927fffff,H3,2025,8,0.5
88489a2927fffff,H3,2025,9,0.5
88489a2927fffff,H3,2025,10,0.5
88489a2927fffff,H3,2025,11,0.6
88489a2927fffff,H3,2025,12,0.6
88489a2927fffff,H3,2025,13,0.7
88489a2927fffff,H3,2025,14,0.8
88489a2927fffff,H3,2025,15,0.9
88489a2927fffff,H3,2025,16,1.1
88489a2927fffff,H3,2025,17,1.5
88489a2927fffff,H3,2025,18,1.7
88489a2927fffff,H3,2025,19,1.8
88489a2927fffff,H3,2025,20,1.9
88489a2927fffff,H3,2025,21,1.8
88489a2927fffff,H3,2025,22,1.7
88489a2927fffff,H3,2025,23,1.6
88489aa605fffff,H3,2025,0,44.5
88489aa605fffff,H3,2025,1,38.6
88489aa605fffff,H3,2025,2,33.4
88489aa605fffff,H3,2025,3,29.8
88489aa605fffff,H3,2025,4,26.9
88489aa605fffff,H3,2025,5,24.8
88489aa605fffff,H3,2025,6,23.0
88489aa605fffff,H3,2025,7,19.3
88489aa605fffff,H3,2025,8,17.0
88489aa605fffff,H3,2025,9,16.6
88489aa605fffff,H3,2025,10,18.1
88489aa605fffff,H3,2025,11,20.6
88489aa605fffff,H3,2025,12,24.0
88489aa605fffff,H3,2025,13,26.8
88489aa605fffff,H3,2025,14,29.2
88489aa605fffff,H3,2025,15,34.5
88489aa605fffff,H3,2025,16,42.7
88489aa605fffff,H3,2025,17,54.9
88489aa605fffff,H3,2025,18,63.2
88489aa605fffff,H3,2025,19,66.7
88489aa605fffff,H3,2025,20,68.4
88489aa605fffff,H3,2025,21,66.0
88489aa605fffff,H3,2025,22,60.7
88489aa605fffff,H3,2025,23,53.2
88489aa71dfffff,H3,2025,0,2.3
88489aa71dfffff,H3,2025,1,2.0
88489aa71dfffff,H3,2025,2,1.8
88489aa71dfffff,H3,2025,3,1.6
88489aa71dfffff,H3,2025,4,1.5
88489aa71dfffff,H3,2025,5,1.2
88489aa71dfffff,H3,2025,6,1.1
88489aa71dfffff,H3,2025,7,0.9
88489aa71dfffff,H3,2025,8,0.8
88489aa71dfffff,H3,2025,9,0.8
88489aa71dfffff,H3,2025,10,0.8
88489aa71dfffff,H3,2025,11,0.9
88489aa71dfffff,H3,2025,12,1.0
88489aa71dfffff,H3,2025,13,1.1
88489aa71dfffff,H3,2025,14,1.4
88489aa71dfffff,H3,2025,15,1.6
88489aa71dfffff,H3,2025,16,1.9
88489aa71dfffff,H3,2025,17,2.5
88489aa71dfffff,H3,2025,18,3.0
88489aa71dfffff,H3,2025,19,3.2
88489aa71dfffff,H3,2025,20,3.3
88489aa71dfffff,H3,2025,21,3.3
88489aa71dfffff,H3,2025,22,3.1
88489aa71dfffff,H3,2025,23,2.7
88489c00dbfffff,H3,2025,0,1.2
88489c00dbfffff,H3,2025,1,1.1
88489c00dbfffff,H3,2025,2,1.0
88489c00dbfffff,H3,2025,3,0.9
88489c00dbfffff,H3,2025,4,0.8
88489c00dbfffff,H3,2025,5,0.7
88489c00dbfffff,H3,2025,6,0.7
88489c00dbfffff,H3,2025,7,0.6
88489c00dbfffff,H3,2025,8,0.5
88489c00dbfffff,H3,2025,9,0.5
88489c00dbfffff,H3,2025,10,0.5
88489c00dbfffff,H3,2025,11,0.6
88489c00dbfffff,H3,2025,12,0.7
88489c00dbfffff,H3,2025,13,0.7
88489c00dbfffff,H3,2025,14,0.8
88489c00dbfffff,H3,2025,15,0.9
88489c00dbfffff,H3,2025,16,1.1
88489c00dbfffff,H3,2025,17,1.5
88489c00dbfffff,H3,2025,18,1.8
88489c00dbfffff,H3,2025,19,1.8
88489c00dbfffff,H3,2025,20,1.9
88489c00dbfffff,H3,2025,21,1.8
88489c00dbfffff,H3,2025,22,1.7
88489c00dbfffff,H3,2025,23,1.6
88489c015dfffff,H3,2025,0,15.0
88489c015dfffff,H3,2025,1,13.2
88489c015dfffff,H3,2025,2,11.5
88489c015dfffff,H3,2025,3,10.3
88489c015dfffff,H3,2025,4,9.3
88489c015dfffff,H3,2025,5,8.5
88489c015dfffff,H3,2025,6,7.5
88489c015dfffff,H3,2025,7,6.0
88489c015dfffff,H3,2025,8,5.0
88489c015dfffff,H3,2025,9,4.9
88489c015dfffff,H3,2025,10,5.2
88489c015dfffff,H3,2025,11,6.0
88489c015dfffff,H3,2025,12,6.9
88489c015dfffff,H3,2025,13,7.7
88489c015dfffff,H3,2025,14,8.6
88489c015dfffff,H3,2025,15,10.1
88489c015dfffff,H3,2025,16,12.6
88489c015dfffff,H3,2025,17,16.6
88489c015dfffff,H3,2025,18,19.4
88489c015dfffff,H3,2025,19,20.9
88489c015dfffff,H3,2025,20,21.8
88489c015dfffff,H3,2025,21,21.4
88489c015dfffff,H3,2025,22,19.8
88489c015dfffff,H3,2025,23,17.6
88489c0233fffff,H3,2025,0,11.8
88489c0233fffff,H3,2025,1,10.3
88489c0233fffff,H3,2025,2,9.0
88489c0233fffff,H3,2025,3,8.2
88489c0233fffff,H3,2025,4,7.4
88489c0233fffff,H3,2025,5,6.7
88489c0233fffff,H3,2025,6,5.9
88489c0233fffff,H3,2025,7,4.8
88489c0233fffff,H3,2025,8,4.1
88489c0233fffff,H3,2025,9,4.0
88489c0233fffff,H3,2025,10,4.2
88489c0233fffff,H3,2025,11,4.9
88489c0233fffff,H3,2025,12,5.6
88489c0233fffff,H3,2025,13,6.2
88489c0233fffff,H3,2025,14,6.9
88489c0233fffff,H3,2025,15,8.2
88489c0233fffff,H3,2025,16,10.1
88489c0233fffff,H3,2025,17,13.2
88489c0233fffff,H3,2025,18,15.5
88489c0233fffff,H3,2025,19,16.6
88489c0233fffff,H3,2025,20,17.4
88489c0233fffff,H3,2025,21,16.9
88489c0233fffff,H3,2025,22,15.7
88489c0233fffff,H3,2025,23,14.0
88489c0235fffff,H3,2025,0,1.9
88489c0235fffff,H3,2025,1,1.7
88489c0235fffff,H3,2025,2,1.5
88489c0235fffff,H3,2025,3,1.2
88489c0235fffff,H3,2025,4,1.1
88489c0235fffff,H3,2025,5,1.0
88489c0235fffff,H3,2025,6,0.9
88489c0235fffff,H3,2025,7,0.8
88489c0235fffff,H3,2025,8,0.7
88489c0235fffff,H3,2025,9,0.7
88489c0235fffff,H3,2025,10,0.7
88489c0235fffff,H3,2025,11,0.8
88489c0235fffff,H3,2025,12,0.9
88489c0235fffff,H3,2025,13,1.0
88489c0235fffff,H3,2025,14,1.1
88489c0235fffff,H3,2025,15,1.4
88489c0235fffff,H3,2025,16,1.7
88489c0235fffff,H3,2025,17,2.3
88489c0235fffff,H3,2025,18,2.6
88489c0235fffff,H3,2025,19,2.7
88489c0235fffff,H3,2025,20,2.8
88489c0235fffff,H3,2025,21,2.7
88489c0235fffff,H3,2025,22,2.5
88489c0235fffff,H3,2025,23,2.3
88489c02b9fffff,H3,2025,0,1.9
88489c02b9fffff,H3,2025,1,1.7
88489c02b9fffff,H3,2025,2,1.5
88489c02b9fffff,H3,2025,3,1.4
88489c02b9fffff,H3,2025,4,1.2
88489c02b9fffff,H3,2025,5,1.1
88489c02b9fffff,H3,2025,6,1.0
88489c02b9fffff,H3,2025,7,0.8
88489c02b9fffff,H3,2025,8,0.7
88489c02b9fffff,H3,2025,9,0.7
88489c02b9fffff,H3,2025,10,0.7
88489c02b9fffff,H3,2025,11,0.8
88489c02b9fffff,H3,2025,12,0.9
88489c02b9fffff,H3,2025,13,1.1
88489c02b9fffff,H3,2025,14,1.2
88489c02b9fffff,H3,2025,15,1.4
88489c02b9fffff,H3,2025,16,1.8
88489c02b9fffff,H3,2025,17,2.3
88489c02b9fffff,H3,2025,18,2.7
88489c02b9fffff,H3,2025,19,2.8
88489c02b9fffff,H3,2025,20,3.0
88489c02b9fffff,H3,2025,21,2.8
88489c02b9fffff,H3,2025,22,2.6
88489c02b9fffff,H3,2025,23,2.3
88489c053bfffff,H3,2025,0,3.0
88489c053bfffff,H3,2025,1,2.5
88489c053bfffff,H3,2025,2,2.3
88489c053bfffff,H3,2025,3,2.0
88489c053bfffff,H3,2025,4,1.8
88489c053bfffff,H3,2025,5,1.6
88489c053bfffff,H3,2025,6,1.5
88489c053bfffff,H3,2025,7,1.1
88489c053bfffff,H3,2025,8,1.0
88489c053bfffff,H3,2025,9,0.9
88489c053bfffff,H3,2025,10,1.0
88489c053bfffff,H3,2025,11,1.1
88489c053bfffff,H3,2025,12,1.4
88489c053bfffff,H3,2025,13,1.5
88489c053bfffff,H3,2025,14,1.7
88489c053bfffff,H3,2025,15,2.0
88489c053bfffff,H3,2025,16,2.5
88489c053bfffff,H3,2025,17,3.3
88489c053bfffff,H3,2025,18,3.9
88489c053bfffff,H3,2025,19,4.1
88489c053bfffff,H3,2025,20,4.3
88489c053bfffff,H3,2025,21,4.2
88489c053bfffff,H3,2025,22,3.9
88489c053bfffff,H3,2025,23,3.4
88489c1287fffff,H3,2025,0,8.0
88489c1287fffff,H3,2025,1,6.9
88489c1287fffff,H3,2025,2,6.0
88489c1287fffff,H3,2025,3,5.5
88489c1287fffff,H3,2025,4,4.9
88489c1287fffff,H3,2025,5,4.4
88489c1287fffff,H3,2025,6,4.0
88489c1287fffff,H3,2025,7,3.3
88489c1287fffff,H3,2025,8,2.8
88489c1287fffff,H3,2025,9,2.7
88489c1287fffff,H3,2025,10,3.0
88489c1287fffff,H3,2025,11,3.3
88489c1287fffff,H3,2025,12,3.9
88489c1287fffff,H3,2025,13,4.3
88489c1287fffff,H3,2025,14,4.8
88489c1287fffff,H3,2025,15,5.7
88489c1287fffff,H3,2025,16,7.0
88489c1287fffff,H3,2025,17,9.2
88489c1287fffff,H3,2025,18,10.7
88489c1287fffff,H3,2025,19,11.5
88489c1287fffff,H3,2025,20,11.9
88489c1287fffff,H3,2025,21,11.6
88489c1287fffff,H3,2025,22,10.7
88489c1287fffff,H3,2025,23,9.4
88489c18b7fffff,H3,2025,0,1.6
88489c18b7fffff,H3,2025,1,1.4
88489c18b7fffff,H3,2025,2,1.2
88489c18b7fffff,H3,2025,3,1.0
88489c18b7fffff,H3,2025,4,0.9
88489c18b7fffff,H3,2025,5,0.9
88489c18b7fffff,H3,2025,6,0.8
88489c18b7fffff,H3,2025,7,0.7
88489c18b7fffff,H3,2025,8,0.6
88489c18b7fffff,H3,2025,9,0.6
88489c18b7fffff,H3,2025,10,0.6
88489c18b7fffff,H3,2025,11,0.7
88489c18b7fffff,H3,2025,12,0.8
88489c18b7fffff,H3,2025,13,0.9
88489c18b7fffff,H3,2025,14,0.9
88489c18b7fffff,H3,2025,15,1.1
88489c18b7fffff,H3,2025,16,1.4
88489c18b7fffff,H3,2025,17,1.8
88489c18b7fffff,H3,2025,18,2.2
88489c18b7fffff,H3,2025,19,2.3
88489c18b7fffff,H3,2025,20,2.4
88489c18b7fffff,H3,2025,21,2.3
88489c18b7fffff,H3,2025,22,2.2
88489c18b7fffff,H3,2025,23,1.8
88489c1aa3fffff,H3,2025,0,26.1
88489c1aa3fffff,H3,2025,1,22.8
88489c1aa3fffff,H3,2025,2,19.9
88489c1aa3fffff,H3,2025,3,17.8
88489c1aa3fffff,H3,2025,4,16.1
88489c1aa3fffff,H3,2025,5,14.7
88489c1aa3fffff,H3,2025,6,13.2
88489c1aa3fffff,H3,2025,7,10.7
88489c1aa3fffff,H3,2025,8,9.1
88489c1aa3fffff,H3,2025,9,8.8
88489c1aa3fffff,H3,2025,10,9.4
88489c1aa3fffff,H3,2025,11,10.8
88489c1aa3fffff,H3,2025,12,12.6
88489c1aa3fffff,H3,2025,13,14.0
88489c1aa3fffff,H3,2025,14,15.6
88489c1aa3fffff,H3,2025,15,18.4
88489c1aa3fffff,H3,2025,16,23.0
88489c1aa3fffff,H3,2025,17,29.9
88489c1aa3fffff,H3,2025,18,34.8
88489c1aa3fffff,H3,2025,19,37.3
88489c1aa3fffff,H3,2025,20,38.6
88489c1aa3fffff,H3,2025,21,37.7
88489c1aa3fffff,H3,2025,22,34.9
88489c1aa3fffff,H3,2025,23,30.9
88489c1addfffff,H3,2025,0,6.5
88489c1addfffff,H3,2025,1,5.7
88489c1addfffff,H3,2025,2,5.0
88489c1addfffff,H3,2025,3,4.5
88489c1addfffff,H3,2025,4,4.1
88489c1addfffff,H3,2025,5,3.6
88489c1addfffff,H3,2025,6,3.3
88489c1addfffff,H3,2025,7,2.6
88489c1addfffff,H3,2025,8,2.2
88489c1addfffff,H3,2025,9,2.2
88489c1addfffff,H3,2025,10,2.3
88489c1addfffff,H3,2025,11,2.6
88489c1addfffff,H3,2025,12,3.0
88489c1addfffff,H3,2025,13,3.3
88489c1addfffff,H3,2025,14,3.8
88489c1addfffff,H3,2025,15,4.4
88489c1addfffff,H3,2025,16,5.5
88489c1addfffff,H3,2025,17,7.2
88489c1addfffff,H3,2025,18,8.4
88489c1addfffff,H3,2025,19,9.1
88489c1addfffff,H3,2025,20,9.4
88489c1addfffff,H3,2025,21,9.3
88489c1addfffff,H3,2025,22,8.6
88489c1addfffff,H3,2025,23,7.7
88489c54d9fffff,H3,2025,0,51.4
88489c54d9fffff,H3,2025,1,45.0
88489c54d9fffff,H3,2025,2,39.3
88489c54d9fffff,H3,2025,3,35.3
88489c54d9fffff,H3,2025,4,32.0
88489c54d9fffff,H3,2025,5,29.1
88489c54d9fffff,H3,2025,6,25.8
88489c54d9fffff,H3,2025,7,20.6
88489c54d9fffff,H3,2025,8,17.3
88489c54d9fffff,H3,2025,9,16.6
88489c54d9fffff,H3,2025,10,18.0
88489c54d9fffff,H3,2025,11,20.6
88489c54d9fffff,H3,2025,12,23.8
88489c54d9fffff,H3,2025,13,26.5
88489c54d9fffff,H3,2025,14,29.7
88489c54d9fffff,H3,2025,15,34.8
88489c54d9fffff,H3,2025,16,43.3
88489c54d9fffff,H3,2025,17,56.8
88489c54d9fffff,H3,2025,18,66.7
88489c54d9fffff,H3,2025,19,71.7
88489c54d9fffff,H3,2025,20,74.8
88489c54d9fffff,H3,2025,21,73.3
88489c54d9fffff,H3,2025,22,68.1
88489c54d9fffff,H3,2025,23,60.6
88489d520bfffff,H3,2025,0,1.8
88489d520bfffff,H3,2025,1,1.6
88489d520bfffff,H3,2025,2,1.4
88489d520bfffff,H3,2025,3,1.2
88489d520bfffff,H3,2025,4,1.1
88489d520bfffff,H3,2025,5,1.0
88489d520bfffff,H3,2025,6,0.9
88489d520bfffff,H3,2025,7,0.8
88489d520bfffff,H3,2025,8,0.7
88489d520bfffff,H3,2025,9,0.7
88489d520bfffff,H3,2025,10,0.7
88489d520bfffff,H3,2025,11,0.8
88489d520bfffff,H3,2025,12,0.9
88489d520bfffff,H3,2025,13,1.0
88489d520bfffff,H3,2025,14,1.1
88489d520bfffff,H3,2025,15,1.2
88489d520bfffff,H3,2025,16,1.6
88489d520bfffff,H3,2025,17,2.2
88489d520bfffff,H3,2025,18,2.5
88489d520bfffff,H3,2025,19,2.6
88489d520bfffff,H3,2025,20,2.7
88489d520bfffff,H3,2025,21,2.6
88489d520bfffff,H3,2025,22,2.5
88489d520bfffff,H3,2025,23,2.2
88489d8e93fffff,H3,2025,0,2.0
88489d8e93fffff,H3,2025,1,1.8
88489d8e93fffff,H3,2025,2,1.6
88489d8e93fffff,H3,2025,3,1.4
88489d8e93fffff,H3,2025,4,1.2
88489d8e93fffff,H3,2025,5,1.1
88489d8e93fffff,H3,2025,6,1.0
88489d8e93fffff,H3,2025,7,0.9
88489d8e93fffff,H3,2025,8,0.8
88489d8e93fffff,H3,2025,9,0.7
88489d8e93fffff,H3,2025,10,0.8
88489d8e93fffff,H3,2025,11,0.9
88489d8e93fffff,H3,2025,12,1.0
88489d8e93fffff,H3,2025,13,1.1
88489d8e93fffff,H3,2025,14,1.2
88489d8e93fffff,H3,2025,15,1.5
88489d8e93fffff,H3,2025,16,1.9
88489d8e93fffff,H3,2025,17,2.5
88489d8e93fffff,H3,2025,18,2.8
88489d8e93fffff,H3,2025,19,3.1
88489d8e93fffff,H3,2025,20,3.2
88489d8e93fffff,H3,2025,21,3.1
88489d8e93fffff,H3,2025,22,2.8
88489d8e93fffff,H3,2025,23,2.5
88489e0c5dfffff,H3,2025,0,1.2
88489e0c5dfffff,H3,2025,1,1.1
88489e0c5dfffff,H3,2025,2,0.9
88489e0c5dfffff,H3,2025,3,0.9
88489e0c5dfffff,H3,2025,4,0.8
88489e0c5dfffff,H3,2025,5,0.7
88489e0c5dfffff,H3,2025,6,0.7
88489e0c5dfffff,H3,2025,7,0.6
88489e0c5dfffff,H3,2025,8,0.5
88489e0c5dfffff,H3,2025,9,0.5
88489e0c5dfffff,H3,2025,10,0.5
88489e0c5dfffff,H3,2025,11,0.6
88489e0c5dfffff,H3,2025,12,0.6
88489e0c5dfffff,H3,2025,13,0.7
88489e0c5dfffff,H3,2025,14,0.8
88489e0c5dfffff,H3,2025,15,0.9
88489e0c5dfffff,H3,2025,16,1.1
88489e0c5dfffff,H3,2025,17,1.5
88489e0c5dfffff,H3,2025,18,1.7
88489e0c5dfffff,H3,2025,19,1.8
88489e0c5dfffff,H3,2025,20,1.8
88489e0c5dfffff,H3,2025,21,1.8
88489e0c5dfffff,H3,2025,22,1.7
88489e0c5dfffff,H3,2025,23,1.5
88489e3405fffff,H3,2025,0,1.5
88489e3405fffff,H3,2025,1,1.4
88489e3405fffff,H3,2025,2,1.1
88489e3405fffff,H3,2025,3,1.0
88489e3405fffff,H3,2025,4,0.9
88489e3405fffff,H3,2025,5,0.8
88489e3405fffff,H3,2025,6,0.8
88489e3405fffff,H3,2025,7,0.7
88489e3405fffff,H3,2025,8,0.6
88489e3405fffff,H3,2025,9,0.6
88489e3405fffff,H3,2025,10,0.6
88489e3405fffff,H3,2025,11,0.7
88489e3405fffff,H3,2025,12,0.8
88489e3405fffff,H3,2025,13,0.9
88489e3405fffff,H3,2025,14,0.9
88489e3405fffff,H3,2025,15,1.1
88489e3405fffff,H3,2025,16,1.4
88489e3405fffff,H3,2025,17,1.8
88489e3405fffff,H3,2025,18,2.2
88489e3405fffff,H3,2025,19,2.3
88489e3405fffff,H3,2025,20,2.3
88489e3405fffff,H3,2025,21,2.3
88489e3405fffff,H3,2025,22,2.0
88489e3405fffff,H3,2025,23,1.8
88489e3421fffff,H3,2025,0,8.1
88489e3421fffff,H3,2025,1,7.0
88489e3421fffff,H3,2025,2,6.1
88489e3421fffff,H3,2025,3,5.5
88489e3421fffff,H3,2025,4,5.0
88489e3421fffff,H3,2025,5,4.5
88489e3421fffff,H3,2025,6,4.1
88489e3421fffff,H3,2025,7,3.3
88489e3421fffff,H3,2025,8,2.8
88489e3421fffff,H3,2025,9,2.7
88489e3421fffff,H3,2025,10,3.0
88489e3421fffff,H3,2025,11,3.3
88489e3421fffff,H3,2025,12,3.9
88489e3421fffff,H3,2025,13,4.3
88489e3421fffff,H3,2025,14,4.8
88489e3421fffff,H3,2025,15,5.7
88489e3421fffff,H3,2025,16,7.0
88489e3421fffff,H3,2025,17,9.2
88489e3421fffff,H3,2025,18,10.7
88489e3421fffff,H3,2025,19,11.5
88489e3421fffff,H3,2025,20,11.9
88489e3421fffff,H3,2025,21,11.6
88489e3421fffff,H3,2025,22,10.7
88489e3421fffff,H3,2025,23,9.5
88489e3429fffff,H3,2025,0,5.0
88489e3429fffff,H3,2025,1,4.3
88489e3429fffff,H3,2025,2,3.8
88489e3429fffff,H3,2025,3,3.4
88489e3429fffff,H3,2025,4,3.1
88489e3429fffff,H3,2025,5,2.8
88489e3429fffff,H3,2025,6,2.5
88489e3429fffff,H3,2025,7,1.9
88489e3429fffff,H3,2025,8,1.7
88489e3429fffff,H3,2025,9,1.6
88489e3429fffff,H3,2025,10,1.7
88489e3429fffff,H3,2025,11,1.9
88489e3429fffff,H3,2025,12,2.3
88489e3429fffff,H3,2025,13,2.5
88489e3429fffff,H3,2025,14,2.8
88489e3429fffff,H3,2025,15,3.3
88489e3429fffff,H3,2025,16,4.2
88489e3429fffff,H3,2025,17,5.5
88489e3429fffff,H3,2025,18,6.4
88489e3429fffff,H3,2025,19,6.9
88489e3429fffff,H3,2025,20,7.2
88489e3429fffff,H3,2025,21,7.0
88489e3429fffff,H3,2025,22,6.6
88489e3429fffff,H3,2025,23,5.8
88489e342dfffff,H3,2025,0,19.8
88489e342dfffff,H3,2025,1,17.4
88489e342dfffff,H3,2025,2,15.1
88489e342dfffff,H3,2025,3,13.6
88489e342dfffff,H3,2025,4,12.4
88489e342dfffff,H3,2025,5,11.2
88489e342dfffff,H3,2025,6,9.9
88489e342dfffff,H3,2025,7,8.0
88489e342dfffff,H3,2025,8,6.6
88489e342dfffff,H3,2025,9,6.4
88489e342dfffff,H3,2025,10,6.8
88489e342dfffff,H3,2025,11,7.8
88489e342dfffff,H3,2025,12,9.1
88489e342dfffff,H3,2025,13,10.1
88489e342dfffff,H3,2025,14,11.4
88489e342dfffff,H3,2025,15,13.3
88489e342dfffff,H3,2025,16,16.6
88489e342dfffff,H3,2025,17,21.8
88489e342dfffff,H3,2025,18,25.6
88489e342dfffff,H3,2025,19,27.5
88489e342dfffff,H3,2025,20,28.8
88489e342dfffff,H3,2025,21,28.2
88489e342dfffff,H3,2025,22,26.1
88489e342dfffff,H3,2025,23,23.3
88489e3439fffff,H3,2025,0,11.2
88489e3439fffff,H3,2025,1,9.9
88489e3439fffff,H3,2025,2,8.5
88489e3439fffff,H3,2025,3,7.7
88489e3439fffff,H3,2025,4,6.9
88489e3439fffff,H3,2025,5,6.4
88489e3439fffff,H3,2025,6,5.7
88489e3439fffff,H3,2025,7,4.5
88489e3439fffff,H3,2025,8,3.9
88489e3439fffff,H3,2025,9,3.8
88489e3439fffff,H3,2025,10,4.1
88489e3439fffff,H3,2025,11,4.7
88489e3439fffff,H3,2025,12,5.3
88489e3439fffff,H3,2025,13,6.0
88489e3439fffff,H3,2025,14,6.7
88489e3439fffff,H3,2025,15,8.0
88489e3439fffff,H3,2025,16,9.9
88489e3439fffff,H3,2025,17,12.8
88489e3439fffff,H3,2025,18,15.0
88489e3439fffff,H3,2025,19,16.0
88489e3439fffff,H3,2025,20,16.6
88489e3439fffff,H3,2025,21,16.2
88489e3439fffff,H3,2025,22,15.0
88489e3439fffff,H3,2025,23,13.3
88489e3467fffff,H3,2025,0,51.0
88489e3467fffff,H3,2025,0,0.3
88489e3467fffff,H3,2025,1,44.8
88489e3467fffff,H3,2025,1,0.3
88489e3467fffff,H3,2025,2,39.1
88489e3467fffff,H3,2025,2,0.2
88489e3467fffff,H3,2025,3,35.2
88489e3467fffff,H3,2025,3,0.2
88489e3467fffff,H3,2025,4,31.8
88489e3467fffff,H3,2025,4,0.2
88489e3467fffff,H3,2025,5,28.9
88489e3467fffff,H3,2025,5,0.2
88489e3467fffff,H3,2025,6,25.6
88489e3467fffff,H3,2025,6,0.2
88489e3467fffff,H3,2025,7,20.3
88489e3467fffff,H3,2025,7,0.1
88489e3467fffff,H3,2025,8,17.0
88489e3467fffff,H3,2025,8,0.1
88489e3467fffff,H3,2025,9,16.4
88489e3467fffff,H3,2025,9,0.1
88489e3467fffff,H3,2025,10,17.7
88489e3467fffff,H3,2025,10,0.1
88489e3467fffff,H3,2025,11,20.3
88489e3467fffff,H3,2025,11,0.1
88489e3467fffff,H3,2025,12,23.4
88489e3467fffff,H3,2025,12,0.1
88489e3467fffff,H3,2025,13,26.1
88489e3467fffff,H3,2025,13,0.2
88489e3467fffff,H3,2025,14,29.3
88489e3467fffff,H3,2025,14,0.2
88489e3467fffff,H3,2025,15,34.3
88489e3467fffff,H3,2025,15,0.2
88489e3467fffff,H3,2025,16,42.7
88489e3467fffff,H3,2025,16,0.3
88489e3467fffff,H3,2025,17,56.1
88489e3467fffff,H3,2025,17,0.5
88489e3467fffff,H3,2025,18,65.9
88489e3467fffff,H3,2025,18,0.5
88489e3467fffff,H3,2025,19,70.9
88489e3467fffff,H3,2025,19,0.6
88489e3467fffff,H3,2025,20,74.1
88489e3467fffff,H3,2025,20,0.6
88489e3467fffff,H3,2025,21,72.6
88489e3467fffff,H3,2025,21,0.6
88489e3467fffff,H3,2025,22,67.5
88489e3467fffff,H3,2025,22,0.5
88489e3467fffff,H3,2025,23,60.1
88489e3467fffff,H3,2025,23,0.5
88489eada7fffff,H3,2025,0,2.2
88489eada7fffff,H3,2025,1,1.8
88489eada7fffff,H3,2025,2,1.6
88489eada7fffff,H3,2025,3,1.5
88489eada7fffff,H3,2025,4,1.4
88489eada7fffff,H3,2025,5,1.2
88489eada7fffff,H3,2025,6,1.0
88489eada7fffff,H3,2025,7,0.8
88489eada7fffff,H3,2025,8,0.7
88489eada7fffff,H3,2025,9,0.7
88489eada7fffff,H3,2025,10,0.7
88489eada7fffff,H3,2025,11,0.8
88489eada7fffff,H3,2025,12,0.9
88489eada7fffff,H3,2025,13,1.0
88489eada7fffff,H3,2025,14,1.2
88489eada7fffff,H3,2025,15,1.4
88489eada7fffff,H3,2025,16,1.8
88489eada7fffff,H3,2025,17,2.3
88489eada7fffff,H3,2025,18,2.7
88489eada7fffff,H3,2025,19,3.0
88489eada7fffff,H3,2025,20,3.1
88489eada7fffff,H3,2025,21,3.0
88489eada7fffff,H3,2025,22,2.8
88489eada7fffff,H3,2025,23,2.5
8848ab6625fffff,H3,2025,0,1.8
8848ab6625fffff,H3,2025,1,1.6
8848ab6625fffff,H3,2025,2,1.4
8848ab6625fffff,H3,2025,3,1.2
8848ab6625fffff,H3,2025,4,1.1
8848ab6625fffff,H3,2025,5,1.0
8848ab6625fffff,H3,2025,6,0.9
8848ab6625fffff,H3,2025,7,0.7
8848ab6625fffff,H3,2025,8,0.6
8848ab6625fffff,H3,2025,9,0.6
8848ab6625fffff,H3,2025,10,0.6
8848ab6625fffff,H3,2025,11,0.7
8848ab6625fffff,H3,2025,12,0.8
8848ab6625fffff,H3,2025,13,0.9
8848ab6625fffff,H3,2025,14,1.0
8848ab6625fffff,H3,2025,15,1.2
8848ab6625fffff,H3,2025,16,1.5
8848ab6625fffff,H3,2025,17,1.9
8848ab6625fffff,H3,2025,18,2.3
8848ab6625fffff,H3,2025,19,2.5
8848ab6625fffff,H3,2025,20,2.6
8848ab6625fffff,H3,2025,21,2.5
8848ab6625fffff,H3,2025,22,2.4
8848ab6625fffff,H3,2025,23,2.0
8848ab7661fffff,H3,2025,0,3.8
8848ab7661fffff,H3,2025,1,3.3
8848ab7661fffff,H3,2025,2,2.8
8848ab7661fffff,H3,2025,3,2.6
8848ab7661fffff,H3,2025,4,2.4
8848ab7661fffff,H3,2025,5,2.2
8848ab7661fffff,H3,2025,6,1.9
8848ab7661fffff,H3,2025,7,1.5
8848ab7661fffff,H3,2025,8,1.2
8848ab7661fffff,H3,2025,9,1.2
8848ab7661fffff,H3,2025,10,1.4
8848ab7661fffff,H3,2025,11,1.5
8848ab7661fffff,H3,2025,12,1.7
8848ab7661fffff,H3,2025,13,1.9
8848ab7661fffff,H3,2025,14,2.2
8848ab7661fffff,H3,2025,15,2.5
8848ab7661fffff,H3,2025,16,3.2
8848ab7661fffff,H3,2025,17,4.2
8848ab7661fffff,H3,2025,18,4.9
8848ab7661fffff,H3,2025,19,5.2
8848ab7661fffff,H3,2025,20,5.5
8848ab7661fffff,H3,2025,21,5.3
8848ab7661fffff,H3,2025,22,5.0
8848ab7661fffff,H3,2025,23,4.4
8848b149e7fffff,H3,2025,0,2.2
8848b149e7fffff,H3,2025,1,1.9
8848b149e7fffff,H3,2025,2,1.6
8848b149e7fffff,H3,2025,3,1.5
8848b149e7fffff,H3,2025,4,1.4
8848b149e7fffff,H3,2025,5,1.2
8848b149e7fffff,H3,2025,6,1.0
8848b149e7fffff,H3,2025,7,0.9
8848b149e7fffff,H3,2025,8,0.7
8848b149e7fffff,H3,2025,9,0.7
8848b149e7fffff,H3,2025,10,0.8
8848b149e7fffff,H3,2025,11,0.9
8848b149e7fffff,H3,2025,12,1.0
8848b149e7fffff,H3,2025,13,1.1
8848b149e7fffff,H3,2025,14,1.2
8848b149e7fffff,H3,2025,15,1.5
8848b149e7fffff,H3,2025,16,1.8
8848b149e7fffff,H3,2025,17,2.4
8848b149e7fffff,H3,2025,18,2.8
8848b149e7fffff,H3,2025,19,3.0
8848b149e7fffff,H3,2025,20,3.2
8848b149e7fffff,H3,2025,21,3.1
8848b149e7fffff,H3,2025,22,2.8
8848b149e7fffff,H3,2025,23,2.5
8848b171bbfffff,H3,2025,0,41.5
8848b171bbfffff,H3,2025,1,36.2
8848b171bbfffff,H3,2025,2,31.6
8848b171bbfffff,H3,2025,3,28.4
8848b171bbfffff,H3,2025,4,25.8
8848b171bbfffff,H3,2025,5,23.4
8848b171bbfffff,H3,2025,6,20.9
8848b171bbfffff,H3,2025,7,16.7
8848b171bbfffff,H3,2025,8,14.1
8848b171bbfffff,H3,2025,9,13.5
8848b171bbfffff,H3,2025,10,14.7
8848b171bbfffff,H3,2025,11,16.8
8848b171bbfffff,H3,2025,12,19.4
8848b171bbfffff,H3,2025,13,21.7
8848b171bbfffff,H3,2025,14,24.2
8848b171bbfffff,H3,2025,15,28.4
8848b171bbfffff,H3,2025,16,35.5
8848b171bbfffff,H3,2025,17,46.4
8848b171bbfffff,H3,2025,18,54.3
8848b171bbfffff,H3,2025,19,58.3
8848b171bbfffff,H3,2025,20,60.7
8848b171bbfffff,H3,2025,21,59.3
8848b171bbfffff,H3,2025,22,55.0
8848b171bbfffff,H3,2025,23,48.9
8848b17409fffff,H3,2025,0,1.9
8848b17409fffff,H3,2025,1,1.7
8848b17409fffff,H3,2025,2,1.5
8848b17409fffff,H3,2025,3,1.4
8848b17409fffff,H3,2025,4,1.2
8848b17409fffff,H3,2025,5,1.1
8848b17409fffff,H3,2025,6,1.0
8848b17409fffff,H3,2025,7,0.8
8848b17409fffff,H3,2025,8,0.7
8848b17409fffff,H3,2025,9,0.7
8848b17409fffff,H3,2025,10,0.7
8848b17409fffff,H3,2025,11,0.8
8848b17409fffff,H3,2025,12,0.9
8848b17409fffff,H3,2025,13,1.0
8848b17409fffff,H3,2025,14,1.1
8848b17409fffff,H3,2025,15,1.4
8848b17409fffff,H3,2025,16,1.7
8848b17409fffff,H3,2025,17,2.2
8848b17409fffff,H3,2025,18,2.5
8848b17409fffff,H3,2025,19,2.7
8848b17409fffff,H3,2025,20,2.8
8848b17409fffff,H3,2025,21,2.8
8848b17409fffff,H3,2025,22,2.6
8848b17409fffff,H3,2025,23,2.3
8848b2372bfffff,H3,2025,0,2.3
8848b2372bfffff,H3,2025,1,2.0
8848b2372bfffff,H3,2025,2,1.7
8848b2372bfffff,H3,2025,3,1.6
8848b2372bfffff,H3,2025,4,1.4
8848b2372bfffff,H3,2025,5,1.2
8848b2372bfffff,H3,2025,6,1.1
8848b2372bfffff,H3,2025,7,0.9
8848b2372bfffff,H3,2025,8,0.8
8848b2372bfffff,H3,2025,9,0.8
8848b2372bfffff,H3,2025,10,0.8
8848b2372bfffff,H3,2025,11,0.9
8848b2372bfffff,H3,2025,12,1.0
8848b2372bfffff,H3,2025,13,1.1
8848b2372bfffff,H3,2025,14,1.2
8848b2372bfffff,H3,2025,15,1.6
8848b2372bfffff,H3,2025,16,1.9
8848b2372bfffff,H3,2025,17,2.5
8848b2372bfffff,H3,2025,18,3.0
8848b2372bfffff,H3,2025,19,3.2
8848b2372bfffff,H3,2025,20,3.3
8848b2372bfffff,H3,2025,21,3.3
8848b2372bfffff,H3,2025,22,3.0
8848b2372bfffff,H3,2025,23,2.7
8848b2a417fffff,H3,2025,0,22.8
8848b2a417fffff,H3,2025,1,20.0
8848b2a417fffff,H3,2025,2,17.4
8848b2a417fffff,H3,2025,3,15.7
8848b2a417fffff,H3,2025,4,14.2
8848b2a417fffff,H3,2025,5,12.8
8848b2a417fffff,H3,2025,6,11.5
8848b2a417fffff,H3,2025,7,9.2
8848b2a417fffff,H3,2025,8,7.7
8848b2a417fffff,H3,2025,9,7.4
8848b2a417fffff,H3,2025,10,8.0
8848b2a417fffff,H3,2025,11,9.2
8848b2a417fffff,H3,2025,12,10.6
8848b2a417fffff,H3,2025,13,11.8
8848b2a417fffff,H3,2025,14,13.2
8848b2a417fffff,H3,2025,15,15.6
8848b2a417fffff,H3,2025,16,19.3
8848b2a417fffff,H3,2025,17,25.3
8848b2a417fffff,H3,2025,18,29.7
8848b2a417fffff,H3,2025,19,31.9
8848b2a417fffff,H3,2025,20,33.3
8848b2a417fffff,H3,2025,21,32.5
8848b2a417fffff,H3,2025,22,30.2
8848b2a417fffff,H3,2025,23,26.9
8848b2a4cdfffff,H3,2025,0,6.1
8848b2a4cdfffff,H3,2025,1,5.3
8848b2a4cdfffff,H3,2025,2,4.7
8848b2a4cdfffff,H3,2025,3,4.2
8848b2a4cdfffff,H3,2025,4,3.9
8848b2a4cdfffff,H3,2025,5,3.5
8848b2a4cdfffff,H3,2025,6,3.1
8848b2a4cdfffff,H3,2025,7,2.5
8848b2a4cdfffff,H3,2025,8,2.0
8848b2a4cdfffff,H3,2025,9,2.0
8848b2a4cdfffff,H3,2025,10,2.2
8848b2a4cdfffff,H3,2025,11,2.5
8848b2a4cdfffff,H3,2025,12,2.8
8848b2a4cdfffff,H3,2025,13,3.2
8848b2a4cdfffff,H3,2025,14,3.6
8848b2a4cdfffff,H3,2025,15,4.2
8848b2a4cdfffff,H3,2025,16,5.2
8848b2a4cdfffff,H3,2025,17,6.9
8848b2a4cdfffff,H3,2025,18,8.1
8848b2a4cdfffff,H3,2025,19,8.6
8848b2a4cdfffff,H3,2025,20,9.0
8848b2a4cdfffff,H3,2025,21,8.9
8848b2a4cdfffff,H3,2025,22,8.2
8848b2a4cdfffff,H3,2025,23,7.3
8848b380d7fffff,H3,2025,0,1.9
8848b380d7fffff,H3,2025,1,1.7
8848b380d7fffff,H3,2025,2,1.5
8848b380d7fffff,H3,2025,3,1.4
8848b380d7fffff,H3,2025,4,1.2
8848b380d7fffff,H3,2025,5,1.1
8848b380d7fffff,H3,2025,6,1.0
8848b380d7fffff,H3,2025,7,0.8
8848b380d7fffff,H3,2025,8,0.7
8848b380d7fffff,H3,2025,9,0.7
8848b380d7fffff,H3,2025,10,0.7
8848b380d7fffff,H3,2025,11,0.8
8848b380d7fffff,H3,2025,12,0.9
8848b380d7fffff,H3,2025,13,1.0
8848b380d7fffff,H3,2025,14,1.1
8848b380d7fffff,H3,2025,15,1.4
8848b380d7fffff,H3,2025,16,1.6
8848b380d7fffff,H3,2025,17,2.2
8848b380d7fffff,H3,2025,18,2.5
8848b380d7fffff,H3,2025,19,2.7
8848b380d7fffff,H3,2025,20,2.8
8848b380d7fffff,H3,2025,21,2.7
8848b380d7fffff,H3,2025,22,2.6
8848b380d7fffff,H3,2025,23,2.3
8848b381ddfffff,H3,2025,0,1.8
8848b381ddfffff,H3,2025,1,1.6
8848b381ddfffff,H3,2025,2,1.4
8848b381ddfffff,H3,2025,3,1.2
8848b381ddfffff,H3,2025,4,1.1
8848b381ddfffff,H3,2025,5,1.0
8848b381ddfffff,H3,2025,6,0.9
8848b381ddfffff,H3,2025,7,0.8
8848b381ddfffff,H3,2025,8,0.6
8848b381ddfffff,H3,2025,9,0.6
8848b381ddfffff,H3,2025,10,0.7
8848b381ddfffff,H3,2025,11,0.8
8848b381ddfffff,H3,2025,12,0.9
8848b381ddfffff,H3,2025,13,0.9
8848b381ddfffff,H3,2025,14,1.0
8848b381ddfffff,H3,2025,15,1.2
8848b381ddfffff,H3,2025,16,1.6
8848b381ddfffff,H3,2025,17,2.0
8848b381ddfffff,H3,2025,18,2.4
8848b381ddfffff,H3,2025,19,2.5
8848b381ddfffff,H3,2025,20,2.6
8848b381ddfffff,H3,2025,21,2.6
8848b381ddfffff,H3,2025,22,2.4
8848b381ddfffff,H3,2025,23,2.2
8848b3862bfffff,H3,2025,0,19.1
8848b3862bfffff,H3,2025,1,16.7
8848b3862bfffff,H3,2025,2,14.5
8848b3862bfffff,H3,2025,3,13.2
8848b3862bfffff,H3,2025,4,11.8
8848b3862bfffff,H3,2025,5,10.8
8848b3862bfffff,H3,2025,6,9.5
8848b3862bfffff,H3,2025,7,7.7
8848b3862bfffff,H3,2025,8,6.5
8848b3862bfffff,H3,2025,9,6.2
8848b3862bfffff,H3,2025,10,6.8
8848b3862bfffff,H3,2025,11,7.7
8848b3862bfffff,H3,2025,12,9.0
8848b3862bfffff,H3,2025,13,10.0
8848b3862bfffff,H3,2025,14,11.1
8848b3862bfffff,H3,2025,15,13.1
8848b3862bfffff,H3,2025,16,16.2
8848b3862bfffff,H3,2025,17,21.2
8848b3862bfffff,H3,2025,18,24.9
8848b3862bfffff,H3,2025,19,26.7
8848b3862bfffff,H3,2025,20,27.8
8848b3862bfffff,H3,2025,21,27.3
8848b3862bfffff,H3,2025,22,25.3
8848b3862bfffff,H3,2025,23,22.5
8848b38637fffff,H3,2025,0,2.3
8848b38637fffff,H3,2025,1,2.0
8848b38637fffff,H3,2025,2,1.7
8848b38637fffff,H3,2025,3,1.6
8848b38637fffff,H3,2025,4,1.4
8848b38637fffff,H3,2025,5,1.2
8848b38637fffff,H3,2025,6,1.1
8848b38637fffff,H3,2025,7,0.9
8848b38637fffff,H3,2025,8,0.8
8848b38637fffff,H3,2025,9,0.7
8848b38637fffff,H3,2025,10,0.8
8848b38637fffff,H3,2025,11,0.9
8848b38637fffff,H3,2025,12,1.0
8848b38637fffff,H3,2025,13,1.1
8848b38637fffff,H3,2025,14,1.2
8848b38637fffff,H3,2025,15,1.6
8848b38637fffff,H3,2025,16,1.9
8848b38637fffff,H3,2025,17,2.5
8848b38637fffff,H3,2025,18,3.0
8848b38637fffff,H3,2025,19,3.2
8848b38637fffff,H3,2025,20,3.3
8848b38637fffff,H3,2025,21,3.2
8848b38637fffff,H3,2025,22,3.0
8848b38637fffff,H3,2025,23,2.7
8848b386adfffff,H3,2025,0,72.8
8848b386adfffff,H3,2025,1,63.9
8848b386adfffff,H3,2025,2,55.6
8848b386adfffff,H3,2025,3,50.0
8848b386adfffff,H3,2025,4,45.3
8848b386adfffff,H3,2025,5,41.1
8848b386adfffff,H3,2025,6,36.6
8848b386adfffff,H3,2025,7,29.3
8848b386adfffff,H3,2025,8,24.7
8848b386adfffff,H3,2025,9,23.8
8848b386adfffff,H3,2025,10,25.7
8848b386adfffff,H3,2025,11,29.4
8848b386adfffff,H3,2025,12,34.0
8848b386adfffff,H3,2025,13,37.8
8848b386adfffff,H3,2025,14,42.4
8848b386adfffff,H3,2025,15,49.8
8848b386adfffff,H3,2025,16,62.0
8848b386adfffff,H3,2025,17,81.2
8848b386adfffff,H3,2025,18,95.2
8848b386adfffff,H3,2025,19,102.2
8848b386adfffff,H3,2025,20,106.4
8848b386adfffff,H3,2025,21,104.1
8848b386adfffff,H3,2025,22,96.6
8848b386adfffff,H3,2025,23,85.9
8848b38711fffff,H3,2025,0,4.2
8848b38711fffff,H3,2025,1,3.8
8848b38711fffff,H3,2025,2,3.3
8848b38711fffff,H3,2025,3,3.0
8848b38711fffff,H3,2025,4,2.6
8848b38711fffff,H3,2025,5,2.4
8848b38711fffff,H3,2025,6,2.2
8848b38711fffff,H3,2025,7,1.7
8848b38711fffff,H3,2025,8,1.4
8848b38711fffff,H3,2025,9,1.4
8848b38711fffff,H3,2025,10,1.5
8848b38711fffff,H3,2025,11,1.7
8848b38711fffff,H3,2025,12,1.9
8848b38711fffff,H3,2025,13,2.2
8848b38711fffff,H3,2025,14,2.4
8848b38711fffff,H3,2025,15,2.8
8848b38711fffff,H3,2025,16,3.5
8848b38711fffff,H3,2025,17,4.7
8848b38711fffff,H3,2025,18,5.5
8848b38711fffff,H3,2025,19,5.9
8848b38711fffff,H3,2025,20,6.1
8848b38711fffff,H3,2025,21,6.0
8848b38711fffff,H3,2025,22,5.6
8848b38711fffff,H3,2025,23,5.0
8848b38ad1fffff,H3,2025,0,47.2
8848b38ad1fffff,H3,2025,1,41.2
8848b38ad1fffff,H3,2025,2,36.0
8848b38ad1fffff,H3,2025,3,32.4
8848b38ad1fffff,H3,2025,4,29.3
8848b38ad1fffff,H3,2025,5,26.6
8848b38ad1fffff,H3,2025,6,23.6
8848b38ad1fffff,H3,2025,7,19.0
8848b38ad1fffff,H3,2025,8,15.9
8848b38ad1fffff,H3,2025,9,15.3
8848b38ad1fffff,H3,2025,10,16.6
8848b38ad1fffff,H3,2025,11,19.0
8848b38ad1fffff,H3,2025,12,21.9
8848b38ad1fffff,H3,2025,13,24.4
8848b38ad1fffff,H3,2025,14,27.4
8848b38ad1fffff,H3,2025,15,32.2
8848b38ad1fffff,H3,2025,16,40.1
8848b38ad1fffff,H3,2025,17,52.5
8848b38ad1fffff,H3,2025,18,61.5
8848b38ad1fffff,H3,2025,19,66.0
8848b38ad1fffff,H3,2025,20,68.8
8848b38ad1fffff,H3,2025,21,67.3
8848b38ad1fffff,H3,2025,22,62.5
8848b38ad1fffff,H3,2025,23,55.6
8848b38ed3fffff,H3,2025,0,29.0
8848b38ed3fffff,H3,2025,1,25.3
8848b38ed3fffff,H3,2025,2,22.2
8848b38ed3fffff,H3,2025,3,19.9
8848b38ed3fffff,H3,2025,4,18.1
8848b38ed3fffff,H3,2025,5,16.4
8848b38ed3fffff,H3,2025,6,14.5
8848b38ed3fffff,H3,2025,7,11.7
8848b38ed3fffff,H3,2025,8,10.0
8848b38ed3fffff,H3,2025,9,9.7
8848b38ed3fffff,H3,2025,10,10.5
8848b38ed3fffff,H3,2025,11,11.9
8848b38ed3fffff,H3,2025,12,13.8
8848b38ed3fffff,H3,2025,13,15.3
8848b38ed3fffff,H3,2025,14,17.0
8848b38ed3fffff,H3,2025,15,20.0
8848b38ed3fffff,H3,2025,16,24.8
8848b38ed3fffff,H3,2025,17,32.4
8848b38ed3fffff,H3,2025,18,38.0
8848b38ed3fffff,H3,2025,19,40.7
8848b38ed3fffff,H3,2025,20,42.4
8848b38ed3fffff,H3,2025,21,41.5
8848b38ed3fffff,H3,2025,22,38.5
8848b38ed3fffff,H3,2025,23,34.3
8848b394ebfffff,H3,2025,0,1.6
8848b394ebfffff,H3,2025,1,1.5
8848b394ebfffff,H3,2025,2,1.2
8848b394ebfffff,H3,2025,3,1.1
8848b394ebfffff,H3,2025,4,1.0
8848b394ebfffff,H3,2025,5,0.9
8848b394ebfffff,H3,2025,6,0.8
8848b394ebfffff,H3,2025,7,0.7
8848b394ebfffff,H3,2025,8,0.6
8848b394ebfffff,H3,2025,9,0.6
8848b394ebfffff,H3,2025,10,0.6
8848b394ebfffff,H3,2025,11,0.7
8848b394ebfffff,H3,2025,12,0.8
8848b394ebfffff,H3,2025,13,0.9
8848b394ebfffff,H3,2025,14,0.9
8848b394ebfffff,H3,2025,15,1.1
8848b394ebfffff,H3,2025,16,1.4
8848b394ebfffff,H3,2025,17,1.8
8848b394ebfffff,H3,2025,18,2.2
8848b394ebfffff,H3,2025,19,2.3
8848b394ebfffff,H3,2025,20,2.4
8848b394ebfffff,H3,2025,21,2.4
8848b394ebfffff,H3,2025,22,2.2
8848b394ebfffff,H3,2025,23,1.9
8848b3ba6dfffff,H3,2025,0,2.2
8848b3ba6dfffff,H3,2025,1,1.8
8848b3ba6dfffff,H3,2025,2,1.6
8848b3ba6dfffff,H3,2025,3,1.5
8848b3ba6dfffff,H3,2025,4,1.4
8848b3ba6dfffff,H3,2025,5,1.2
8848b3ba6dfffff,H3,2025,6,1.0
8848b3ba6dfffff,H3,2025,7,0.8
8848b3ba6dfffff,H3,2025,8,0.7
8848b3ba6dfffff,H3,2025,9,0.7
8848b3ba6dfffff,H3,2025,10,0.7
8848b3ba6dfffff,H3,2025,11,0.8
8848b3ba6dfffff,H3,2025,12,0.9
8848b3ba6dfffff,H3,2025,13,1.0
8848b3ba6dfffff,H3,2025,14,1.2
8848b3ba6dfffff,H3,2025,15,1.4
8848b3ba6dfffff,H3,2025,16,1.8
8848b3ba6dfffff,H3,2025,17,2.3
8848b3ba6dfffff,H3,2025,18,2.7
8848b3ba6dfffff,H3,2025,19,3.0
8848b3ba6dfffff,H3,2025,20,3.1
8848b3ba6dfffff,H3,2025,21,3.0
8848b3ba6dfffff,H3,2025,22,2.8
8848b3ba6dfffff,H3,2025,23,2.5
8848b3c601fffff,H3,2025,0,24.5
8848b3c601fffff,H3,2025,1,21.5
8848b3c601fffff,H3,2025,2,18.8
8848b3c601fffff,H3,2025,3,16.9
8848b3c601fffff,H3,2025,4,15.3
8848b3c601fffff,H3,2025,5,13.9
8848b3c601fffff,H3,2025,6,12.3
8848b3c601fffff,H3,2025,7,9.9
8848b3c601fffff,H3,2025,8,8.3
8848b3c601fffff,H3,2025,9,8.0
8848b3c601fffff,H3,2025,10,8.6
8848b3c601fffff,H3,2025,11,9.9
8848b3c601fffff,H3,2025,12,11.4
8848b3c601fffff,H3,2025,13,12.6
8848b3c601fffff,H3,2025,14,14.2
8848b3c601fffff,H3,2025,15,16.6
8848b3c601fffff,H3,2025,16,20.7
8848b3c601fffff,H3,2025,17,27.2
8848b3c601fffff,H3,2025,18,31.9
8848b3c601fffff,H3,2025,19,34.2
8848b3c601fffff,H3,2025,20,35.7
8848b3c601fffff,H3,2025,21,35.0
8848b3c601fffff,H3,2025,22,32.5
8848b3c601fffff,H3,2025,23,29.0
8848b3c739fffff,H3,2025,0,6.2
8848b3c739fffff,H3,2025,1,5.5
8848b3c739fffff,H3,2025,2,4.8
8848b3c739fffff,H3,2025,3,4.2
8848b3c739fffff,H3,2025,4,3.9
8848b3c739fffff,H3,2025,5,3.5
8848b3c739fffff,H3,2025,6,3.3
8848b3c739fffff,H3,2025,7,2.7
8848b3c739fffff,H3,2025,8,2.3
8848b3c739fffff,H3,2025,9,2.2
8848b3c739fffff,H3,2025,10,2.4
8848b3c739fffff,H3,2025,11,2.7
8848b3c739fffff,H3,2025,12,3.2
8848b3c739fffff,H3,2025,13,3.6
8848b3c739fffff,H3,2025,14,4.0
8848b3c739fffff,H3,2025,15,4.8
8848b3c739fffff,H3,2025,16,5.9
8848b3c739fffff,H3,2025,17,7.6
8848b3c739fffff,H3,2025,18,8.8
8848b3c739fffff,H3,2025,19,9.3
8848b3c739fffff,H3,2025,20,9.5
8848b3c739fffff,H3,2025,21,9.3
8848b3c739fffff,H3,2025,22,8.5
8848b3c739fffff,H3,2025,23,7.5
8848b3c743fffff,H3,2025,0,4.3
8848b3c743fffff,H3,2025,1,3.8
8848b3c743fffff,H3,2025,2,3.3
8848b3c743fffff,H3,2025,3,3.0
8848b3c743fffff,H3,2025,4,2.7
8848b3c743fffff,H3,2025,5,2.5
8848b3c743fffff,H3,2025,6,2.2
8848b3c743fffff,H3,2025,7,1.7
8848b3c743fffff,H3,2025,8,1.5
8848b3c743fffff,H3,2025,9,1.4
8848b3c743fffff,H3,2025,10,1.5
8848b3c743fffff,H3,2025,11,1.7
8848b3c743fffff,H3,2025,12,2.0
8848b3c743fffff,H3,2025,13,2.3
8848b3c743fffff,H3,2025,14,2.5
8848b3c743fffff,H3,2025,15,3.0
8848b3c743fffff,H3,2025,16,3.6
8848b3c743fffff,H3,2025,17,4.8
8848b3c743fffff,H3,2025,18,5.6
8848b3c743fffff,H3,2025,19,6.0
8848b3c743fffff,H3,2025,20,6.2
8848b3c743fffff,H3,2025,21,6.1
8848b3c743fffff,H3,2025,22,5.7
8848b3c743fffff,H3,2025,23,5.1
8848b3d1e5fffff,H3,2025,0,3.4
8848b3d1e5fffff,H3,2025,1,3.0
8848b3d1e5fffff,H3,2025,2,2.6
8848b3d1e5fffff,H3,2025,3,2.3
8848b3d1e5fffff,H3,2025,4,2.2
8848b3d1e5fffff,H3,2025,5,1.9
8848b3d1e5fffff,H3,2025,6,1.7
8848b3d1e5fffff,H3,2025,7,1.4
8848b3d1e5fffff,H3,2025,8,1.1
8848b3d1e5fffff,H3,2025,9,1.1
8848b3d1e5fffff,H3,2025,10,1.2
8848b3d1e5fffff,H3,2025,11,1.4
8848b3d1e5fffff,H3,2025,12,1.6
8848b3d1e5fffff,H3,2025,13,1.8
8848b3d1e5fffff,H3,2025,14,2.0
8848b3d1e5fffff,H3,2025,15,2.4
8848b3d1e5fffff,H3,2025,16,3.0
8848b3d1e5fffff,H3,2025,17,3.9
8848b3d1e5fffff,H3,2025,18,4.5
8848b3d1e5fffff,H3,2025,19,4.9
8848b3d1e5fffff,H3,2025,20,5.0
8848b3d1e5fffff,H3,2025,21,4.9
8848b3d1e5fffff,H3,2025,22,4.5
8848b3d1e5fffff,H3,2025,23,4.0
8848b3da4bfffff,H3,2025,0,16.9
8848b3da4bfffff,H3,2025,1,14.8
8848b3da4bfffff,H3,2025,2,12.8
8848b3da4bfffff,H3,2025,3,11.6
8848b3da4bfffff,H3,2025,4,10.5
8848b3da4bfffff,H3,2025,5,9.5
8848b3da4bfffff,H3,2025,6,8.5
8848b3da4bfffff,H3,2025,7,6.8
8848b3da4bfffff,H3,2025,8,5.8
8848b3da4bfffff,H3,2025,9,5.6
8848b3da4bfffff,H3,2025,10,6.0
8848b3da4bfffff,H3,2025,11,6.8
8848b3da4bfffff,H3,2025,12,8.0
8848b3da4bfffff,H3,2025,13,8.9
8848b3da4bfffff,H3,2025,14,9.9
8848b3da4bfffff,H3,2025,15,11.6
8848b3da4bfffff,H3,2025,16,14.4
8848b3da4bfffff,H3,2025,17,18.9
8848b3da4bfffff,H3,2025,18,22.2
8848b3da4bfffff,H3,2025,19,23.8
8848b3da4bfffff,H3,2025,20,24.8
8848b3da4bfffff,H3,2025,21,24.2
8848b3da4bfffff,H3,2025,22,22.5
8848b3da4bfffff,H3,2025,23,20.0
8848c06b17fffff,H3,2025,0,2.4
8848c06b17fffff,H3,2025,1,2.0
8848c06b17fffff,H3,2025,2,1.8
8848c06b17fffff,H3,2025,3,1.6
8848c06b17fffff,H3,2025,4,1.5
8848c06b17fffff,H3,2025,5,1.4
8848c06b17fffff,H3,2025,6,1.1
8848c06b17fffff,H3,2025,7,0.9
8848c06b17fffff,H3,2025,8,0.8
8848c06b17fffff,H3,2025,9,0.8
8848c06b17fffff,H3,2025,10,0.8
8848c06b17fffff,H3,2025,11,0.9
8848c06b17fffff,H3,2025,12,1.1
8848c06b17fffff,H3,2025,13,1.2
8848c06b17fffff,H3,2025,14,1.4
8848c06b17fffff,H3,2025,15,1.6
8848c06b17fffff,H3,2025,16,2.0
8848c06b17fffff,H3,2025,17,2.6
8848c06b17fffff,H3,2025,18,3.1
8848c06b17fffff,H3,2025,19,3.3
8848c06b17fffff,H3,2025,20,3.4
8848c06b17fffff,H3,2025,21,3.4
8848c06b17fffff,H3,2025,22,3.1
8848c06b17fffff,H3,2025,23,2.7
8848c098bbfffff,H3,2025,0,37.0
8848c098bbfffff,H3,2025,1,32.4
8848c098bbfffff,H3,2025,2,28.2
8848c098bbfffff,H3,2025,3,25.3
8848c098bbfffff,H3,2025,4,23.0
8848c098bbfffff,H3,2025,5,20.9
8848c098bbfffff,H3,2025,6,18.6
8848c098bbfffff,H3,2025,7,15.1
8848c098bbfffff,H3,2025,8,12.7
8848c098bbfffff,H3,2025,9,12.3
8848c098bbfffff,H3,2025,10,13.3
8848c098bbfffff,H3,2025,11,15.1
8848c098bbfffff,H3,2025,12,17.6
8848c098bbfffff,H3,2025,13,19.5
8848c098bbfffff,H3,2025,14,21.8
8848c098bbfffff,H3,2025,15,25.7
8848c098bbfffff,H3,2025,16,32.0
8848c098bbfffff,H3,2025,17,41.9
8848c098bbfffff,H3,2025,18,49.0
8848c098bbfffff,H3,2025,19,52.4
8848c098bbfffff,H3,2025,20,54.5
8848c098bbfffff,H3,2025,21,53.2
8848c098bbfffff,H3,2025,22,49.3
8848c098bbfffff,H3,2025,23,43.8
8848c0aedbfffff,H3,2025,0,2.0
8848c0aedbfffff,H3,2025,1,1.8
8848c0aedbfffff,H3,2025,2,1.6
8848c0aedbfffff,H3,2025,3,1.4
8848c0aedbfffff,H3,2025,4,1.2
8848c0aedbfffff,H3,2025,5,1.1
8848c0aedbfffff,H3,2025,6,1.0
8848c0aedbfffff,H3,2025,7,0.8
8848c0aedbfffff,H3,2025,8,0.7
8848c0aedbfffff,H3,2025,9,0.7
8848c0aedbfffff,H3,2025,10,0.7
8848c0aedbfffff,H3,2025,11,0.8
8848c0aedbfffff,H3,2025,12,0.9
8848c0aedbfffff,H3,2025,13,1.0
8848c0aedbfffff,H3,2025,14,1.2
8848c0aedbfffff,H3,2025,15,1.4
8848c0aedbfffff,H3,2025,16,1.7
8848c0aedbfffff,H3,2025,17,2.3
8848c0aedbfffff,H3,2025,18,2.7
8848c0aedbfffff,H3,2025,19,2.8
8848c0aedbfffff,H3,2025,20,3.0
8848c0aedbfffff,H3,2025,21,2.8
8848c0aedbfffff,H3,2025,22,2.7
8848c0aedbfffff,H3,2025,23,2.4
8848c25aabfffff,H3,2025,0,2.0
8848c25aabfffff,H3,2025,1,1.8
8848c25aabfffff,H3,2025,2,1.6
8848c25aabfffff,H3,2025,3,1.4
8848c25aabfffff,H3,2025,4,1.2
8848c25aabfffff,H3,2025,5,1.1
8848c25aabfffff,H3,2025,6,1.0
8848c25aabfffff,H3,2025,7,0.8
8848c25aabfffff,H3,2025,8,0.7
8848c25aabfffff,H3,2025,9,0.7
8848c25aabfffff,H3,2025,10,0.8
8848c25aabfffff,H3,2025,11,0.8
8848c25aabfffff,H3,2025,12,1.0
8848c25aabfffff,H3,2025,13,1.1
8848c25aabfffff,H3,2025,14,1.2
8848c25aabfffff,H3,2025,15,1.5
8848c25aabfffff,H3,2025,16,1.8
8848c25aabfffff,H3,2025,17,2.4
8848c25aabfffff,H3,2025,18,2.7
8848c25aabfffff,H3,2025,19,3.0
8848c25aabfffff,H3,2025,20,3.0
8848c25aabfffff,H3,2025,21,3.0
8848c25aabfffff,H3,2025,22,2.7
8848c25aabfffff,H3,2025,23,2.4
8848c2c067fffff,H3,2025,0,6.4
8848c2c067fffff,H3,2025,1,5.6
8848c2c067fffff,H3,2025,2,4.8
8848c2c067fffff,H3,2025,3,4.3
8848c2c067fffff,H3,2025,4,4.0
8848c2c067fffff,H3,2025,5,3.5
8848c2c067fffff,H3,2025,6,3.3
8848c2c067fffff,H3,2025,7,2.6
8848c2c067fffff,H3,2025,8,2.3
8848c2c067fffff,H3,2025,9,2.2
8848c2c067fffff,H3,2025,10,2.4
8848c2c067fffff,H3,2025,11,2.7
8848c2c067fffff,H3,2025,12,3.2
8848c2c067fffff,H3,2025,13,3.5
8848c2c067fffff,H3,2025,14,3.9
8848c2c067fffff,H3,2025,15,4.7
8848c2c067fffff,H3,2025,16,5.8
8848c2c067fffff,H3,2025,17,7.5
8848c2c067fffff,H3,2025,18,8.6
8848c2c067fffff,H3,2025,19,9.3
8848c2c067fffff,H3,2025,20,9.5
8848c2c067fffff,H3,2025,21,9.3
8848c2c067fffff,H3,2025,22,8.6
8848c2c067fffff,H3,2025,23,7.6
8848c2c85dfffff,H3,2025,0,11.1
8848c2c85dfffff,H3,2025,1,9.8
8848c2c85dfffff,H3,2025,2,8.5
8848c2c85dfffff,H3,2025,3,7.6
8848c2c85dfffff,H3,2025,4,6.9
8848c2c85dfffff,H3,2025,5,6.2
8848c2c85dfffff,H3,2025,6,5.6
8848c2c85dfffff,H3,2025,7,4.4
8848c2c85dfffff,H3,2025,8,3.8
8848c2c85dfffff,H3,2025,9,3.6
8848c2c85dfffff,H3,2025,10,3.9
8848c2c85dfffff,H3,2025,11,4.4
8848c2c85dfffff,H3,2025,12,5.1
8848c2c85dfffff,H3,2025,13,5.8
8848c2c85dfffff,H3,2025,14,6.5
8848c2c85dfffff,H3,2025,15,7.6
8848c2c85dfffff,H3,2025,16,9.4
8848c2c85dfffff,H3,2025,17,12.4
8848c2c85dfffff,H3,2025,18,14.4
8848c2c85dfffff,H3,2025,19,15.6
8848c2c85dfffff,H3,2025,20,16.2
8848c2c85dfffff,H3,2025,21,15.8
8848c2c85dfffff,H3,2025,22,14.7
8848c2c85dfffff,H3,2025,23,13.1
8848c47623fffff,H3,2025,0,2.0
8848c47623fffff,H3,2025,1,1.8
8848c47623fffff,H3,2025,2,1.6
8848c47623fffff,H3,2025,3,1.4
8848c47623fffff,H3,2025,4,1.2
8848c47623fffff,H3,2025,5,1.1
8848c47623fffff,H3,2025,6,1.0
8848c47623fffff,H3,2025,7,0.8
8848c47623fffff,H3,2025,8,0.7
8848c47623fffff,H3,2025,9,0.7
8848c47623fffff,H3,2025,10,0.7
8848c47623fffff,H3,2025,11,0.8
8848c47623fffff,H3,2025,12,0.9
8848c47623fffff,H3,2025,13,1.0
8848c47623fffff,H3,2025,14,1.1
8848c47623fffff,H3,2025,15,1.4
8848c47623fffff,H3,2025,16,1.7
8848c47623fffff,H3,2025,17,2.3
8848c47623fffff,H3,2025,18,2.6
8848c47623fffff,H3,2025,19,2.8
8848c47623fffff,H3,2025,20,3.0
8848c47623fffff,H3,2025,21,3.0
8848c47623fffff,H3,2025,22,2.7
8848c47623fffff,H3,2025,23,2.4
8848c5735bfffff,H3,2025,0,42.2
8848c5735bfffff,H3,2025,1,36.9
8848c5735bfffff,H3,2025,2,32.2
8848c5735bfffff,H3,2025,3,28.9
8848c5735bfffff,H3,2025,4,26.1
8848c5735bfffff,H3,2025,5,23.8
8848c5735bfffff,H3,2025,6,21.2
8848c5735bfffff,H3,2025,7,17.0
8848c5735bfffff,H3,2025,8,14.4
8848c5735bfffff,H3,2025,9,13.9
8848c5735bfffff,H3,2025,10,15.0
8848c5735bfffff,H3,2025,11,17.2
8848c5735bfffff,H3,2025,12,19.9
8848c5735bfffff,H3,2025,13,22.2
8848c5735bfffff,H3,2025,14,24.8
8848c5735bfffff,H3,2025,15,29.1
8848c5735bfffff,H3,2025,16,36.2
8848c5735bfffff,H3,2025,17,47.5
8848c5735bfffff,H3,2025,18,55.5
8848c5735bfffff,H3,2025,19,59.5
8848c5735bfffff,H3,2025,20,61.8
8848c5735bfffff,H3,2025,21,60.5
8848c5735bfffff,H3,2025,22,56.0
8848c5735bfffff,H3,2025,23,49.8
8848c61135fffff,H3,2025,0,28.6
8848c61135fffff,H3,2025,1,25.1
8848c61135fffff,H3,2025,2,21.8
8848c61135fffff,H3,2025,3,19.7
8848c61135fffff,H3,2025,4,17.8
8848c61135fffff,H3,2025,5,16.1
8848c61135fffff,H3,2025,6,14.4
8848c61135fffff,H3,2025,7,11.6
8848c61135fffff,H3,2025,8,9.8
8848c61135fffff,H3,2025,9,9.4
8848c61135fffff,H3,2025,10,10.2
8848c61135fffff,H3,2025,11,11.7
8848c61135fffff,H3,2025,12,13.5
8848c61135fffff,H3,2025,13,15.0
8848c61135fffff,H3,2025,14,16.8
8848c61135fffff,H3,2025,15,19.8
8848c61135fffff,H3,2025,16,24.7
8848c61135fffff,H3,2025,17,32.2
8848c61135fffff,H3,2025,18,37.6
8848c61135fffff,H3,2025,19,40.3
8848c61135fffff,H3,2025,20,42.0
8848c61135fffff,H3,2025,21,41.0
8848c61135fffff,H3,2025,22,38.1
8848c61135fffff,H3,2025,23,33.9
8848c612dbfffff,H3,2025,0,27.2
8848c612dbfffff,H3,2025,1,23.8
8848c612dbfffff,H3,2025,2,20.7
8848c612dbfffff,H3,2025,3,18.6
8848c612dbfffff,H3,2025,4,16.8
8848c612dbfffff,H3,2025,5,15.3
8848c612dbfffff,H3,2025,6,13.8
8848c612dbfffff,H3,2025,7,11.0
8848c612dbfffff,H3,2025,8,9.3
8848c612dbfffff,H3,2025,9,9.0
8848c612dbfffff,H3,2025,10,9.7
8848c612dbfffff,H3,2025,11,11.0
8848c612dbfffff,H3,2025,12,12.8
8848c612dbfffff,H3,2025,13,14.3
8848c612dbfffff,H3,2025,14,15.9
8848c612dbfffff,H3,2025,15,18.8
8848c612dbfffff,H3,2025,16,23.4
8848c612dbfffff,H3,2025,17,30.6
8848c612dbfffff,H3,2025,18,35.8
8848c612dbfffff,H3,2025,19,38.3
8848c612dbfffff,H3,2025,20,39.9
8848c612dbfffff,H3,2025,21,39.0
8848c612dbfffff,H3,2025,22,36.1
8848c612dbfffff,H3,2025,23,32.0
8848c61569fffff,H3,2025,0,1.5
8848c61569fffff,H3,2025,1,1.2
8848c61569fffff,H3,2025,2,1.1
8848c61569fffff,H3,2025,3,1.0
8848c61569fffff,H3,2025,4,0.9
8848c61569fffff,H3,2025,5,0.8
8848c61569fffff,H3,2025,6,0.7
8848c61569fffff,H3,2025,7,0.6
8848c61569fffff,H3,2025,8,0.5
8848c61569fffff,H3,2025,9,0.5
8848c61569fffff,H3,2025,10,0.6
8848c61569fffff,H3,2025,11,0.6
8848c61569fffff,H3,2025,12,0.7
8848c61569fffff,H3,2025,13,0.8
8848c61569fffff,H3,2025,14,0.9
8848c61569fffff,H3,2025,15,1.0
8848c61569fffff,H3,2025,16,1.2
8848c61569fffff,H3,2025,17,1.7
8848c61569fffff,H3,2025,18,1.9
8848c61569fffff,H3,2025,19,2.0
8848c61569fffff,H3,2025,20,2.2
8848c61569fffff,H3,2025,21,2.0
8848c61569fffff,H3,2025,22,1.9
8848c61569fffff,H3,2025,23,1.7
8848c6234bfffff,H3,2025,0,3.8
8848c6234bfffff,H3,2025,1,3.3
8848c6234bfffff,H3,2025,2,2.8
8848c6234bfffff,H3,2025,3,2.5
8848c6234bfffff,H3,2025,4,2.3
8848c6234bfffff,H3,2025,5,2.2
8848c6234bfffff,H3,2025,6,1.8
8848c6234bfffff,H3,2025,7,1.5
8848c6234bfffff,H3,2025,8,1.2
8848c6234bfffff,H3,2025,9,1.2
8848c6234bfffff,H3,2025,10,1.2
8848c6234bfffff,H3,2025,11,1.5
8848c6234bfffff,H3,2025,12,1.7
8848c6234bfffff,H3,2025,13,1.9
8848c6234bfffff,H3,2025,14,2.2
8848c6234bfffff,H3,2025,15,2.5
8848c6234bfffff,H3,2025,16,3.2
8848c6234bfffff,H3,2025,17,4.1
8848c6234bfffff,H3,2025,18,4.9
8848c6234bfffff,H3,2025,19,5.2
8848c6234bfffff,H3,2025,20,5.5
8848c6234bfffff,H3,2025,21,5.3
8848c6234bfffff,H3,2025,22,4.9
8848c6234bfffff,H3,2025,23,4.4
8848c6234dfffff,H3,2025,0,22.8
8848c6234dfffff,H3,2025,1,20.0
8848c6234dfffff,H3,2025,2,17.4
8848c6234dfffff,H3,2025,3,15.7
8848c6234dfffff,H3,2025,4,14.2
8848c6234dfffff,H3,2025,5,12.8
8848c6234dfffff,H3,2025,6,11.5
8848c6234dfffff,H3,2025,7,9.2
8848c6234dfffff,H3,2025,8,7.7
8848c6234dfffff,H3,2025,9,7.4
8848c6234dfffff,H3,2025,10,8.0
8848c6234dfffff,H3,2025,11,9.2
8848c6234dfffff,H3,2025,12,10.6
8848c6234dfffff,H3,2025,13,11.8
8848c6234dfffff,H3,2025,14,13.2
8848c6234dfffff,H3,2025,15,15.5
8848c6234dfffff,H3,2025,16,19.3
8848c6234dfffff,H3,2025,17,25.3
8848c6234dfffff,H3,2025,18,29.7
8848c6234dfffff,H3,2025,19,31.9
8848c6234dfffff,H3,2025,20,33.2
8848c6234dfffff,H3,2025,21,32.5
8848c6234dfffff,H3,2025,22,30.2
8848c6234dfffff,H3,2025,23,26.8
8848c63ab9fffff,H3,2025,0,1.6
8848c63ab9fffff,H3,2025,1,1.4
8848c63ab9fffff,H3,2025,2,1.1
8848c63ab9fffff,H3,2025,3,1.0
8848c63ab9fffff,H3,2025,4,0.9
8848c63ab9fffff,H3,2025,5,0.9
8848c63ab9fffff,H3,2025,6,0.8
8848c63ab9fffff,H3,2025,7,0.6
8848c63ab9fffff,H3,2025,8,0.6
8848c63ab9fffff,H3,2025,9,0.5
8848c63ab9fffff,H3,2025,10,0.6
8848c63ab9fffff,H3,2025,11,0.6
8848c63ab9fffff,H3,2025,12,0.7
8848c63ab9fffff,H3,2025,13,0.8
8848c63ab9fffff,H3,2025,14,0.9
8848c63ab9fffff,H3,2025,15,1.0
8848c63ab9fffff,H3,2025,16,1.2
8848c63ab9fffff,H3,2025,17,1.7
8848c63ab9fffff,H3,2025,18,2.0
8848c63ab9fffff,H3,2025,19,2.2
8848c63ab9fffff,H3,2025,20,2.3
8848c63ab9fffff,H3,2025,21,2.2
8848c63ab9fffff,H3,2025,22,2.0
8848c63ab9fffff,H3,2025,23,1.8
8848c67415fffff,H3,2025,0,18.3
8848c67415fffff,H3,2025,1,16.0
8848c67415fffff,H3,2025,2,13.9
8848c67415fffff,H3,2025,3,12.4
8848c67415fffff,H3,2025,4,11.1
8848c67415fffff,H3,2025,5,10.2
8848c67415fffff,H3,2025,6,9.4
8848c67415fffff,H3,2025,7,7.8
8848c67415fffff,H3,2025,8,6.7
8848c67415fffff,H3,2025,9,6.5
8848c67415fffff,H3,2025,10,7.0
8848c67415fffff,H3,2025,11,8.0
8848c67415fffff,H3,2025,12,9.3
8848c67415fffff,H3,2025,13,10.5
8848c67415fffff,H3,2025,14,11.6
8848c67415fffff,H3,2025,15,13.8
8848c67415fffff,H3,2025,16,17.2
8848c67415fffff,H3,2025,17,22.0
8848c67415fffff,H3,2025,18,25.5
8848c67415fffff,H3,2025,19,27.0
8848c67415fffff,H3,2025,20,27.8
8848c67415fffff,H3,2025,21,26.9
8848c67415fffff,H3,2025,22,24.9
8848c67415fffff,H3,2025,23,21.8
8848c689e7fffff,H3,2025,0,11.8
8848c689e7fffff,H3,2025,1,10.3
8848c689e7fffff,H3,2025,2,9.1
8848c689e7fffff,H3,2025,3,8.2
8848c689e7fffff,H3,2025,4,7.4
8848c689e7fffff,H3,2025,5,6.7
8848c689e7fffff,H3,2025,6,5.9
8848c689e7fffff,H3,2025,7,4.8
8848c689e7fffff,H3,2025,8,4.0
8848c689e7fffff,H3,2025,9,3.9
8848c689e7fffff,H3,2025,10,4.1
8848c689e7fffff,H3,2025,11,4.8
8848c689e7fffff,H3,2025,12,5.5
8848c689e7fffff,H3,2025,13,6.1
8848c689e7fffff,H3,2025,14,6.8
8848c689e7fffff,H3,2025,15,8.0
8848c689e7fffff,H3,2025,16,10.0
8848c689e7fffff,H3,2025,17,13.1
8848c689e7fffff,H3,2025,18,15.3
8848c689e7fffff,H3,2025,19,16.5
8848c689e7fffff,H3,2025,20,17.3
8848c689e7fffff,H3,2025,21,16.8
8848c689e7fffff,H3,2025,22,15.7
8848c689e7fffff,H3,2025,23,14.0
8848c6c469fffff,H3,2025,0,36.4
8848c6c469fffff,H3,2025,1,31.8
8848c6c469fffff,H3,2025,2,27.7
8848c6c469fffff,H3,2025,3,25.0
8848c6c469fffff,H3,2025,4,22.6
8848c6c469fffff,H3,2025,5,20.6
8848c6c469fffff,H3,2025,6,18.3
8848c6c469fffff,H3,2025,7,14.5
8848c6c469fffff,H3,2025,8,12.3
8848c6c469fffff,H3,2025,9,11.8
8848c6c469fffff,H3,2025,10,12.7
8848c6c469fffff,H3,2025,11,14.5
8848c6c469fffff,H3,2025,12,16.9
8848c6c469fffff,H3,2025,13,18.8
8848c6c469fffff,H3,2025,14,21.0
8848c6c469fffff,H3,2025,15,24.8
8848c6c469fffff,H3,2025,16,30.8
8848c6c469fffff,H3,2025,17,40.3
8848c6c469fffff,H3,2025,18,47.3
8848c6c469fffff,H3,2025,19,50.8
8848c6c469fffff,H3,2025,20,53.0
8848c6c469fffff,H3,2025,21,51.8
8848c6c469fffff,H3,2025,22,48.2
8848c6c469fffff,H3,2025,23,42.8
8848c6c4e3fffff,H3,2025,0,31.7
8848c6c4e3fffff,H3,2025,1,27.7
8848c6c4e3fffff,H3,2025,2,24.2
8848c6c4e3fffff,H3,2025,3,21.8
8848c6c4e3fffff,H3,2025,4,19.8
8848c6c4e3fffff,H3,2025,5,18.0
8848c6c4e3fffff,H3,2025,6,15.9
8848c6c4e3fffff,H3,2025,7,12.6
8848c6c4e3fffff,H3,2025,8,10.6
8848c6c4e3fffff,H3,2025,9,10.2
8848c6c4e3fffff,H3,2025,10,11.0
8848c6c4e3fffff,H3,2025,11,12.6
8848c6c4e3fffff,H3,2025,12,14.5
8848c6c4e3fffff,H3,2025,13,16.2
8848c6c4e3fffff,H3,2025,14,18.2
8848c6c4e3fffff,H3,2025,15,21.4
8848c6c4e3fffff,H3,2025,16,26.6
8848c6c4e3fffff,H3,2025,17,34.9
8848c6c4e3fffff,H3,2025,18,40.9
8848c6c4e3fffff,H3,2025,19,44.1
8848c6c4e3fffff,H3,2025,20,45.9
8848c6c4e3fffff,H3,2025,21,45.0
8848c6c4e3fffff,H3,2025,22,41.8
8848c6c4e3fffff,H3,2025,23,37.3
8848c6c693fffff,H3,2025,0,3.6
8848c6c693fffff,H3,2025,1,3.2
8848c6c693fffff,H3,2025,2,2.7
8848c6c693fffff,H3,2025,3,2.5
8848c6c693fffff,H3,2025,4,2.3
8848c6c693fffff,H3,2025,5,2.0
8848c6c693fffff,H3,2025,6,1.8
8848c6c693fffff,H3,2025,7,1.5
8848c6c693fffff,H3,2025,8,1.2
8848c6c693fffff,H3,2025,9,1.1
8848c6c693fffff,H3,2025,10,1.2
8848c6c693fffff,H3,2025,11,1.5
8848c6c693fffff,H3,2025,12,1.7
8848c6c693fffff,H3,2025,13,1.8
8848c6c693fffff,H3,2025,14,2.0
8848c6c693fffff,H3,2025,15,2.4
8848c6c693fffff,H3,2025,16,3.1
8848c6c693fffff,H3,2025,17,4.0
8848c6c693fffff,H3,2025,18,4.7
8848c6c693fffff,H3,2025,19,5.0
8848c6c693fffff,H3,2025,20,5.2
8848c6c693fffff,H3,2025,21,5.1
8848c6c693fffff,H3,2025,22,4.8
8848c6c693fffff,H3,2025,23,4.2
8848c6c725fffff,H3,2025,0,19.9
8848c6c725fffff,H3,2025,1,17.4
8848c6c725fffff,H3,2025,2,15.2
8848c6c725fffff,H3,2025,3,13.6
8848c6c725fffff,H3,2025,4,12.4
8848c6c725fffff,H3,2025,5,11.2
8848c6c725fffff,H3,2025,6,10.0
8848c6c725fffff,H3,2025,7,8.0
8848c6c725fffff,H3,2025,8,6.7
8848c6c725fffff,H3,2025,9,6.5
8848c6c725fffff,H3,2025,10,7.0
8848c6c725fffff,H3,2025,11,8.0
8848c6c725fffff,H3,2025,12,9.3
8848c6c725fffff,H3,2025,13,10.3
8848c6c725fffff,H3,2025,14,11.6
8848c6c725fffff,H3,2025,15,13.5
8848c6c725fffff,H3,2025,16,16.9
8848c6c725fffff,H3,2025,17,22.2
8848c6c725fffff,H3,2025,18,26.0
8848c6c725fffff,H3,2025,19,27.8
8848c6c725fffff,H3,2025,20,29.1
8848c6c725fffff,H3,2025,21,28.4
8848c6c725fffff,H3,2025,22,26.4
8848c6c725fffff,H3,2025,23,23.5
8848c6c751fffff,H3,2025,0,1.9
8848c6c751fffff,H3,2025,1,1.7
8848c6c751fffff,H3,2025,2,1.5
8848c6c751fffff,H3,2025,3,1.2
8848c6c751fffff,H3,2025,4,1.1
8848c6c751fffff,H3,2025,5,1.0
8848c6c751fffff,H3,2025,6,0.9
8848c6c751fffff,H3,2025,7,0.8
8848c6c751fffff,H3,2025,8,0.7
8848c6c751fffff,H3,2025,9,0.7
8848c6c751fffff,H3,2025,10,0.7
8848c6c751fffff,H3,2025,11,0.8
8848c6c751fffff,H3,2025,12,0.9
8848c6c751fffff,H3,2025,13,1.0
8848c6c751fffff,H3,2025,14,1.1
8848c6c751fffff,H3,2025,15,1.2
8848c6c751fffff,H3,2025,16,1.6
8848c6c751fffff,H3,2025,17,2.2
8848c6c751fffff,H3,2025,18,2.5
8848c6c751fffff,H3,2025,19,2.7
8848c6c751fffff,H3,2025,20,2.7
8848c6c751fffff,H3,2025,21,2.7
8848c6c751fffff,H3,2025,22,2.5
8848c6c751fffff,H3,2025,23,2.3
8848c6cc83fffff,H3,2025,0,4.0
8848c6cc83fffff,H3,2025,1,3.4
8848c6cc83fffff,H3,2025,2,3.0
8848c6cc83fffff,H3,2025,3,2.6
8848c6cc83fffff,H3,2025,4,2.4
8848c6cc83fffff,H3,2025,5,2.2
8848c6cc83fffff,H3,2025,6,2.0
8848c6cc83fffff,H3,2025,7,1.7
8848c6cc83fffff,H3,2025,8,1.5
8848c6cc83fffff,H3,2025,9,1.5
8848c6cc83fffff,H3,2025,10,1.6
8848c6cc83fffff,H3,2025,11,1.8
8848c6cc83fffff,H3,2025,12,2.2
8848c6cc83fffff,H3,2025,13,2.4
8848c6cc83fffff,H3,2025,14,2.6
8848c6cc83fffff,H3,2025,15,3.1
8848c6cc83fffff,H3,2025,16,3.9
8848c6cc83fffff,H3,2025,17,5.0
8848c6cc83fffff,H3,2025,18,5.7
8848c6cc83fffff,H3,2025,19,6.0
8848c6cc83fffff,H3,2025,20,6.1
8848c6cc83fffff,H3,2025,21,5.9
8848c6cc83fffff,H3,2025,22,5.5
8848c6cc83fffff,H3,2025,23,4.8
8848c6cc8bfffff,H3,2025,0,42.7
8848c6cc8bfffff,H3,2025,1,36.9
8848c6cc8bfffff,H3,2025,2,31.9
8848c6cc8bfffff,H3,2025,3,28.5
8848c6cc8bfffff,H3,2025,4,25.8
8848c6cc8bfffff,H3,2025,5,23.8
8848c6cc8bfffff,H3,2025,6,22.0
8848c6cc8bfffff,H3,2025,7,18.8
8848c6cc8bfffff,H3,2025,8,16.9
8848c6cc8bfffff,H3,2025,9,16.7
8848c6cc8bfffff,H3,2025,10,18.2
8848c6cc8bfffff,H3,2025,11,20.6
8848c6cc8bfffff,H3,2025,12,23.9
8848c6cc8bfffff,H3,2025,13,26.8
8848c6cc8bfffff,H3,2025,14,29.0
8848c6cc8bfffff,H3,2025,15,33.9
8848c6cc8bfffff,H3,2025,16,41.6
8848c6cc8bfffff,H3,2025,17,53.3
8848c6cc8bfffff,H3,2025,18,61.4
8848c6cc8bfffff,H3,2025,19,64.5
8848c6cc8bfffff,H3,2025,20,66.1
8848c6cc8bfffff,H3,2025,21,63.6
8848c6cc8bfffff,H3,2025,22,58.5
8848c6cc8bfffff,H3,2025,23,51.2
8848c6d1dbfffff,H3,2025,0,19.1
8848c6d1dbfffff,H3,2025,1,16.7
8848c6d1dbfffff,H3,2025,2,14.5
8848c6d1dbfffff,H3,2025,3,13.1
8848c6d1dbfffff,H3,2025,4,11.8
8848c6d1dbfffff,H3,2025,5,10.8
8848c6d1dbfffff,H3,2025,6,9.5
8848c6d1dbfffff,H3,2025,7,7.7
8848c6d1dbfffff,H3,2025,8,6.5
8848c6d1dbfffff,H3,2025,9,6.2
8848c6d1dbfffff,H3,2025,10,6.8
8848c6d1dbfffff,H3,2025,11,7.7
8848c6d1dbfffff,H3,2025,12,9.0
8848c6d1dbfffff,H3,2025,13,10.0
8848c6d1dbfffff,H3,2025,14,11.1
8848c6d1dbfffff,H3,2025,15,13.1
8848c6d1dbfffff,H3,2025,16,16.2
8848c6d1dbfffff,H3,2025,17,21.4
8848c6d1dbfffff,H3,2025,18,25.0
8848c6d1dbfffff,H3,2025,19,26.8
8848c6d1dbfffff,H3,2025,20,28.0
8848c6d1dbfffff,H3,2025,21,27.3
8848c6d1dbfffff,H3,2025,22,25.3
8848c6d1dbfffff,H3,2025,23,22.5
8848c81995fffff,H3,2025,0,1.7
8848c81995fffff,H3,2025,1,1.5
8848c81995fffff,H3,2025,2,1.4
8848c81995fffff,H3,2025,3,1.2
8848c81995fffff,H3,2025,4,1.0
8848c81995fffff,H3,2025,5,1.0
8848c81995fffff,H3,2025,6,0.9
8848c81995fffff,H3,2025,7,0.7
8848c81995fffff,H3,2025,8,0.6
8848c81995fffff,H3,2025,9,0.6
8848c81995fffff,H3,2025,10,0.6
8848c81995fffff,H3,2025,11,0.7
8848c81995fffff,H3,2025,12,0.8
8848c81995fffff,H3,2025,13,0.9
8848c81995fffff,H3,2025,14,1.0
8848c81995fffff,H3,2025,15,1.1
8848c81995fffff,H3,2025,16,1.5
8848c81995fffff,H3,2025,17,1.9
8848c81995fffff,H3,2025,18,2.3
8848c81995fffff,H3,2025,19,2.4
8848c81995fffff,H3,2025,20,2.5
8848c81995fffff,H3,2025,21,2.5
8848c81995fffff,H3,2025,22,2.3
8848c81995fffff,H3,2025,23,2.0
8848c931b5fffff,H3,2025,0,2.0
8848c931b5fffff,H3,2025,1,1.6
8848c931b5fffff,H3,2025,2,1.4
8848c931b5fffff,H3,2025,3,1.2
8848c931b5fffff,H3,2025,4,1.1
8848c931b5fffff,H3,2025,5,1.0
8848c931b5fffff,H3,2025,6,1.0
8848c931b5fffff,H3,2025,7,1.0
8848c931b5fffff,H3,2025,8,1.2
8848c931b5fffff,H3,2025,9,1.4
8848c931b5fffff,H3,2025,10,1.5
8848c931b5fffff,H3,2025,11,1.7
8848c931b5fffff,H3,2025,12,1.9
8848c931b5fffff,H3,2025,13,2.2
8848c931b5fffff,H3,2025,14,2.2
8848c931b5fffff,H3,2025,15,2.3
8848c931b5fffff,H3,2025,16,2.6
8848c931b5fffff,H3,2025,17,3.2
8848c931b5fffff,H3,2025,18,3.6
8848c931b5fffff,H3,2025,19,3.5
8848c931b5fffff,H3,2025,20,3.5
8848c931b5fffff,H3,2025,21,3.3
8848c931b5fffff,H3,2025,22,3.0
8848c931b5fffff,H3,2025,23,2.5
8848ca10b3fffff,H3,2025,0,1.7
8848ca10b3fffff,H3,2025,1,1.5
8848ca10b3fffff,H3,2025,2,1.2
8848ca10b3fffff,H3,2025,3,1.1
8848ca10b3fffff,H3,2025,4,1.0
8848ca10b3fffff,H3,2025,5,0.9
8848ca10b3fffff,H3,2025,6,0.9
8848ca10b3fffff,H3,2025,7,0.7
8848ca10b3fffff,H3,2025,8,0.6
8848ca10b3fffff,H3,2025,9,0.6
8848ca10b3fffff,H3,2025,10,0.6
8848ca10b3fffff,H3,2025,11,0.7
8848ca10b3fffff,H3,2025,12,0.8
8848ca10b3fffff,H3,2025,13,0.9
8848ca10b3fffff,H3,2025,14,1.0
8848ca10b3fffff,H3,2025,15,1.2
8848ca10b3fffff,H3,2025,16,1.5
8848ca10b3fffff,H3,2025,17,1.9
8848ca10b3fffff,H3,2025,18,2.3
8848ca10b3fffff,H3,2025,19,2.4
8848ca10b3fffff,H3,2025,20,2.5
8848ca10b3fffff,H3,2025,21,2.4
8848ca10b3fffff,H3,2025,22,2.3
8848ca10b3fffff,H3,2025,23,2.0
8848ca1a09fffff,H3,2025,0,2.2
8848ca1a09fffff,H3,2025,1,1.7
8848ca1a09fffff,H3,2025,2,1.5
8848ca1a09fffff,H3,2025,3,1.4
8848ca1a09fffff,H3,2025,4,1.2
8848ca1a09fffff,H3,2025,5,1.1
8848ca1a09fffff,H3,2025,6,1.0
8848ca1a09fffff,H3,2025,7,1.0
8848ca1a09fffff,H3,2025,8,1.1
8848ca1a09fffff,H3,2025,9,1.2
8848ca1a09fffff,H3,2025,10,1.2
8848ca1a09fffff,H3,2025,11,1.5
8848ca1a09fffff,H3,2025,12,1.6
8848ca1a09fffff,H3,2025,13,1.8
8848ca1a09fffff,H3,2025,14,1.8
8848ca1a09fffff,H3,2025,15,2.0
8848ca1a09fffff,H3,2025,16,2.4
8848ca1a09fffff,H3,2025,17,3.0
8848ca1a09fffff,H3,2025,18,3.4
8848ca1a09fffff,H3,2025,19,3.4
8848ca1a09fffff,H3,2025,20,3.5
8848ca1a09fffff,H3,2025,21,3.3
8848ca1a09fffff,H3,2025,22,3.0
8848ca1a09fffff,H3,2025,23,2.6
8848ca4039fffff,H3,2025,0,5.6
8848ca4039fffff,H3,2025,1,4.7
8848ca4039fffff,H3,2025,2,4.0
8848ca4039fffff,H3,2025,3,3.6
8848ca4039fffff,H3,2025,4,3.3
8848ca4039fffff,H3,2025,5,3.0
8848ca4039fffff,H3,2025,6,2.8
8848ca4039fffff,H3,2025,7,2.6
8848ca4039fffff,H3,2025,8,2.7
8848ca4039fffff,H3,2025,9,3.0
8848ca4039fffff,H3,2025,10,3.2
8848ca4039fffff,H3,2025,11,3.6
8848ca4039fffff,H3,2025,12,4.1
8848ca4039fffff,H3,2025,13,4.5
8848ca4039fffff,H3,2025,14,4.8
8848ca4039fffff,H3,2025,15,5.3
8848ca4039fffff,H3,2025,16,6.1
8848ca4039fffff,H3,2025,17,7.7
8848ca4039fffff,H3,2025,18,8.9
8848ca4039fffff,H3,2025,19,9.0
8848ca4039fffff,H3,2025,20,9.2
8848ca4039fffff,H3,2025,21,8.6
8848ca4039fffff,H3,2025,22,8.0
8848ca4039fffff,H3,2025,23,6.9
8848caad95fffff,H3,2025,0,1.8
8848caad95fffff,H3,2025,1,1.6
8848caad95fffff,H3,2025,2,1.4
8848caad95fffff,H3,2025,3,1.2
8848caad95fffff,H3,2025,4,1.1
8848caad95fffff,H3,2025,5,1.0
8848caad95fffff,H3,2025,6,0.9
8848caad95fffff,H3,2025,7,0.8
8848caad95fffff,H3,2025,8,0.7
8848caad95fffff,H3,2025,9,0.6
8848caad95fffff,H3,2025,10,0.7
8848caad95fffff,H3,2025,11,0.8
8848caad95fffff,H3,2025,12,0.9
8848caad95fffff,H3,2025,13,1.0
8848caad95fffff,H3,2025,14,1.1
8848caad95fffff,H3,2025,15,1.2
8848caad95fffff,H3,2025,16,1.6
8848caad95fffff,H3,2025,17,2.0
8848caad95fffff,H3,2025,18,2.4
8848caad95fffff,H3,2025,19,2.6
8848caad95fffff,H3,2025,20,2.7
8848caad95fffff,H3,2025,21,2.6
8848caad95fffff,H3,2025,22,2.4
8848caad95fffff,H3,2025,23,2.2
8848cb1925fffff,H3,2025,0,1.6
8848cb1925fffff,H3,2025,1,1.4
8848cb1925fffff,H3,2025,2,1.1
8848cb1925fffff,H3,2025,3,1.0
8848cb1925fffff,H3,2025,4,0.9
8848cb1925fffff,H3,2025,5,0.9
8848cb1925fffff,H3,2025,6,0.8
8848cb1925fffff,H3,2025,7,0.7
8848cb1925fffff,H3,2025,8,0.7
8848cb1925fffff,H3,2025,9,0.7
8848cb1925fffff,H3,2025,10,0.7
8848cb1925fffff,H3,2025,11,0.8
8848cb1925fffff,H3,2025,12,0.9
8848cb1925fffff,H3,2025,13,1.0
8848cb1925fffff,H3,2025,14,1.1
8848cb1925fffff,H3,2025,15,1.2
8848cb1925fffff,H3,2025,16,1.5
8848cb1925fffff,H3,2025,17,1.9
8848cb1925fffff,H3,2025,18,2.3
8848cb1925fffff,H3,2025,19,2.4
8848cb1925fffff,H3,2025,20,2.5
8848cb1925fffff,H3,2025,21,2.4
8848cb1925fffff,H3,2025,22,2.2
8848cb1925fffff,H3,2025,23,1.9
8848cb25d5fffff,H3,2025,0,3.2
8848cb25d5fffff,H3,2025,1,2.8
8848cb25d5fffff,H3,2025,2,2.4
8848cb25d5fffff,H3,2025,3,2.2
8848cb25d5fffff,H3,2025,4,1.9
8848cb25d5fffff,H3,2025,5,1.8
8848cb25d5fffff,H3,2025,6,1.6
8848cb25d5fffff,H3,2025,7,1.4
8848cb25d5fffff,H3,2025,8,1.2
8848cb25d5fffff,H3,2025,9,1.2
8848cb25d5fffff,H3,2025,10,1.4
8848cb25d5fffff,H3,2025,11,1.5
8848cb25d5fffff,H3,2025,12,1.8
8848cb25d5fffff,H3,2025,13,1.9
8848cb25d5fffff,H3,2025,14,2.2
8848cb25d5fffff,H3,2025,15,2.5
8848cb25d5fffff,H3,2025,16,3.1
8848cb25d5fffff,H3,2025,17,3.9
8848cb25d5fffff,H3,2025,18,4.5
8848cb25d5fffff,H3,2025,19,4.8
8848cb25d5fffff,H3,2025,20,5.0
8848cb25d5fffff,H3,2025,21,4.8
8848cb25d5fffff,H3,2025,22,4.4
8848cb25d5fffff,H3,2025,23,3.9
8848cb46b1fffff,H3,2025,0,0.9
8848cb46b1fffff,H3,2025,1,0.8
8848cb46b1fffff,H3,2025,2,0.7
8848cb46b1fffff,H3,2025,3,0.6
8848cb46b1fffff,H3,2025,4,0.6
8848cb46b1fffff,H3,2025,5,0.5
8848cb46b1fffff,H3,2025,6,0.5
8848cb46b1fffff,H3,2025,7,0.6
8848cb46b1fffff,H3,2025,8,0.7
8848cb46b1fffff,H3,2025,9,0.7
8848cb46b1fffff,H3,2025,10,0.8
8848cb46b1fffff,H3,2025,11,0.9
8848cb46b1fffff,H3,2025,12,0.9
8848cb46b1fffff,H3,2025,13,1.0
8848cb46b1fffff,H3,2025,14,1.0
8848cb46b1fffff,H3,2025,15,1.1
8848cb46b1fffff,H3,2025,16,1.2
8848cb46b1fffff,H3,2025,17,1.6
8848cb46b1fffff,H3,2025,18,1.8
8848cb46b1fffff,H3,2025,19,1.8
8848cb46b1fffff,H3,2025,20,1.8
8848cb46b1fffff,H3,2025,21,1.6
8848cb46b1fffff,H3,2025,22,1.5
8848cb46b1fffff,H3,2025,23,1.2
8848cb95adfffff,H3,2025,0,2.8
8848cb95adfffff,H3,2025,1,2.5
8848cb95adfffff,H3,2025,2,2.2
8848cb95adfffff,H3,2025,3,1.9
8848cb95adfffff,H3,2025,4,1.8
8848cb95adfffff,H3,2025,5,1.6
8848cb95adfffff,H3,2025,6,1.5
8848cb95adfffff,H3,2025,7,1.1
8848cb95adfffff,H3,2025,8,0.9
8848cb95adfffff,H3,2025,9,0.9
8848cb95adfffff,H3,2025,10,1.0
8848cb95adfffff,H3,2025,11,1.1
8848cb95adfffff,H3,2025,12,1.4
8848cb95adfffff,H3,2025,13,1.5
8848cb95adfffff,H3,2025,14,1.6
8848cb95adfffff,H3,2025,15,1.9
8848cb95adfffff,H3,2025,16,2.4
8848cb95adfffff,H3,2025,17,3.2
8848cb95adfffff,H3,2025,18,3.8
8848cb95adfffff,H3,2025,19,4.0
8848cb95adfffff,H3,2025,20,4.2
8848cb95adfffff,H3,2025,21,4.1
8848cb95adfffff,H3,2025,22,3.8
8848cb95adfffff,H3,2025,23,3.4
8848cc12b3fffff,H3,2025,0,2.7
8848cc12b3fffff,H3,2025,1,2.4
8848cc12b3fffff,H3,2025,2,2.0
8848cc12b3fffff,H3,2025,3,1.8
8848cc12b3fffff,H3,2025,4,1.6
8848cc12b3fffff,H3,2025,5,1.5
8848cc12b3fffff,H3,2025,6,1.4
8848cc12b3fffff,H3,2025,7,1.1
8848cc12b3fffff,H3,2025,8,1.0
8848cc12b3fffff,H3,2025,9,1.0
8848cc12b3fffff,H3,2025,10,1.1
8848cc12b3fffff,H3,2025,11,1.2
8848cc12b3fffff,H3,2025,12,1.5
8848cc12b3fffff,H3,2025,13,1.6
8848cc12b3fffff,H3,2025,14,1.8
8848cc12b3fffff,H3,2025,15,2.0
8848cc12b3fffff,H3,2025,16,2.5
8848cc12b3fffff,H3,2025,17,3.3
8848cc12b3fffff,H3,2025,18,3.8
8848cc12b3fffff,H3,2025,19,4.0
8848cc12b3fffff,H3,2025,20,4.1
8848cc12b3fffff,H3,2025,21,4.0
8848cc12b3fffff,H3,2025,22,3.6
8848cc12b3fffff,H3,2025,23,3.2
8848cc49d5fffff,H3,2025,0,1.9
8848cc49d5fffff,H3,2025,1,1.7
8848cc49d5fffff,H3,2025,2,1.5
8848cc49d5fffff,H3,2025,3,1.4
8848cc49d5fffff,H3,2025,4,1.2
8848cc49d5fffff,H3,2025,5,1.1
8848cc49d5fffff,H3,2025,6,1.0
8848cc49d5fffff,H3,2025,7,0.8
8848cc49d5fffff,H3,2025,8,0.7
8848cc49d5fffff,H3,2025,9,0.7
8848cc49d5fffff,H3,2025,10,0.8
8848cc49d5fffff,H3,2025,11,0.9
8848cc49d5fffff,H3,2025,12,1.0
8848cc49d5fffff,H3,2025,13,1.1
8848cc49d5fffff,H3,2025,14,1.2
8848cc49d5fffff,H3,2025,15,1.5
8848cc49d5fffff,H3,2025,16,1.8
8848cc49d5fffff,H3,2025,17,2.4
8848cc49d5fffff,H3,2025,18,2.7
8848cc49d5fffff,H3,2025,19,3.0
8848cc49d5fffff,H3,2025,20,3.0
8848cc49d5fffff,H3,2025,21,2.8
8848cc49d5fffff,H3,2025,22,2.6
8848cc49d5fffff,H3,2025,23,2.3
8848cd36ebfffff,H3,2025,0,1.4
8848cd36ebfffff,H3,2025,1,1.1
8848cd36ebfffff,H3,2025,2,1.0
8848cd36ebfffff,H3,2025,3,0.9
8848cd36ebfffff,H3,2025,4,0.8
8848cd36ebfffff,H3,2025,5,0.8
8848cd36ebfffff,H3,2025,6,0.7
8848cd36ebfffff,H3,2025,7,0.6
8848cd36ebfffff,H3,2025,8,0.5
8848cd36ebfffff,H3,2025,9,0.5
8848cd36ebfffff,H3,2025,10,0.5
8848cd36ebfffff,H3,2025,11,0.6
8848cd36ebfffff,H3,2025,12,0.7
8848cd36ebfffff,H3,2025,13,0.7
8848cd36ebfffff,H3,2025,14,0.8
8848cd36ebfffff,H3,2025,15,0.9
8848cd36ebfffff,H3,2025,16,1.1
8848cd36ebfffff,H3,2025,17,1.6
8848cd36ebfffff,H3,2025,18,1.8
8848cd36ebfffff,H3,2025,19,1.9
8848cd36ebfffff,H3,2025,20,2.0
8848cd36ebfffff,H3,2025,21,1.9
8848cd36ebfffff,H3,2025,22,1.8
8848cd36ebfffff,H3,2025,23,1.6
8848cd8f4dfffff,H3,2025,0,1.1
8848cd8f4dfffff,H3,2025,1,1.0
8848cd8f4dfffff,H3,2025,2,0.9
8848cd8f4dfffff,H3,2025,3,0.8
8848cd8f4dfffff,H3,2025,4,0.7
8848cd8f4dfffff,H3,2025,5,0.7
8848cd8f4dfffff,H3,2025,6,0.6
8848cd8f4dfffff,H3,2025,7,0.6
8848cd8f4dfffff,H3,2025,8,0.5
8848cd8f4dfffff,H3,2025,9,0.5
8848cd8f4dfffff,H3,2025,10,0.5
8848cd8f4dfffff,H3,2025,11,0.6
8848cd8f4dfffff,H3,2025,12,0.6
8848cd8f4dfffff,H3,2025,13,0.7
8848cd8f4dfffff,H3,2025,14,0.8
8848cd8f4dfffff,H3,2025,15,0.9
8848cd8f4dfffff,H3,2025,16,1.1
8848cd8f4dfffff,H3,2025,17,1.5
8848cd8f4dfffff,H3,2025,18,1.7
8848cd8f4dfffff,H3,2025,19,1.8
8848cd8f4dfffff,H3,2025,20,1.8
8848cd8f4dfffff,H3,2025,21,1.7
8848cd8f4dfffff,H3,2025,22,1.6
8848cd8f4dfffff,H3,2025,23,1.4
8848d02603fffff,H3,2025,0,3.1
8848d02603fffff,H3,2025,1,2.6
8848d02603fffff,H3,2025,2,2.3
8848d02603fffff,H3,2025,3,2.0
8848d02603fffff,H3,2025,4,1.9
8848d02603fffff,H3,2025,5,1.7
8848d02603fffff,H3,2025,6,1.5
8848d02603fffff,H3,2025,7,1.2
8848d02603fffff,H3,2025,8,1.0
8848d02603fffff,H3,2025,9,1.0
8848d02603fffff,H3,2025,10,1.0
8848d02603fffff,H3,2025,11,1.2
8848d02603fffff,H3,2025,12,1.4
8848d02603fffff,H3,2025,13,1.6
8848d02603fffff,H3,2025,14,1.8
8848d02603fffff,H3,2025,15,2.0
8848d02603fffff,H3,2025,16,2.6
8848d02603fffff,H3,2025,17,3.4
8848d02603fffff,H3,2025,18,4.0
8848d02603fffff,H3,2025,19,4.2
8848d02603fffff,H3,2025,20,4.4
8848d02603fffff,H3,2025,21,4.3
8848d02603fffff,H3,2025,22,4.0
8848d02603fffff,H3,2025,23,3.5
8848d0931bfffff,H3,2025,0,3.3
8848d0931bfffff,H3,2025,1,2.8
8848d0931bfffff,H3,2025,2,2.5
8848d0931bfffff,H3,2025,3,2.3
8848d0931bfffff,H3,2025,4,2.0
8848d0931bfffff,H3,2025,5,1.8
8848d0931bfffff,H3,2025,6,1.7
8848d0931bfffff,H3,2025,7,1.4
8848d0931bfffff,H3,2025,8,1.1
8848d0931bfffff,H3,2025,9,1.0
8848d0931bfffff,H3,2025,10,1.1
8848d0931bfffff,H3,2025,11,1.4
8848d0931bfffff,H3,2025,12,1.6
8848d0931bfffff,H3,2025,13,1.7
8848d0931bfffff,H3,2025,14,1.9
8848d0931bfffff,H3,2025,15,2.3
8848d0931bfffff,H3,2025,16,2.8
8848d0931bfffff,H3,2025,17,3.6
8848d0931bfffff,H3,2025,18,4.3
8848d0931bfffff,H3,2025,19,4.7
8848d0931bfffff,H3,2025,20,4.8
8848d0931bfffff,H3,2025,21,4.8
8848d0931bfffff,H3,2025,22,4.4
8848d0931bfffff,H3,2025,23,3.9
8848d0ba39fffff,H3,2025,0,13.2
8848d0ba39fffff,H3,2025,1,11.5
8848d0ba39fffff,H3,2025,2,10.0
8848d0ba39fffff,H3,2025,3,9.0
8848d0ba39fffff,H3,2025,4,8.2
8848d0ba39fffff,H3,2025,5,7.4
8848d0ba39fffff,H3,2025,6,6.6
8848d0ba39fffff,H3,2025,7,5.3
8848d0ba39fffff,H3,2025,8,4.4
8848d0ba39fffff,H3,2025,9,4.3
8848d0ba39fffff,H3,2025,10,4.7
8848d0ba39fffff,H3,2025,11,5.3
8848d0ba39fffff,H3,2025,12,6.1
8848d0ba39fffff,H3,2025,13,6.8
8848d0ba39fffff,H3,2025,14,7.7
8848d0ba39fffff,H3,2025,15,9.0
8848d0ba39fffff,H3,2025,16,11.2
8848d0ba39fffff,H3,2025,17,14.7
8848d0ba39fffff,H3,2025,18,17.2
8848d0ba39fffff,H3,2025,19,18.4
8848d0ba39fffff,H3,2025,20,19.2
8848d0ba39fffff,H3,2025,21,18.8
8848d0ba39fffff,H3,2025,22,17.4
8848d0ba39fffff,H3,2025,23,15.6
8848d4a449fffff,H3,2025,0,1.2
8848d4a449fffff,H3,2025,1,1.1
8848d4a449fffff,H3,2025,2,1.0
8848d4a449fffff,H3,2025,3,0.9
8848d4a449fffff,H3,2025,4,0.8
8848d4a449fffff,H3,2025,5,0.7
8848d4a449fffff,H3,2025,6,0.7
8848d4a449fffff,H3,2025,7,0.6
8848d4a449fffff,H3,2025,8,0.5
8848d4a449fffff,H3,2025,9,0.5
8848d4a449fffff,H3,2025,10,0.5
8848d4a449fffff,H3,2025,11,0.6
8848d4a449fffff,H3,2025,12,0.6
8848d4a449fffff,H3,2025,13,0.7
8848d4a449fffff,H3,2025,14,0.8
8848d4a449fffff,H3,2025,15,0.9
8848d4a449fffff,H3,2025,16,1.1
8848d4a449fffff,H3,2025,17,1.5
8848d4a449fffff,H3,2025,18,1.7
8848d4a449fffff,H3,2025,19,1.8
8848d4a449fffff,H3,2025,20,1.9
8848d4a449fffff,H3,2025,21,1.8
8848d4a449fffff,H3,2025,22,1.7
8848d4a449fffff,H3,2025,23,1.5
8848d80961fffff,H3,2025,0,1.4
8848d80961fffff,H3,2025,1,1.2
8848d80961fffff,H3,2025,2,1.0
8848d80961fffff,H3,2025,3,0.9
8848d80961fffff,H3,2025,4,0.9
8848d80961fffff,H3,2025,5,0.8
8848d80961fffff,H3,2025,6,0.7
8848d80961fffff,H3,2025,7,0.6
8848d80961fffff,H3,2025,8,0.5
8848d80961fffff,H3,2025,9,0.5
8848d80961fffff,H3,2025,10,0.5
8848d80961fffff,H3,2025,11,0.6
8848d80961fffff,H3,2025,12,0.7
8848d80961fffff,H3,2025,13,0.8
8848d80961fffff,H3,2025,14,0.8
8848d80961fffff,H3,2025,15,1.0
8848d80961fffff,H3,2025,16,1.2
8848d80961fffff,H3,2025,17,1.6
8848d80961fffff,H3,2025,18,1.8
8848d80961fffff,H3,2025,19,2.0
8848d80961fffff,H3,2025,20,2.0
8848d80961fffff,H3,2025,21,2.0
8848d80961fffff,H3,2025,22,1.8
8848d80961fffff,H3,2025,23,1.7
8848d82705fffff,H3,2025,0,1.2
8848d82705fffff,H3,2025,1,1.1
8848d82705fffff,H3,2025,2,1.0
8848d82705fffff,H3,2025,3,0.9
8848d82705fffff,H3,2025,4,0.8
8848d82705fffff,H3,2025,5,0.7
8848d82705fffff,H3,2025,6,0.7
8848d82705fffff,H3,2025,7,0.6
8848d82705fffff,H3,2025,8,0.5
8848d82705fffff,H3,2025,9,0.5
8848d82705fffff,H3,2025,10,0.5
8848d82705fffff,H3,2025,11,0.6
8848d82705fffff,H3,2025,12,0.7
8848d82705fffff,H3,2025,13,0.8
8848d82705fffff,H3,2025,14,0.8
8848d82705fffff,H3,2025,15,0.9
8848d82705fffff,H3,2025,16,1.2
8848d82705fffff,H3,2025,17,1.6
8848d82705fffff,H3,2025,18,1.8
8848d82705fffff,H3,2025,19,1.9
8848d82705fffff,H3,2025,20,1.9
8848d82705fffff,H3,2025,21,1.9
8848d82705fffff,H3,2025,22,1.7
8848d82705fffff,H3,2025,23,1.6
8848d8282dfffff,H3,2025,0,1.4
8848d8282dfffff,H3,2025,1,1.2
8848d8282dfffff,H3,2025,2,1.0
8848d8282dfffff,H3,2025,3,0.9
8848d8282dfffff,H3,2025,4,0.9
8848d8282dfffff,H3,2025,5,0.8
8848d8282dfffff,H3,2025,6,0.7
8848d8282dfffff,H3,2025,7,0.6
8848d8282dfffff,H3,2025,8,0.5
8848d8282dfffff,H3,2025,9,0.5
8848d8282dfffff,H3,2025,10,0.5
8848d8282dfffff,H3,2025,11,0.6
8848d8282dfffff,H3,2025,12,0.7
8848d8282dfffff,H3,2025,13,0.7
8848d8282dfffff,H3,2025,14,0.8
8848d8282dfffff,H3,2025,15,0.9
8848d8282dfffff,H3,2025,16,1.1
8848d8282dfffff,H3,2025,17,1.5
8848d8282dfffff,H3,2025,18,1.8
8848d8282dfffff,H3,2025,19,1.9
8848d8282dfffff,H3,2025,20,1.9
8848d8282dfffff,H3,2025,21,1.9
8848d8282dfffff,H3,2025,22,1.8
8848d8282dfffff,H3,2025,23,1.6
8848d82959fffff,H3,2025,0,34.2
8848d82959fffff,H3,2025,1,29.9
8848d82959fffff,H3,2025,2,25.9
8848d82959fffff,H3,2025,3,23.3
8848d82959fffff,H3,2025,4,21.0
8848d82959fffff,H3,2025,5,19.2
8848d82959fffff,H3,2025,6,17.4
8848d82959fffff,H3,2025,7,14.3
8848d82959fffff,H3,2025,8,12.3
8848d82959fffff,H3,2025,9,11.8
8848d82959fffff,H3,2025,10,12.8
8848d82959fffff,H3,2025,11,14.5
8848d82959fffff,H3,2025,12,16.9
8848d82959fffff,H3,2025,13,19.0
8848d82959fffff,H3,2025,14,21.0
8848d82959fffff,H3,2025,15,24.8
8848d82959fffff,H3,2025,16,30.9
8848d82959fffff,H3,2025,17,40.0
8848d82959fffff,H3,2025,18,46.5
8848d82959fffff,H3,2025,19,49.5
8848d82959fffff,H3,2025,20,51.2
8848d82959fffff,H3,2025,21,49.8
8848d82959fffff,H3,2025,22,46.0
8848d82959fffff,H3,2025,23,40.6
8848d854b7fffff,H3,2025,0,9.3
8848d854b7fffff,H3,2025,1,8.2
8848d854b7fffff,H3,2025,2,7.0
8848d854b7fffff,H3,2025,3,6.4
8848d854b7fffff,H3,2025,4,5.8
8848d854b7fffff,H3,2025,5,5.2
8848d854b7fffff,H3,2025,6,4.8
8848d854b7fffff,H3,2025,7,3.9
8848d854b7fffff,H3,2025,8,3.2
8848d854b7fffff,H3,2025,9,3.1
8848d854b7fffff,H3,2025,10,3.4
8848d854b7fffff,H3,2025,11,3.9
8848d854b7fffff,H3,2025,12,4.4
8848d854b7fffff,H3,2025,13,5.0
8848d854b7fffff,H3,2025,14,5.6
8848d854b7fffff,H3,2025,15,6.5
8848d854b7fffff,H3,2025,16,8.2
8848d854b7fffff,H3,2025,17,10.6
8848d854b7fffff,H3,2025,18,12.4
8848d854b7fffff,H3,2025,19,13.3
8848d854b7fffff,H3,2025,20,13.8
8848d854b7fffff,H3,2025,21,13.4
8848d854b7fffff,H3,2025,22,12.4
8848d854b7fffff,H3,2025,23,11.0
8848d86ed5fffff,H3,2025,0,1.8
8848d86ed5fffff,H3,2025,1,1.6
8848d86ed5fffff,H3,2025,2,1.4
8848d86ed5fffff,H3,2025,3,1.2
8848d86ed5fffff,H3,2025,4,1.1
8848d86ed5fffff,H3,2025,5,1.0
8848d86ed5fffff,H3,2025,6,0.9
8848d86ed5fffff,H3,2025,7,0.7
8848d86ed5fffff,H3,2025,8,0.6
8848d86ed5fffff,H3,2025,9,0.6
8848d86ed5fffff,H3,2025,10,0.7
8848d86ed5fffff,H3,2025,11,0.7
8848d86ed5fffff,H3,2025,12,0.8
8848d86ed5fffff,H3,2025,13,0.9
8848d86ed5fffff,H3,2025,14,1.0
8848d86ed5fffff,H3,2025,15,1.2
8848d86ed5fffff,H3,2025,16,1.5
8848d86ed5fffff,H3,2025,17,2.0
8848d86ed5fffff,H3,2025,18,2.4
8848d86ed5fffff,H3,2025,19,2.5
8848d86ed5fffff,H3,2025,20,2.6
8848d86ed5fffff,H3,2025,21,2.6
8848d86ed5fffff,H3,2025,22,2.4
8848d86ed5fffff,H3,2025,23,2.2
8848d87307fffff,H3,2025,0,28.0
8848d87307fffff,H3,2025,1,24.4
8848d87307fffff,H3,2025,2,21.4
8848d87307fffff,H3,2025,3,19.2
8848d87307fffff,H3,2025,4,17.4
8848d87307fffff,H3,2025,5,15.8
8848d87307fffff,H3,2025,6,14.0
8848d87307fffff,H3,2025,7,11.1
8848d87307fffff,H3,2025,8,9.3
8848d87307fffff,H3,2025,9,9.0
8848d87307fffff,H3,2025,10,9.7
8848d87307fffff,H3,2025,11,11.1
8848d87307fffff,H3,2025,12,12.8
8848d87307fffff,H3,2025,13,14.3
8848d87307fffff,H3,2025,14,16.0
8848d87307fffff,H3,2025,15,18.8
8848d87307fffff,H3,2025,16,23.4
8848d87307fffff,H3,2025,17,30.8
8848d87307fffff,H3,2025,18,36.1
8848d87307fffff,H3,2025,19,38.9
8848d87307fffff,H3,2025,20,40.5
8848d87307fffff,H3,2025,21,39.7
8848d87307fffff,H3,2025,22,36.9
8848d87307fffff,H3,2025,23,33.0
8848d87321fffff,H3,2025,0,1.2
8848d87321fffff,H3,2025,1,1.1
8848d87321fffff,H3,2025,2,0.9
8848d87321fffff,H3,2025,3,0.9
8848d87321fffff,H3,2025,4,0.8
8848d87321fffff,H3,2025,5,0.7
8848d87321fffff,H3,2025,6,0.7
8848d87321fffff,H3,2025,7,0.5
8848d87321fffff,H3,2025,8,0.5
8848d87321fffff,H3,2025,9,0.5
8848d87321fffff,H3,2025,10,0.5
8848d87321fffff,H3,2025,11,0.5
8848d87321fffff,H3,2025,12,0.6
8848d87321fffff,H3,2025,13,0.7
8848d87321fffff,H3,2025,14,0.7
8848d87321fffff,H3,2025,15,0.8
8848d87321fffff,H3,2025,16,1.0
8848d87321fffff,H3,2025,17,1.4
8848d87321fffff,H3,2025,18,1.6
8848d87321fffff,H3,2025,19,1.7
8848d87321fffff,H3,2025,20,1.8
8848d87321fffff,H3,2025,21,1.8
8848d87321fffff,H3,2025,22,1.6
8848d87321fffff,H3,2025,23,1.5
8848d88289fffff,H3,2025,0,11.8
8848d88289fffff,H3,2025,1,10.3
8848d88289fffff,H3,2025,2,9.0
8848d88289fffff,H3,2025,3,8.0
8848d88289fffff,H3,2025,4,7.2
8848d88289fffff,H3,2025,5,6.6
8848d88289fffff,H3,2025,6,6.0
8848d88289fffff,H3,2025,7,5.0
8848d88289fffff,H3,2025,8,4.3
8848d88289fffff,H3,2025,9,4.1
8848d88289fffff,H3,2025,10,4.4
8848d88289fffff,H3,2025,11,5.1
8848d88289fffff,H3,2025,12,5.9
8848d88289fffff,H3,2025,13,6.7
8848d88289fffff,H3,2025,14,7.4
8848d88289fffff,H3,2025,15,8.8
8848d88289fffff,H3,2025,16,10.9
8848d88289fffff,H3,2025,17,14.1
8848d88289fffff,H3,2025,18,16.2
8848d88289fffff,H3,2025,19,17.3
8848d88289fffff,H3,2025,20,17.8
8848d88289fffff,H3,2025,21,17.3
8848d88289fffff,H3,2025,22,15.9
8848d88289fffff,H3,2025,23,14.0
8848d88429fffff,H3,2025,0,7.0
8848d88429fffff,H3,2025,1,6.2
8848d88429fffff,H3,2025,2,5.5
8848d88429fffff,H3,2025,3,4.9
8848d88429fffff,H3,2025,4,4.4
8848d88429fffff,H3,2025,5,4.0
8848d88429fffff,H3,2025,6,3.5
8848d88429fffff,H3,2025,7,2.8
8848d88429fffff,H3,2025,8,2.4
8848d88429fffff,H3,2025,9,2.3
8848d88429fffff,H3,2025,10,2.5
8848d88429fffff,H3,2025,11,2.8
8848d88429fffff,H3,2025,12,3.3
8848d88429fffff,H3,2025,13,3.6
8848d88429fffff,H3,2025,14,4.1
8848d88429fffff,H3,2025,15,4.8
8848d88429fffff,H3,2025,16,6.0
8848d88429fffff,H3,2025,17,7.8
8848d88429fffff,H3,2025,18,9.2
8848d88429fffff,H3,2025,19,9.9
8848d88429fffff,H3,2025,20,10.3
8848d88429fffff,H3,2025,21,10.1
8848d88429fffff,H3,2025,22,9.3
8848d88429fffff,H3,2025,23,8.3
8848d8866bfffff,H3,2025,0,1.6
8848d8866bfffff,H3,2025,1,1.5
8848d8866bfffff,H3,2025,2,1.2
8848d8866bfffff,H3,2025,3,1.1
8848d8866bfffff,H3,2025,4,1.0
8848d8866bfffff,H3,2025,5,0.9
8848d8866bfffff,H3,2025,6,0.8
8848d8866bfffff,H3,2025,7,0.7
8848d8866bfffff,H3,2025,8,0.6
8848d8866bfffff,H3,2025,9,0.6
8848d8866bfffff,H3,2025,10,0.6
8848d8866bfffff,H3,2025,11,0.7
8848d8866bfffff,H3,2025,12,0.8
8848d8866bfffff,H3,2025,13,0.8
8848d8866bfffff,H3,2025,14,0.9
8848d8866bfffff,H3,2025,15,1.1
8848d8866bfffff,H3,2025,16,1.4
8848d8866bfffff,H3,2025,17,1.8
8848d8866bfffff,H3,2025,18,2.2
8848d8866bfffff,H3,2025,19,2.3
8848d8866bfffff,H3,2025,20,2.4
8848d8866bfffff,H3,2025,21,2.3
8848d8866bfffff,H3,2025,22,2.2
8848d8866bfffff,H3,2025,23,1.9
8848d8871bfffff,H3,2025,0,6.5
8848d8871bfffff,H3,2025,1,5.7
8848d8871bfffff,H3,2025,2,4.9
8848d8871bfffff,H3,2025,3,4.4
8848d8871bfffff,H3,2025,4,4.0
8848d8871bfffff,H3,2025,5,3.6
8848d8871bfffff,H3,2025,6,3.3
8848d8871bfffff,H3,2025,7,2.6
8848d8871bfffff,H3,2025,8,2.2
8848d8871bfffff,H3,2025,9,2.2
8848d8871bfffff,H3,2025,10,2.3
8848d8871bfffff,H3,2025,11,2.6
8848d8871bfffff,H3,2025,12,3.1
8848d8871bfffff,H3,2025,13,3.4
8848d8871bfffff,H3,2025,14,3.8
8848d8871bfffff,H3,2025,15,4.4
8848d8871bfffff,H3,2025,16,5.6
8848d8871bfffff,H3,2025,17,7.3
8848d8871bfffff,H3,2025,18,8.5
8848d8871bfffff,H3,2025,19,9.1
8848d8871bfffff,H3,2025,20,9.4
8848d8871bfffff,H3,2025,21,9.3
8848d8871bfffff,H3,2025,22,8.6
8848d8871bfffff,H3,2025,23,7.6
8848d894b5fffff,H3,2025,0,12.4
8848d894b5fffff,H3,2025,1,10.8
8848d894b5fffff,H3,2025,2,9.4
8848d894b5fffff,H3,2025,3,8.5
8848d894b5fffff,H3,2025,4,7.7
8848d894b5fffff,H3,2025,5,6.9
8848d894b5fffff,H3,2025,6,6.1
8848d894b5fffff,H3,2025,7,4.9
8848d894b5fffff,H3,2025,8,4.1
8848d894b5fffff,H3,2025,9,4.0
8848d894b5fffff,H3,2025,10,4.3
8848d894b5fffff,H3,2025,11,4.9
8848d894b5fffff,H3,2025,12,5.7
8848d894b5fffff,H3,2025,13,6.4
8848d894b5fffff,H3,2025,14,7.0
8848d894b5fffff,H3,2025,15,8.3
8848d894b5fffff,H3,2025,16,10.3
8848d894b5fffff,H3,2025,17,13.6
8848d894b5fffff,H3,2025,18,16.0
8848d894b5fffff,H3,2025,19,17.2
8848d894b5fffff,H3,2025,20,18.0
8848d894b5fffff,H3,2025,21,17.6
8848d894b5fffff,H3,2025,22,16.4
8848d894b5fffff,H3,2025,23,14.5
8848d894b7fffff,H3,2025,0,1.2
8848d894b7fffff,H3,2025,1,1.1
8848d894b7fffff,H3,2025,2,1.0
8848d894b7fffff,H3,2025,3,0.9
8848d894b7fffff,H3,2025,4,0.8
8848d894b7fffff,H3,2025,5,0.8
8848d894b7fffff,H3,2025,6,0.7
8848d894b7fffff,H3,2025,7,0.6
8848d894b7fffff,H3,2025,8,0.5
8848d894b7fffff,H3,2025,9,0.5
8848d894b7fffff,H3,2025,10,0.5
8848d894b7fffff,H3,2025,11,0.6
8848d894b7fffff,H3,2025,12,0.6
8848d894b7fffff,H3,2025,13,0.7
8848d894b7fffff,H3,2025,14,0.8
8848d894b7fffff,H3,2025,15,0.9
8848d894b7fffff,H3,2025,16,1.1
8848d894b7fffff,H3,2025,17,1.5
8848d894b7fffff,H3,2025,18,1.7
8848d894b7fffff,H3,2025,19,1.8
8848d894b7fffff,H3,2025,20,1.9
8848d894b7fffff,H3,2025,21,1.8
8848d894b7fffff,H3,2025,22,1.7
8848d894b7fffff,H3,2025,23,1.6
8848d895a9fffff,H3,2025,0,3.4
8848d895a9fffff,H3,2025,1,3.0
8848d895a9fffff,H3,2025,2,2.6
8848d895a9fffff,H3,2025,3,2.4
8848d895a9fffff,H3,2025,4,2.2
8848d895a9fffff,H3,2025,5,1.9
8848d895a9fffff,H3,2025,6,1.7
8848d895a9fffff,H3,2025,7,1.4
8848d895a9fffff,H3,2025,8,1.1
8848d895a9fffff,H3,2025,9,1.1
8848d895a9fffff,H3,2025,10,1.2
8848d895a9fffff,H3,2025,11,1.4
8848d895a9fffff,H3,2025,12,1.6
8848d895a9fffff,H3,2025,13,1.8
8848d895a9fffff,H3,2025,14,2.0
8848d895a9fffff,H3,2025,15,2.4
8848d895a9fffff,H3,2025,16,3.0
8848d895a9fffff,H3,2025,17,3.9
8848d895a9fffff,H3,2025,18,4.5
8848d895a9fffff,H3,2025,19,4.8
8848d895a9fffff,H3,2025,20,5.0
8848d895a9fffff,H3,2025,21,4.9
8848d895a9fffff,H3,2025,22,4.5
8848d895a9fffff,H3,2025,23,4.1
8848d895c5fffff,H3,2025,0,8.1
8848d895c5fffff,H3,2025,1,7.0
8848d895c5fffff,H3,2025,2,6.1
8848d895c5fffff,H3,2025,3,5.6
8848d895c5fffff,H3,2025,4,5.0
8848d895c5fffff,H3,2025,5,4.5
8848d895c5fffff,H3,2025,6,4.1
8848d895c5fffff,H3,2025,7,3.3
8848d895c5fffff,H3,2025,8,2.8
8848d895c5fffff,H3,2025,9,2.7
8848d895c5fffff,H3,2025,10,3.0
8848d895c5fffff,H3,2025,11,3.3
8848d895c5fffff,H3,2025,12,3.9
8848d895c5fffff,H3,2025,13,4.3
8848d895c5fffff,H3,2025,14,4.8
8848d895c5fffff,H3,2025,15,5.7
8848d895c5fffff,H3,2025,16,7.0
8848d895c5fffff,H3,2025,17,9.2
8848d895c5fffff,H3,2025,18,10.8
8848d895c5fffff,H3,2025,19,11.5
8848d895c5fffff,H3,2025,20,11.9
8848d895c5fffff,H3,2025,21,11.7
8848d895c5fffff,H3,2025,22,10.8
8848d895c5fffff,H3,2025,23,9.5
8848d895e1fffff,H3,2025,0,6.7
8848d895e1fffff,H3,2025,1,5.9
8848d895e1fffff,H3,2025,2,5.1
8848d895e1fffff,H3,2025,3,4.7
8848d895e1fffff,H3,2025,4,4.2
8848d895e1fffff,H3,2025,5,3.8
8848d895e1fffff,H3,2025,6,3.4
8848d895e1fffff,H3,2025,7,2.7
8848d895e1fffff,H3,2025,8,2.3
8848d895e1fffff,H3,2025,9,2.3
8848d895e1fffff,H3,2025,10,2.4
8848d895e1fffff,H3,2025,11,2.7
8848d895e1fffff,H3,2025,12,3.2
8848d895e1fffff,H3,2025,13,3.5
8848d895e1fffff,H3,2025,14,4.0
8848d895e1fffff,H3,2025,15,4.7
8848d895e1fffff,H3,2025,16,5.8
8848d895e1fffff,H3,2025,17,7.6
8848d895e1fffff,H3,2025,18,8.9
8848d895e1fffff,H3,2025,19,9.5
8848d895e1fffff,H3,2025,20,9.9
8848d895e1fffff,H3,2025,21,9.7
8848d895e1fffff,H3,2025,22,9.0
8848d895e1fffff,H3,2025,23,8.0
8848dbc9b9fffff,H3,2025,0,2.5
8848dbc9b9fffff,H3,2025,1,2.2
8848dbc9b9fffff,H3,2025,2,1.9
8848dbc9b9fffff,H3,2025,3,1.7
8848dbc9b9fffff,H3,2025,4,1.6
8848dbc9b9fffff,H3,2025,5,1.5
8848dbc9b9fffff,H3,2025,6,1.2
8848dbc9b9fffff,H3,2025,7,1.0
8848dbc9b9fffff,H3,2025,8,0.9
8848dbc9b9fffff,H3,2025,9,0.9
8848dbc9b9fffff,H3,2025,10,0.9
8848dbc9b9fffff,H3,2025,11,1.0
8848dbc9b9fffff,H3,2025,12,1.2
8848dbc9b9fffff,H3,2025,13,1.4
8848dbc9b9fffff,H3,2025,14,1.5
8848dbc9b9fffff,H3,2025,15,1.8
8848dbc9b9fffff,H3,2025,16,2.3
8848dbc9b9fffff,H3,2025,17,3.0
8848dbc9b9fffff,H3,2025,18,3.4
8848dbc9b9fffff,H3,2025,19,3.6
8848dbc9b9fffff,H3,2025,20,3.8
8848dbc9b9fffff,H3,2025,21,3.6
8848dbc9b9fffff,H3,2025,22,3.4
8848dbc9b9fffff,H3,2025,23,3.0
8848dd3009fffff,H3,2025,0,1.2
8848dd3009fffff,H3,2025,1,1.0
8848dd3009fffff,H3,2025,2,0.9
8848dd3009fffff,H3,2025,3,0.8
8848dd3009fffff,H3,2025,4,0.8
8848dd3009fffff,H3,2025,5,0.7
8848dd3009fffff,H3,2025,6,0.6
8848dd3009fffff,H3,2025,7,0.5
8848dd3009fffff,H3,2025,8,0.5
8848dd3009fffff,H3,2025,9,0.3
8848dd3009fffff,H3,2025,10,0.5
8848dd3009fffff,H3,2025,11,0.5
8848dd3009fffff,H3,2025,12,0.6
8848dd3009fffff,H3,2025,13,0.7
8848dd3009fffff,H3,2025,14,0.7
8848dd3009fffff,H3,2025,15,0.8
8848dd3009fffff,H3,2025,16,1.0
8848dd3009fffff,H3,2025,17,1.4
8848dd3009fffff,H3,2025,18,1.6
8848dd3009fffff,H3,2025,19,1.7
8848dd3009fffff,H3,2025,20,1.8
8848dd3009fffff,H3,2025,21,1.7
8848dd3009fffff,H3,2025,22,1.6
8848dd3009fffff,H3,2025,23,1.5
8848dd496dfffff,H3,2025,0,7.3
8848dd496dfffff,H3,2025,1,6.4
8848dd496dfffff,H3,2025,2,5.6
8848dd496dfffff,H3,2025,3,5.0
8848dd496dfffff,H3,2025,4,4.5
8848dd496dfffff,H3,2025,5,4.1
8848dd496dfffff,H3,2025,6,3.6
8848dd496dfffff,H3,2025,7,3.0
8848dd496dfffff,H3,2025,8,2.4
8848dd496dfffff,H3,2025,9,2.4
8848dd496dfffff,H3,2025,10,2.5
8848dd496dfffff,H3,2025,11,2.8
8848dd496dfffff,H3,2025,12,3.4
8848dd496dfffff,H3,2025,13,3.8
8848dd496dfffff,H3,2025,14,4.2
8848dd496dfffff,H3,2025,15,4.9
8848dd496dfffff,H3,2025,16,6.1
8848dd496dfffff,H3,2025,17,8.1
8848dd496dfffff,H3,2025,18,9.4
8848dd496dfffff,H3,2025,19,10.1
8848dd496dfffff,H3,2025,20,10.6
8848dd496dfffff,H3,2025,21,10.3
8848dd496dfffff,H3,2025,22,9.7
8848dd496dfffff,H3,2025,23,8.6
8848e8092dfffff,H3,2025,0,1.8
8848e8092dfffff,H3,2025,1,1.6
8848e8092dfffff,H3,2025,2,1.4
8848e8092dfffff,H3,2025,3,1.2
8848e8092dfffff,H3,2025,4,1.1
8848e8092dfffff,H3,2025,5,1.0
8848e8092dfffff,H3,2025,6,0.9
8848e8092dfffff,H3,2025,7,0.7
8848e8092dfffff,H3,2025,8,0.6
8848e8092dfffff,H3,2025,9,0.6
8848e8092dfffff,H3,2025,10,0.7
8848e8092dfffff,H3,2025,11,0.7
8848e8092dfffff,H3,2025,12,0.8
8848e8092dfffff,H3,2025,13,0.9
8848e8092dfffff,H3,2025,14,1.0
8848e8092dfffff,H3,2025,15,1.2
8848e8092dfffff,H3,2025,16,1.5
8848e8092dfffff,H3,2025,17,1.9
8848e8092dfffff,H3,2025,18,2.3
8848e8092dfffff,H3,2025,19,2.5
8848e8092dfffff,H3,2025,20,2.6
8848e8092dfffff,H3,2025,21,2.5
8848e8092dfffff,H3,2025,22,2.4
8848e8092dfffff,H3,2025,23,2.2
8848e80e33fffff,H3,2025,0,2.6
8848e80e33fffff,H3,2025,1,2.3
8848e80e33fffff,H3,2025,2,1.9
8848e80e33fffff,H3,2025,3,1.8
8848e80e33fffff,H3,2025,4,1.6
8848e80e33fffff,H3,2025,5,1.5
8848e80e33fffff,H3,2025,6,1.2
8848e80e33fffff,H3,2025,7,1.0
8848e80e33fffff,H3,2025,8,0.9
8848e80e33fffff,H3,2025,9,0.8
8848e80e33fffff,H3,2025,10,0.9
8848e80e33fffff,H3,2025,11,1.0
8848e80e33fffff,H3,2025,12,1.1
8848e80e33fffff,H3,2025,13,1.4
8848e80e33fffff,H3,2025,14,1.5
8848e80e33fffff,H3,2025,15,1.7
8848e80e33fffff,H3,2025,16,2.2
8848e80e33fffff,H3,2025,17,2.8
8848e80e33fffff,H3,2025,18,3.3
8848e80e33fffff,H3,2025,19,3.5
8848e80e33fffff,H3,2025,20,3.8
8848e80e33fffff,H3,2025,21,3.6
8848e80e33fffff,H3,2025,22,3.4
8848e80e33fffff,H3,2025,23,3.1
8848e81821fffff,H3,2025,0,18.4
8848e81821fffff,H3,2025,1,16.1
8848e81821fffff,H3,2025,2,14.1
8848e81821fffff,H3,2025,3,12.6
8848e81821fffff,H3,2025,4,11.5
8848e81821fffff,H3,2025,5,10.5
8848e81821fffff,H3,2025,6,9.2
8848e81821fffff,H3,2025,7,7.4
8848e81821fffff,H3,2025,8,6.2
8848e81821fffff,H3,2025,9,5.9
8848e81821fffff,H3,2025,10,6.5
8848e81821fffff,H3,2025,11,7.4
8848e81821fffff,H3,2025,12,8.5
8848e81821fffff,H3,2025,13,9.4
8848e81821fffff,H3,2025,14,10.6
8848e81821fffff,H3,2025,15,12.5
8848e81821fffff,H3,2025,16,15.6
8848e81821fffff,H3,2025,17,20.3
8848e81821fffff,H3,2025,18,23.9
8848e81821fffff,H3,2025,19,25.7
8848e81821fffff,H3,2025,20,26.8
8848e81821fffff,H3,2025,21,26.2
8848e81821fffff,H3,2025,22,24.3
8848e81821fffff,H3,2025,23,21.7
8848e850ebfffff,H3,2025,0,1.4
8848e850ebfffff,H3,2025,1,1.2
8848e850ebfffff,H3,2025,2,1.0
8848e850ebfffff,H3,2025,3,0.9
8848e850ebfffff,H3,2025,4,0.9
8848e850ebfffff,H3,2025,5,0.8
8848e850ebfffff,H3,2025,6,0.7
8848e850ebfffff,H3,2025,7,0.6
8848e850ebfffff,H3,2025,8,0.5
8848e850ebfffff,H3,2025,9,0.5
8848e850ebfffff,H3,2025,10,0.5
8848e850ebfffff,H3,2025,11,0.6
8848e850ebfffff,H3,2025,12,0.7
8848e850ebfffff,H3,2025,13,0.8
8848e850ebfffff,H3,2025,14,0.8
8848e850ebfffff,H3,2025,15,0.9
8848e850ebfffff,H3,2025,16,1.2
8848e850ebfffff,H3,2025,17,1.6
8848e850ebfffff,H3,2025,18,1.8
8848e850ebfffff,H3,2025,19,1.9
8848e850ebfffff,H3,2025,20,2.0
8848e850ebfffff,H3,2025,21,2.0
8848e850ebfffff,H3,2025,22,1.8
8848e850ebfffff,H3,2025,23,1.7
8848e85417fffff,H3,2025,0,3.3
8848e85417fffff,H3,2025,1,2.8
8848e85417fffff,H3,2025,2,2.5
8848e85417fffff,H3,2025,3,2.3
8848e85417fffff,H3,2025,4,2.0
8848e85417fffff,H3,2025,5,1.8
8848e85417fffff,H3,2025,6,1.7
8848e85417fffff,H3,2025,7,1.4
8848e85417fffff,H3,2025,8,1.1
8848e85417fffff,H3,2025,9,1.0
8848e85417fffff,H3,2025,10,1.1
8848e85417fffff,H3,2025,11,1.4
8848e85417fffff,H3,2025,12,1.5
8848e85417fffff,H3,2025,13,1.7
8848e85417fffff,H3,2025,14,1.9
8848e85417fffff,H3,2025,15,2.3
8848e85417fffff,H3,2025,16,2.7
8848e85417fffff,H3,2025,17,3.6
8848e85417fffff,H3,2025,18,4.3
8848e85417fffff,H3,2025,19,4.5
8848e85417fffff,H3,2025,20,4.8
8848e85417fffff,H3,2025,21,4.7
8848e85417fffff,H3,2025,22,4.3
8848e85417fffff,H3,2025,23,3.9
8848e8545dfffff,H3,2025,0,4.3
8848e8545dfffff,H3,2025,1,3.8
8848e8545dfffff,H3,2025,2,3.3
8848e8545dfffff,H3,2025,3,3.0
8848e8545dfffff,H3,2025,4,2.6
8848e8545dfffff,H3,2025,5,2.4
8848e8545dfffff,H3,2025,6,2.2
8848e8545dfffff,H3,2025,7,1.7
8848e8545dfffff,H3,2025,8,1.5
8848e8545dfffff,H3,2025,9,1.4
8848e8545dfffff,H3,2025,10,1.5
8848e8545dfffff,H3,2025,11,1.7
8848e8545dfffff,H3,2025,12,2.0
8848e8545dfffff,H3,2025,13,2.3
8848e8545dfffff,H3,2025,14,2.5
8848e8545dfffff,H3,2025,15,3.0
8848e8545dfffff,H3,2025,16,3.6
8848e8545dfffff,H3,2025,17,4.8
8848e8545dfffff,H3,2025,18,5.7
8848e8545dfffff,H3,2025,19,6.0
8848e8545dfffff,H3,2025,20,6.2
8848e8545dfffff,H3,2025,21,6.1
8848e8545dfffff,H3,2025,22,5.7
8848e8545dfffff,H3,2025,23,5.1
8848e85545fffff,H3,2025,0,118.0
8848e85545fffff,H3,2025,1,103.4
8848e85545fffff,H3,2025,2,90.1
8848e85545fffff,H3,2025,3,81.1
8848e85545fffff,H3,2025,4,73.5
8848e85545fffff,H3,2025,5,66.7
8848e85545fffff,H3,2025,6,59.2
8848e85545fffff,H3,2025,7,47.3
8848e85545fffff,H3,2025,8,39.8
8848e85545fffff,H3,2025,9,38.2
8848e85545fffff,H3,2025,10,41.2
8848e85545fffff,H3,2025,11,47.3
8848e85545fffff,H3,2025,12,54.7
8848e85545fffff,H3,2025,13,60.8
8848e85545fffff,H3,2025,14,68.1
8848e85545fffff,H3,2025,15,80.0
8848e85545fffff,H3,2025,16,99.8
8848e85545fffff,H3,2025,17,130.7
8848e85545fffff,H3,2025,18,153.3
8848e85545fffff,H3,2025,19,164.8
8848e85545fffff,H3,2025,20,171.7
8848e85545fffff,H3,2025,21,168.1
8848e85545fffff,H3,2025,22,156.1
8848e85545fffff,H3,2025,23,139.1
8848e855dbfffff,H3,2025,0,1.9
8848e855dbfffff,H3,2025,1,1.7
8848e855dbfffff,H3,2025,2,1.5
8848e855dbfffff,H3,2025,3,1.2
8848e855dbfffff,H3,2025,4,1.1
8848e855dbfffff,H3,2025,5,1.0
8848e855dbfffff,H3,2025,6,0.9
8848e855dbfffff,H3,2025,7,0.8
8848e855dbfffff,H3,2025,8,0.7
8848e855dbfffff,H3,2025,9,0.6
8848e855dbfffff,H3,2025,10,0.7
8848e855dbfffff,H3,2025,11,0.8
8848e855dbfffff,H3,2025,12,0.9
8848e855dbfffff,H3,2025,13,1.0
8848e855dbfffff,H3,2025,14,1.1
8848e855dbfffff,H3,2025,15,1.2
8848e855dbfffff,H3,2025,16,1.6
8848e855dbfffff,H3,2025,17,2.2
8848e855dbfffff,H3,2025,18,2.5
8848e855dbfffff,H3,2025,19,2.6
8848e855dbfffff,H3,2025,20,2.7
8848e855dbfffff,H3,2025,21,2.7
8848e855dbfffff,H3,2025,22,2.5
8848e855dbfffff,H3,2025,23,2.3
8848e85605fffff,H3,2025,0,4.1
8848e85605fffff,H3,2025,1,3.6
8848e85605fffff,H3,2025,2,3.2
8848e85605fffff,H3,2025,3,2.8
8848e85605fffff,H3,2025,4,2.6
8848e85605fffff,H3,2025,5,2.3
8848e85605fffff,H3,2025,6,2.0
8848e85605fffff,H3,2025,7,1.6
8848e85605fffff,H3,2025,8,1.4
8848e85605fffff,H3,2025,9,1.4
8848e85605fffff,H3,2025,10,1.5
8848e85605fffff,H3,2025,11,1.6
8848e85605fffff,H3,2025,12,1.9
8848e85605fffff,H3,2025,13,2.2
8848e85605fffff,H3,2025,14,2.4
8848e85605fffff,H3,2025,15,2.8
8848e85605fffff,H3,2025,16,3.5
8848e85605fffff,H3,2025,17,4.5
8848e85605fffff,H3,2025,18,5.3
8848e85605fffff,H3,2025,19,5.8
8848e85605fffff,H3,2025,20,6.0
8848e85605fffff,H3,2025,21,5.9
8848e85605fffff,H3,2025,22,5.5
8848e85605fffff,H3,2025,23,4.9
8848e8560dfffff,H3,2025,0,3.8
8848e8560dfffff,H3,2025,1,3.3
8848e8560dfffff,H3,2025,2,2.8
8848e8560dfffff,H3,2025,3,2.5
8848e8560dfffff,H3,2025,4,2.3
8848e8560dfffff,H3,2025,5,2.2
8848e8560dfffff,H3,2025,6,1.8
8848e8560dfffff,H3,2025,7,1.5
8848e8560dfffff,H3,2025,8,1.2
8848e8560dfffff,H3,2025,9,1.2
8848e8560dfffff,H3,2025,10,1.2
8848e8560dfffff,H3,2025,11,1.5
8848e8560dfffff,H3,2025,12,1.7
8848e8560dfffff,H3,2025,13,1.9
8848e8560dfffff,H3,2025,14,2.2
8848e8560dfffff,H3,2025,15,2.5
8848e8560dfffff,H3,2025,16,3.1
8848e8560dfffff,H3,2025,17,4.1
8848e8560dfffff,H3,2025,18,4.8
8848e8560dfffff,H3,2025,19,5.1
8848e8560dfffff,H3,2025,20,5.3
8848e8560dfffff,H3,2025,21,5.2
8848e8560dfffff,H3,2025,22,4.9
8848e8560dfffff,H3,2025,23,4.4
8848e8563dfffff,H3,2025,0,5.2
8848e8563dfffff,H3,2025,1,4.5
8848e8563dfffff,H3,2025,2,4.0
8848e8563dfffff,H3,2025,3,3.5
8848e8563dfffff,H3,2025,4,3.3
8848e8563dfffff,H3,2025,5,3.0
8848e8563dfffff,H3,2025,6,2.6
8848e8563dfffff,H3,2025,7,2.0
8848e8563dfffff,H3,2025,8,1.7
8848e8563dfffff,H3,2025,9,1.7
8848e8563dfffff,H3,2025,10,1.8
8848e8563dfffff,H3,2025,11,2.0
8848e8563dfffff,H3,2025,12,2.4
8848e8563dfffff,H3,2025,13,2.7
8848e8563dfffff,H3,2025,14,3.0
8848e8563dfffff,H3,2025,15,3.5
8848e8563dfffff,H3,2025,16,4.4
8848e8563dfffff,H3,2025,17,5.7
8848e8563dfffff,H3,2025,18,6.7
8848e8563dfffff,H3,2025,19,7.3
8848e8563dfffff,H3,2025,20,7.6
8848e8563dfffff,H3,2025,21,7.4
8848e8563dfffff,H3,2025,22,6.8
8848e8563dfffff,H3,2025,23,6.1
8848e8cdd3fffff,H3,2025,0,4.5
8848e8cdd3fffff,H3,2025,1,4.0
8848e8cdd3fffff,H3,2025,2,3.4
8848e8cdd3fffff,H3,2025,3,3.1
8848e8cdd3fffff,H3,2025,4,2.8
8848e8cdd3fffff,H3,2025,5,2.5
8848e8cdd3fffff,H3,2025,6,2.3
8848e8cdd3fffff,H3,2025,7,1.8
8848e8cdd3fffff,H3,2025,8,1.6
8848e8cdd3fffff,H3,2025,9,1.5
8848e8cdd3fffff,H3,2025,10,1.6
8848e8cdd3fffff,H3,2025,11,1.8
8848e8cdd3fffff,H3,2025,12,2.2
8848e8cdd3fffff,H3,2025,13,2.4
8848e8cdd3fffff,H3,2025,14,2.6
8848e8cdd3fffff,H3,2025,15,3.1
8848e8cdd3fffff,H3,2025,16,3.9
8848e8cdd3fffff,H3,2025,17,5.0
8848e8cdd3fffff,H3,2025,18,5.9
8848e8cdd3fffff,H3,2025,19,6.4
8848e8cdd3fffff,H3,2025,20,6.6
8848e8cdd3fffff,H3,2025,21,6.5
8848e8cdd3fffff,H3,2025,22,6.0
8848e8cdd3fffff,H3,2025,23,5.3
8848e959c7fffff,H3,2025,0,4.5
8848e959c7fffff,H3,2025,1,4.0
8848e959c7fffff,H3,2025,2,3.4
8848e959c7fffff,H3,2025,3,3.1
8848e959c7fffff,H3,2025,4,2.8
8848e959c7fffff,H3,2025,5,2.5
8848e959c7fffff,H3,2025,6,2.3
8848e959c7fffff,H3,2025,7,1.8
8848e959c7fffff,H3,2025,8,1.6
8848e959c7fffff,H3,2025,9,1.5
8848e959c7fffff,H3,2025,10,1.6
8848e959c7fffff,H3,2025,11,1.8
8848e959c7fffff,H3,2025,12,2.2
8848e959c7fffff,H3,2025,13,2.4
8848e959c7fffff,H3,2025,14,2.6
8848e959c7fffff,H3,2025,15,3.2
8848e959c7fffff,H3,2025,16,3.9
8848e959c7fffff,H3,2025,17,5.1
8848e959c7fffff,H3,2025,18,5.9
8848e959c7fffff,H3,2025,19,6.4
8848e959c7fffff,H3,2025,20,6.6
8848e959c7fffff,H3,2025,21,6.5
8848e959c7fffff,H3,2025,22,6.0
8848e959c7fffff,H3,2025,23,5.3
8848e994c1fffff,H3,2025,0,32.2
8848e994c1fffff,H3,2025,1,28.1
8848e994c1fffff,H3,2025,2,24.4
8848e994c1fffff,H3,2025,3,22.0
8848e994c1fffff,H3,2025,4,19.9
8848e994c1fffff,H3,2025,5,18.1
8848e994c1fffff,H3,2025,6,16.1
8848e994c1fffff,H3,2025,7,13.0
8848e994c1fffff,H3,2025,8,11.0
8848e994c1fffff,H3,2025,9,10.6
8848e994c1fffff,H3,2025,10,11.5
8848e994c1fffff,H3,2025,11,13.2
8848e994c1fffff,H3,2025,12,15.2
8848e994c1fffff,H3,2025,13,16.9
8848e994c1fffff,H3,2025,14,18.9
8848e994c1fffff,H3,2025,15,22.3
8848e994c1fffff,H3,2025,16,27.6
8848e994c1fffff,H3,2025,17,36.1
8848e994c1fffff,H3,2025,18,42.3
8848e994c1fffff,H3,2025,19,45.3
8848e994c1fffff,H3,2025,20,47.2
8848e994c1fffff,H3,2025,21,46.0
8848e994c1fffff,H3,2025,22,42.7
8848e994c1fffff,H3,2025,23,38.0
8848ea55d7fffff,H3,2025,0,3.6
8848ea55d7fffff,H3,2025,1,3.2
8848ea55d7fffff,H3,2025,2,2.7
8848ea55d7fffff,H3,2025,3,2.4
8848ea55d7fffff,H3,2025,4,2.2
8848ea55d7fffff,H3,2025,5,2.0
8848ea55d7fffff,H3,2025,6,1.8
8848ea55d7fffff,H3,2025,7,1.5
8848ea55d7fffff,H3,2025,8,1.2
8848ea55d7fffff,H3,2025,9,1.2
8848ea55d7fffff,H3,2025,10,1.4
8848ea55d7fffff,H3,2025,11,1.5
8848ea55d7fffff,H3,2025,12,1.8
8848ea55d7fffff,H3,2025,13,1.9
8848ea55d7fffff,H3,2025,14,2.2
8848ea55d7fffff,H3,2025,15,2.6
8848ea55d7fffff,H3,2025,16,3.3
8848ea55d7fffff,H3,2025,17,4.2
8848ea55d7fffff,H3,2025,18,4.9
8848ea55d7fffff,H3,2025,19,5.2
8848ea55d7fffff,H3,2025,20,5.3
8848ea55d7fffff,H3,2025,21,5.2
8848ea55d7fffff,H3,2025,22,4.8
8848ea55d7fffff,H3,2025,23,4.3
8848ead2c3fffff,H3,2025,0,11.6
8848ead2c3fffff,H3,2025,1,10.1
8848ead2c3fffff,H3,2025,2,8.9
8848ead2c3fffff,H3,2025,3,8.0
8848ead2c3fffff,H3,2025,4,7.2
8848ead2c3fffff,H3,2025,5,6.6
8848ead2c3fffff,H3,2025,6,5.9
8848ead2c3fffff,H3,2025,7,4.8
8848ead2c3fffff,H3,2025,8,4.0
8848ead2c3fffff,H3,2025,9,3.9
8848ead2c3fffff,H3,2025,10,4.2
8848ead2c3fffff,H3,2025,11,4.8
8848ead2c3fffff,H3,2025,12,5.6
8848ead2c3fffff,H3,2025,13,6.1
8848ead2c3fffff,H3,2025,14,6.8
8848ead2c3fffff,H3,2025,15,8.1
8848ead2c3fffff,H3,2025,16,10.1
8848ead2c3fffff,H3,2025,17,13.2
8848ead2c3fffff,H3,2025,18,15.3
8848ead2c3fffff,H3,2025,19,16.5
8848ead2c3fffff,H3,2025,20,17.2
8848ead2c3fffff,H3,2025,21,16.7
8848ead2c3fffff,H3,2025,22,15.5
8848ead2c3fffff,H3,2025,23,13.8
8848eb82d5fffff,H3,2025,0,1.9
8848eb82d5fffff,H3,2025,1,1.7
8848eb82d5fffff,H3,2025,2,1.5
8848eb82d5fffff,H3,2025,3,1.4
8848eb82d5fffff,H3,2025,4,1.2
8848eb82d5fffff,H3,2025,5,1.1
8848eb82d5fffff,H3,2025,6,1.0
8848eb82d5fffff,H3,2025,7,0.8
8848eb82d5fffff,H3,2025,8,0.7
8848eb82d5fffff,H3,2025,9,0.7
8848eb82d5fffff,H3,2025,10,0.7
8848eb82d5fffff,H3,2025,11,0.8
8848eb82d5fffff,H3,2025,12,0.9
8848eb82d5fffff,H3,2025,13,1.0
8848eb82d5fffff,H3,2025,14,1.2
8848eb82d5fffff,H3,2025,15,1.4
8848eb82d5fffff,H3,2025,16,1.8
8848eb82d5fffff,H3,2025,17,2.3
8848eb82d5fffff,H3,2025,18,2.6
8848eb82d5fffff,H3,2025,19,2.8
8848eb82d5fffff,H3,2025,20,3.0
8848eb82d5fffff,H3,2025,21,2.8
8848eb82d5fffff,H3,2025,22,2.6
8848eb82d5fffff,H3,2025,23,2.3
8848eba48bfffff,H3,2025,0,2.2
8848eba48bfffff,H3,2025,1,1.9
8848eba48bfffff,H3,2025,2,1.6
8848eba48bfffff,H3,2025,3,1.5
8848eba48bfffff,H3,2025,4,1.4
8848eba48bfffff,H3,2025,5,1.2
8848eba48bfffff,H3,2025,6,1.1
8848eba48bfffff,H3,2025,7,0.9
8848eba48bfffff,H3,2025,8,0.8
8848eba48bfffff,H3,2025,9,0.8
8848eba48bfffff,H3,2025,10,0.8
8848eba48bfffff,H3,2025,11,0.9
8848eba48bfffff,H3,2025,12,1.0
8848eba48bfffff,H3,2025,13,1.2
8848eba48bfffff,H3,2025,14,1.4
8848eba48bfffff,H3,2025,15,1.6
8848eba48bfffff,H3,2025,16,1.9
8848eba48bfffff,H3,2025,17,2.5
8848eba48bfffff,H3,2025,18,2.8
8848eba48bfffff,H3,2025,19,3.1
8848eba48bfffff,H3,2025,20,3.2
8848eba48bfffff,H3,2025,21,3.1
8848eba48bfffff,H3,2025,22,2.8
8848eba48bfffff,H3,2025,23,2.5
8848eba491fffff,H3,2025,0,4.8
8848eba491fffff,H3,2025,1,4.1
8848eba491fffff,H3,2025,2,3.5
8848eba491fffff,H3,2025,3,3.2
8848eba491fffff,H3,2025,4,2.8
8848eba491fffff,H3,2025,5,2.6
8848eba491fffff,H3,2025,6,2.4
8848eba491fffff,H3,2025,7,2.0
8848eba491fffff,H3,2025,8,1.7
8848eba491fffff,H3,2025,9,1.7
8848eba491fffff,H3,2025,10,1.8
8848eba491fffff,H3,2025,11,2.0
8848eba491fffff,H3,2025,12,2.4
8848eba491fffff,H3,2025,13,2.7
8848eba491fffff,H3,2025,14,3.0
8848eba491fffff,H3,2025,15,3.5
8848eba491fffff,H3,2025,16,4.3
8848eba491fffff,H3,2025,17,5.6
8848eba491fffff,H3,2025,18,6.5
8848eba491fffff,H3,2025,19,6.9
8848eba491fffff,H3,2025,20,7.2
8848eba491fffff,H3,2025,21,6.9
8848eba491fffff,H3,2025,22,6.4
8848eba491fffff,H3,2025,23,5.7
8848ec7b41fffff,H3,2025,0,29.7
8848ec7b41fffff,H3,2025,1,26.0
8848ec7b41fffff,H3,2025,2,22.6
8848ec7b41fffff,H3,2025,3,20.3
8848ec7b41fffff,H3,2025,4,18.4
8848ec7b41fffff,H3,2025,5,16.8
8848ec7b41fffff,H3,2025,6,14.9
8848ec7b41fffff,H3,2025,7,11.9
8848ec7b41fffff,H3,2025,8,10.0
8848ec7b41fffff,H3,2025,9,9.7
8848ec7b41fffff,H3,2025,10,10.5
8848ec7b41fffff,H3,2025,11,11.9
8848ec7b41fffff,H3,2025,12,13.8
8848ec7b41fffff,H3,2025,13,15.3
8848ec7b41fffff,H3,2025,14,17.2
8848ec7b41fffff,H3,2025,15,20.2
8848ec7b41fffff,H3,2025,16,25.2
8848ec7b41fffff,H3,2025,17,33.0
8848ec7b41fffff,H3,2025,18,38.6
8848ec7b41fffff,H3,2025,19,41.5
8848ec7b41fffff,H3,2025,20,43.3
8848ec7b41fffff,H3,2025,21,42.3
8848ec7b41fffff,H3,2025,22,39.3
8848ec7b41fffff,H3,2025,23,35.0
8848ed234bfffff,H3,2025,0,3.6
8848ed234bfffff,H3,2025,1,3.2
8848ed234bfffff,H3,2025,2,2.7
8848ed234bfffff,H3,2025,3,2.5
8848ed234bfffff,H3,2025,4,2.3
8848ed234bfffff,H3,2025,5,2.0
8848ed234bfffff,H3,2025,6,1.8
8848ed234bfffff,H3,2025,7,1.5
8848ed234bfffff,H3,2025,8,1.2
8848ed234bfffff,H3,2025,9,1.1
8848ed234bfffff,H3,2025,10,1.2
8848ed234bfffff,H3,2025,11,1.5
8848ed234bfffff,H3,2025,12,1.7
8848ed234bfffff,H3,2025,13,1.8
8848ed234bfffff,H3,2025,14,2.2
8848ed234bfffff,H3,2025,15,2.5
8848ed234bfffff,H3,2025,16,3.1
8848ed234bfffff,H3,2025,17,4.0
8848ed234bfffff,H3,2025,18,4.8
8848ed234bfffff,H3,2025,19,5.1
8848ed234bfffff,H3,2025,20,5.3
8848ed234bfffff,H3,2025,21,5.1
8848ed234bfffff,H3,2025,22,4.8
8848ed234bfffff,H3,2025,23,4.3
8848ed793bfffff,H3,2025,0,3.9
8848ed793bfffff,H3,2025,1,3.2
8848ed793bfffff,H3,2025,2,2.7
8848ed793bfffff,H3,2025,3,2.5
8848ed793bfffff,H3,2025,4,2.2
8848ed793bfffff,H3,2025,5,2.0
8848ed793bfffff,H3,2025,6,2.0
8848ed793bfffff,H3,2025,7,1.9
8848ed793bfffff,H3,2025,8,2.2
8848ed793bfffff,H3,2025,9,2.4
8848ed793bfffff,H3,2025,10,2.5
8848ed793bfffff,H3,2025,11,2.8
8848ed793bfffff,H3,2025,12,3.2
8848ed793bfffff,H3,2025,13,3.5
8848ed793bfffff,H3,2025,14,3.6
8848ed793bfffff,H3,2025,15,4.0
8848ed793bfffff,H3,2025,16,4.5
8848ed793bfffff,H3,2025,17,5.7
8848ed793bfffff,H3,2025,18,6.5
8848ed793bfffff,H3,2025,19,6.5
8848ed793bfffff,H3,2025,20,6.6
8848ed793bfffff,H3,2025,21,6.1
8848ed793bfffff,H3,2025,22,5.7
8848ed793bfffff,H3,2025,23,4.9
8848ee141bfffff,H3,2025,0,8.0
8848ee141bfffff,H3,2025,1,6.9
8848ee141bfffff,H3,2025,2,6.0
8848ee141bfffff,H3,2025,3,5.5
8848ee141bfffff,H3,2025,4,5.0
8848ee141bfffff,H3,2025,5,4.5
8848ee141bfffff,H3,2025,6,4.0
8848ee141bfffff,H3,2025,7,3.2
8848ee141bfffff,H3,2025,8,2.6
8848ee141bfffff,H3,2025,9,2.5
8848ee141bfffff,H3,2025,10,2.7
8848ee141bfffff,H3,2025,11,3.2
8848ee141bfffff,H3,2025,12,3.6
8848ee141bfffff,H3,2025,13,4.1
8848ee141bfffff,H3,2025,14,4.5
8848ee141bfffff,H3,2025,15,5.3
8848ee141bfffff,H3,2025,16,6.7
8848ee141bfffff,H3,2025,17,8.8
8848ee141bfffff,H3,2025,18,10.2
8848ee141bfffff,H3,2025,19,11.0
8848ee141bfffff,H3,2025,20,11.6
8848ee141bfffff,H3,2025,21,11.2
8848ee141bfffff,H3,2025,22,10.5
8848ee141bfffff,H3,2025,23,9.3
8848ee16a1fffff,H3,2025,0,11.6
8848ee16a1fffff,H3,2025,1,10.1
8848ee16a1fffff,H3,2025,2,8.8
8848ee16a1fffff,H3,2025,3,7.8
8848ee16a1fffff,H3,2025,4,7.2
8848ee16a1fffff,H3,2025,5,6.5
8848ee16a1fffff,H3,2025,6,5.9
8848ee16a1fffff,H3,2025,7,4.9
8848ee16a1fffff,H3,2025,8,4.3
8848ee16a1fffff,H3,2025,9,4.2
8848ee16a1fffff,H3,2025,10,4.5
8848ee16a1fffff,H3,2025,11,5.1
8848ee16a1fffff,H3,2025,12,5.9
8848ee16a1fffff,H3,2025,13,6.6
8848ee16a1fffff,H3,2025,14,7.3
8848ee16a1fffff,H3,2025,15,8.5
8848ee16a1fffff,H3,2025,16,10.6
8848ee16a1fffff,H3,2025,17,13.6
8848ee16a1fffff,H3,2025,18,15.9
8848ee16a1fffff,H3,2025,19,16.8
8848ee16a1fffff,H3,2025,20,17.4
8848ee16a1fffff,H3,2025,21,16.9
8848ee16a1fffff,H3,2025,22,15.7
8848ee16a1fffff,H3,2025,23,13.9
8848eeacd1fffff,H3,2025,0,14.3
8848eeacd1fffff,H3,2025,1,12.5
8848eeacd1fffff,H3,2025,2,10.9
8848eeacd1fffff,H3,2025,3,9.9
8848eeacd1fffff,H3,2025,4,8.9
8848eeacd1fffff,H3,2025,5,8.1
8848eeacd1fffff,H3,2025,6,7.2
8848eeacd1fffff,H3,2025,7,5.8
8848eeacd1fffff,H3,2025,8,4.9
8848eeacd1fffff,H3,2025,9,4.7
8848eeacd1fffff,H3,2025,10,5.0
8848eeacd1fffff,H3,2025,11,5.8
8848eeacd1fffff,H3,2025,12,6.7
8848eeacd1fffff,H3,2025,13,7.4
8848eeacd1fffff,H3,2025,14,8.3
8848eeacd1fffff,H3,2025,15,9.8
8848eeacd1fffff,H3,2025,16,12.2
8848eeacd1fffff,H3,2025,17,15.9
8848eeacd1fffff,H3,2025,18,18.6
8848eeacd1fffff,H3,2025,19,20.0
8848eeacd1fffff,H3,2025,20,20.9
8848eeacd1fffff,H3,2025,21,20.5
8848eeacd1fffff,H3,2025,22,19.0
8848eeacd1fffff,H3,2025,23,16.9
8848eec945fffff,H3,2025,0,13.9
8848eec945fffff,H3,2025,1,12.2
8848eec945fffff,H3,2025,2,10.6
8848eec945fffff,H3,2025,3,9.4
8848eec945fffff,H3,2025,4,8.6
8848eec945fffff,H3,2025,5,7.8
8848eec945fffff,H3,2025,6,6.9
8848eec945fffff,H3,2025,7,5.6
8848eec945fffff,H3,2025,8,4.7
8848eec945fffff,H3,2025,9,4.5
8848eec945fffff,H3,2025,10,4.9
8848eec945fffff,H3,2025,11,5.6
8848eec945fffff,H3,2025,12,6.5
8848eec945fffff,H3,2025,13,7.2
8848eec945fffff,H3,2025,14,8.1
8848eec945fffff,H3,2025,15,9.4
8848eec945fffff,H3,2025,16,11.8
8848eec945fffff,H3,2025,17,15.5
8848eec945fffff,H3,2025,18,18.1
8848eec945fffff,H3,2025,19,19.4
8848eec945fffff,H3,2025,20,20.2
8848eec945fffff,H3,2025,21,19.8
8848eec945fffff,H3,2025,22,18.3
8848eec945fffff,H3,2025,23,16.2
8848eecec9fffff,H3,2025,0,15.2
8848eecec9fffff,H3,2025,1,13.3
8848eecec9fffff,H3,2025,2,11.6
8848eecec9fffff,H3,2025,3,10.5
8848eecec9fffff,H3,2025,4,9.4
8848eecec9fffff,H3,2025,5,8.5
8848eecec9fffff,H3,2025,6,7.6
8848eecec9fffff,H3,2025,7,6.1
8848eecec9fffff,H3,2025,8,5.1
8848eecec9fffff,H3,2025,9,5.0
8848eecec9fffff,H3,2025,10,5.3
8848eecec9fffff,H3,2025,11,6.1
8848eecec9fffff,H3,2025,12,7.2
8848eecec9fffff,H3,2025,13,8.0
8848eecec9fffff,H3,2025,14,8.9
8848eecec9fffff,H3,2025,15,10.5
8848eecec9fffff,H3,2025,16,13.1
8848eecec9fffff,H3,2025,17,17.0
8848eecec9fffff,H3,2025,18,19.9
8848eecec9fffff,H3,2025,19,21.4
8848eecec9fffff,H3,2025,20,22.3
8848eecec9fffff,H3,2025,21,21.7
8848eecec9fffff,H3,2025,22,20.2
8848eecec9fffff,H3,2025,23,18.0
8848f22759fffff,H3,2025,0,4.2
8848f22759fffff,H3,2025,1,3.8
8848f22759fffff,H3,2025,2,3.3
8848f22759fffff,H3,2025,3,3.0
8848f22759fffff,H3,2025,4,2.6
8848f22759fffff,H3,2025,5,2.4
8848f22759fffff,H3,2025,6,2.2
8848f22759fffff,H3,2025,7,1.7
8848f22759fffff,H3,2025,8,1.5
8848f22759fffff,H3,2025,9,1.4
8848f22759fffff,H3,2025,10,1.5
8848f22759fffff,H3,2025,11,1.7
8848f22759fffff,H3,2025,12,2.0
8848f22759fffff,H3,2025,13,2.2
8848f22759fffff,H3,2025,14,2.5
8848f22759fffff,H3,2025,15,3.0
8848f22759fffff,H3,2025,16,3.6
8848f22759fffff,H3,2025,17,4.8
8848f22759fffff,H3,2025,18,5.6
8848f22759fffff,H3,2025,19,5.9
8848f22759fffff,H3,2025,20,6.2
8848f22759fffff,H3,2025,21,6.0
8848f22759fffff,H3,2025,22,5.7
8848f22759fffff,H3,2025,23,5.0
8848f2c2cdfffff,H3,2025,0,18.3
8848f2c2cdfffff,H3,2025,1,16.0
8848f2c2cdfffff,H3,2025,2,13.9
8848f2c2cdfffff,H3,2025,3,12.5
8848f2c2cdfffff,H3,2025,4,11.4
8848f2c2cdfffff,H3,2025,5,10.3
8848f2c2cdfffff,H3,2025,6,9.2
8848f2c2cdfffff,H3,2025,7,7.4
8848f2c2cdfffff,H3,2025,8,6.2
8848f2c2cdfffff,H3,2025,9,5.9
8848f2c2cdfffff,H3,2025,10,6.5
8848f2c2cdfffff,H3,2025,11,7.4
8848f2c2cdfffff,H3,2025,12,8.5
8848f2c2cdfffff,H3,2025,13,9.5
8848f2c2cdfffff,H3,2025,14,10.6
8848f2c2cdfffff,H3,2025,15,12.5
8848f2c2cdfffff,H3,2025,16,15.6
8848f2c2cdfffff,H3,2025,17,20.3
8848f2c2cdfffff,H3,2025,18,23.9
8848f2c2cdfffff,H3,2025,19,25.6
8848f2c2cdfffff,H3,2025,20,26.6
8848f2c2cdfffff,H3,2025,21,26.0
8848f2c2cdfffff,H3,2025,22,24.2
8848f2c2cdfffff,H3,2025,23,21.5
8848f31307fffff,H3,2025,0,1.5
8848f31307fffff,H3,2025,1,1.2
8848f31307fffff,H3,2025,2,1.1
8848f31307fffff,H3,2025,3,1.0
8848f31307fffff,H3,2025,4,0.9
8848f31307fffff,H3,2025,5,0.8
8848f31307fffff,H3,2025,6,0.8
8848f31307fffff,H3,2025,7,0.6
8848f31307fffff,H3,2025,8,0.6
8848f31307fffff,H3,2025,9,0.5
8848f31307fffff,H3,2025,10,0.6
8848f31307fffff,H3,2025,11,0.7
8848f31307fffff,H3,2025,12,0.7
8848f31307fffff,H3,2025,13,0.8
8848f31307fffff,H3,2025,14,0.9
8848f31307fffff,H3,2025,15,1.0
8848f31307fffff,H3,2025,16,1.2
8848f31307fffff,H3,2025,17,1.7
8848f31307fffff,H3,2025,18,1.9
8848f31307fffff,H3,2025,19,2.0
8848f31307fffff,H3,2025,20,2.2
8848f31307fffff,H3,2025,21,2.2
8848f31307fffff,H3,2025,22,1.9
8848f31307fffff,H3,2025,23,1.7
8848f3133dfffff,H3,2025,0,1.8
8848f3133dfffff,H3,2025,1,1.6
8848f3133dfffff,H3,2025,2,1.4
8848f3133dfffff,H3,2025,3,1.2
8848f3133dfffff,H3,2025,4,1.1
8848f3133dfffff,H3,2025,5,1.0
8848f3133dfffff,H3,2025,6,0.9
8848f3133dfffff,H3,2025,7,0.7
8848f3133dfffff,H3,2025,8,0.6
8848f3133dfffff,H3,2025,9,0.6
8848f3133dfffff,H3,2025,10,0.7
8848f3133dfffff,H3,2025,11,0.7
8848f3133dfffff,H3,2025,12,0.8
8848f3133dfffff,H3,2025,13,0.9
8848f3133dfffff,H3,2025,14,1.0
8848f3133dfffff,H3,2025,15,1.2
8848f3133dfffff,H3,2025,16,1.5
8848f3133dfffff,H3,2025,17,1.9
8848f3133dfffff,H3,2025,18,2.3
8848f3133dfffff,H3,2025,19,2.5
8848f3133dfffff,H3,2025,20,2.6
8848f3133dfffff,H3,2025,21,2.5
8848f3133dfffff,H3,2025,22,2.4
8848f3133dfffff,H3,2025,23,2.2
8848f3a043fffff,H3,2025,0,17.8
8848f3a043fffff,H3,2025,1,15.7
8848f3a043fffff,H3,2025,2,13.6
8848f3a043fffff,H3,2025,3,12.3
8848f3a043fffff,H3,2025,4,11.1
8848f3a043fffff,H3,2025,5,10.1
8848f3a043fffff,H3,2025,6,9.0
8848f3a043fffff,H3,2025,7,7.2
8848f3a043fffff,H3,2025,8,6.0
8848f3a043fffff,H3,2025,9,5.8
8848f3a043fffff,H3,2025,10,6.2
8848f3a043fffff,H3,2025,11,7.2
8848f3a043fffff,H3,2025,12,8.3
8848f3a043fffff,H3,2025,13,9.2
8848f3a043fffff,H3,2025,14,10.3
8848f3a043fffff,H3,2025,15,12.2
8848f3a043fffff,H3,2025,16,15.1
8848f3a043fffff,H3,2025,17,19.9
8848f3a043fffff,H3,2025,18,23.3
8848f3a043fffff,H3,2025,19,25.0
8848f3a043fffff,H3,2025,20,26.0
8848f3a043fffff,H3,2025,21,25.5
8848f3a043fffff,H3,2025,22,23.6
8848f3a043fffff,H3,2025,23,21.0
8848f3cb0dfffff,H3,2025,0,3.3
8848f3cb0dfffff,H3,2025,1,2.8
8848f3cb0dfffff,H3,2025,2,2.5
8848f3cb0dfffff,H3,2025,3,2.3
8848f3cb0dfffff,H3,2025,4,2.0
8848f3cb0dfffff,H3,2025,5,1.8
8848f3cb0dfffff,H3,2025,6,1.6
8848f3cb0dfffff,H3,2025,7,1.4
8848f3cb0dfffff,H3,2025,8,1.1
8848f3cb0dfffff,H3,2025,9,1.0
8848f3cb0dfffff,H3,2025,10,1.1
8848f3cb0dfffff,H3,2025,11,1.4
8848f3cb0dfffff,H3,2025,12,1.6
8848f3cb0dfffff,H3,2025,13,1.7
8848f3cb0dfffff,H3,2025,14,1.9
8848f3cb0dfffff,H3,2025,15,2.3
8848f3cb0dfffff,H3,2025,16,2.8
8848f3cb0dfffff,H3,2025,17,3.8
8848f3cb0dfffff,H3,2025,18,4.3
8848f3cb0dfffff,H3,2025,19,4.7
8848f3cb0dfffff,H3,2025,20,4.8
8848f3cb0dfffff,H3,2025,21,4.7
8848f3cb0dfffff,H3,2025,22,4.3
8848f3cb0dfffff,H3,2025,23,3.9
8848f6003bfffff,H3,2025,0,2.2
8848f6003bfffff,H3,2025,1,1.9
8848f6003bfffff,H3,2025,2,1.7
8848f6003bfffff,H3,2025,3,1.5
8848f6003bfffff,H3,2025,4,1.4
8848f6003bfffff,H3,2025,5,1.2
8848f6003bfffff,H3,2025,6,1.1
8848f6003bfffff,H3,2025,7,0.9
8848f6003bfffff,H3,2025,8,0.8
8848f6003bfffff,H3,2025,9,0.7
8848f6003bfffff,H3,2025,10,0.8
8848f6003bfffff,H3,2025,11,0.9
8848f6003bfffff,H3,2025,12,1.0
8848f6003bfffff,H3,2025,13,1.1
8848f6003bfffff,H3,2025,14,1.2
8848f6003bfffff,H3,2025,15,1.5
8848f6003bfffff,H3,2025,16,1.9
8848f6003bfffff,H3,2025,17,2.5
8848f6003bfffff,H3,2025,18,2.8
8848f6003bfffff,H3,2025,19,3.1
8848f6003bfffff,H3,2025,20,3.3
8848f6003bfffff,H3,2025,21,3.2
8848f6003bfffff,H3,2025,22,3.0
8848f6003bfffff,H3,2025,23,2.6
8848f60ac3fffff,H3,2025,0,4.1
8848f60ac3fffff,H3,2025,1,3.6
8848f60ac3fffff,H3,2025,2,3.2
8848f60ac3fffff,H3,2025,3,2.8
8848f60ac3fffff,H3,2025,4,2.6
8848f60ac3fffff,H3,2025,5,2.4
8848f60ac3fffff,H3,2025,6,2.0
8848f60ac3fffff,H3,2025,7,1.7
8848f60ac3fffff,H3,2025,8,1.4
8848f60ac3fffff,H3,2025,9,1.4
8848f60ac3fffff,H3,2025,10,1.5
8848f60ac3fffff,H3,2025,11,1.7
8848f60ac3fffff,H3,2025,12,1.9
8848f60ac3fffff,H3,2025,13,2.2
8848f60ac3fffff,H3,2025,14,2.4
8848f60ac3fffff,H3,2025,15,2.8
8848f60ac3fffff,H3,2025,16,3.5
8848f60ac3fffff,H3,2025,17,4.7
8848f60ac3fffff,H3,2025,18,5.5
8848f60ac3fffff,H3,2025,19,5.8
8848f60ac3fffff,H3,2025,20,6.0
8848f60ac3fffff,H3,2025,21,5.9
8848f60ac3fffff,H3,2025,22,5.5
8848f60ac3fffff,H3,2025,23,4.9
884cc4263bfffff,H3,2025,0,3.5
884cc4263bfffff,H3,2025,1,3.1
884cc4263bfffff,H3,2025,2,2.7
884cc4263bfffff,H3,2025,3,2.4
884cc4263bfffff,H3,2025,4,2.2
884cc4263bfffff,H3,2025,5,2.0
884cc4263bfffff,H3,2025,6,1.8
884cc4263bfffff,H3,2025,7,1.4
884cc4263bfffff,H3,2025,8,1.2
884cc4263bfffff,H3,2025,9,1.1
884cc4263bfffff,H3,2025,10,1.2
884cc4263bfffff,H3,2025,11,1.4
884cc4263bfffff,H3,2025,12,1.6
884cc4263bfffff,H3,2025,13,1.8
884cc4263bfffff,H3,2025,14,2.0
884cc4263bfffff,H3,2025,15,2.4
884cc4263bfffff,H3,2025,16,3.0
884cc4263bfffff,H3,2025,17,4.0
884cc4263bfffff,H3,2025,18,4.5
884cc4263bfffff,H3,2025,19,4.9
884cc4263bfffff,H3,2025,20,5.1
884cc4263bfffff,H3,2025,21,5.0
884cc4263bfffff,H3,2025,22,4.7
884cc4263bfffff,H3,2025,23,4.2
884cee4c91fffff,H3,2025,0,4.7
884cee4c91fffff,H3,2025,1,4.0
884cee4c91fffff,H3,2025,2,3.5
884cee4c91fffff,H3,2025,3,3.2
884cee4c91fffff,H3,2025,4,2.8
884cee4c91fffff,H3,2025,5,2.6
884cee4c91fffff,H3,2025,6,2.3
884cee4c91fffff,H3,2025,7,1.8
884cee4c91fffff,H3,2025,8,1.6
884cee4c91fffff,H3,2025,9,1.5
884cee4c91fffff,H3,2025,10,1.6
884cee4c91fffff,H3,2025,11,1.9
884cee4c91fffff,H3,2025,12,2.2
884cee4c91fffff,H3,2025,13,2.4
884cee4c91fffff,H3,2025,14,2.7
884cee4c91fffff,H3,2025,15,3.2
884cee4c91fffff,H3,2025,16,4.0
884cee4c91fffff,H3,2025,17,5.2
884cee4c91fffff,H3,2025,18,6.1
884cee4c91fffff,H3,2025,19,6.6
884cee4c91fffff,H3,2025,20,6.8
884cee4c91fffff,H3,2025,21,6.6
884cee4c91fffff,H3,2025,22,6.1
884cee4c91fffff,H3,2025,23,5.5
884cee4c93fffff,H3,2025,0,7.5
884cee4c93fffff,H3,2025,1,6.6
884cee4c93fffff,H3,2025,2,5.7
884cee4c93fffff,H3,2025,3,5.1
884cee4c93fffff,H3,2025,4,4.7
884cee4c93fffff,H3,2025,5,4.2
884cee4c93fffff,H3,2025,6,3.8
884cee4c93fffff,H3,2025,7,3.1
884cee4c93fffff,H3,2025,8,2.6
884cee4c93fffff,H3,2025,9,2.5
884cee4c93fffff,H3,2025,10,2.7
884cee4c93fffff,H3,2025,11,3.1
884cee4c93fffff,H3,2025,12,3.5
884cee4c93fffff,H3,2025,13,4.0
884cee4c93fffff,H3,2025,14,4.4
884cee4c93fffff,H3,2025,15,5.1
884cee4c93fffff,H3,2025,16,6.5
884cee4c93fffff,H3,2025,17,8.4
884cee4c93fffff,H3,2025,18,9.9
884cee4c93fffff,H3,2025,19,10.6
884cee4c93fffff,H3,2025,20,10.9
884cee4c93fffff,H3,2025,21,10.7
884cee4c93fffff,H3,2025,22,9.9
884cee4c93fffff,H3,2025,23,8.9
884cee4cdbfffff,H3,2025,0,1.2
884cee4cdbfffff,H3,2025,1,1.0
884cee4cdbfffff,H3,2025,2,0.9
884cee4cdbfffff,H3,2025,3,0.8
884cee4cdbfffff,H3,2025,4,0.8
884cee4cdbfffff,H3,2025,5,0.7
884cee4cdbfffff,H3,2025,6,0.6
884cee4cdbfffff,H3,2025,7,0.5
884cee4cdbfffff,H3,2025,8,0.5
884cee4cdbfffff,H3,2025,9,0.3
884cee4cdbfffff,H3,2025,10,0.5
884cee4cdbfffff,H3,2025,11,0.5
884cee4cdbfffff,H3,2025,12,0.6
884cee4cdbfffff,H3,2025,13,0.7
884cee4cdbfffff,H3,2025,14,0.7
884cee4cdbfffff,H3,2025,15,0.8
884cee4cdbfffff,H3,2025,16,1.0
884cee4cdbfffff,H3,2025,17,1.4
884cee4cdbfffff,H3,2025,18,1.6
884cee4cdbfffff,H3,2025,19,1.7
884cee4cdbfffff,H3,2025,20,1.8
884cee4cdbfffff,H3,2025,21,1.7
884cee4cdbfffff,H3,2025,22,1.6
884cee4cdbfffff,H3,2025,23,1.5
884cee4e9bfffff,H3,2025,0,1.4
884cee4e9bfffff,H3,2025,1,1.1
884cee4e9bfffff,H3,2025,2,1.0
884cee4e9bfffff,H3,2025,3,0.9
884cee4e9bfffff,H3,2025,4,0.8
884cee4e9bfffff,H3,2025,5,0.8
884cee4e9bfffff,H3,2025,6,0.7
884cee4e9bfffff,H3,2025,7,0.6
884cee4e9bfffff,H3,2025,8,0.5
884cee4e9bfffff,H3,2025,9,0.5
884cee4e9bfffff,H3,2025,10,0.5
884cee4e9bfffff,H3,2025,11,0.6
884cee4e9bfffff,H3,2025,12,0.6
884cee4e9bfffff,H3,2025,13,0.7
884cee4e9bfffff,H3,2025,14,0.8
884cee4e9bfffff,H3,2025,15,0.9
884cee4e9bfffff,H3,2025,16,1.1
884cee4e9bfffff,H3,2025,17,1.5
884cee4e9bfffff,H3,2025,18,1.7
884cee4e9bfffff,H3,2025,19,1.8
884cee4e9bfffff,H3,2025,20,1.9
884cee4e9bfffff,H3,2025,21,1.9
884cee4e9bfffff,H3,2025,22,1.8
884cee4e9bfffff,H3,2025,23,1.6
884cee6629fffff,H3,2025,0,1.4
884cee6629fffff,H3,2025,1,1.2
884cee6629fffff,H3,2025,2,1.0
884cee6629fffff,H3,2025,3,0.9
884cee6629fffff,H3,2025,4,0.9
884cee6629fffff,H3,2025,5,0.8
884cee6629fffff,H3,2025,6,0.7
884cee6629fffff,H3,2025,7,0.6
884cee6629fffff,H3,2025,8,0.5
884cee6629fffff,H3,2025,9,0.5
884cee6629fffff,H3,2025,10,0.5
884cee6629fffff,H3,2025,11,0.6
884cee6629fffff,H3,2025,12,0.7
884cee6629fffff,H3,2025,13,0.7
884cee6629fffff,H3,2025,14,0.8
884cee6629fffff,H3,2025,15,0.9
884cee6629fffff,H3,2025,16,1.1
884cee6629fffff,H3,2025,17,1.6
884cee6629fffff,H3,2025,18,1.8
884cee6629fffff,H3,2025,19,1.9
884cee6629fffff,H3,2025,20,2.0
884cee6629fffff,H3,2025,21,2.0
884cee6629fffff,H3,2025,22,1.8
884cee6629fffff,H3,2025,23,1.6
884cee7825fffff,H3,2025,0,4.4
884cee7825fffff,H3,2025,1,3.9
884cee7825fffff,H3,2025,2,3.4
884cee7825fffff,H3,2025,3,3.1
884cee7825fffff,H3,2025,4,2.7
884cee7825fffff,H3,2025,5,2.5
884cee7825fffff,H3,2025,6,2.3
884cee7825fffff,H3,2025,7,1.8
884cee7825fffff,H3,2025,8,1.6
884cee7825fffff,H3,2025,9,1.5
884cee7825fffff,H3,2025,10,1.6
884cee7825fffff,H3,2025,11,1.8
884cee7825fffff,H3,2025,12,2.2
884cee7825fffff,H3,2025,13,2.4
884cee7825fffff,H3,2025,14,2.6
884cee7825fffff,H3,2025,15,3.2
884cee7825fffff,H3,2025,16,3.9
884cee7825fffff,H3,2025,17,5.1
884cee7825fffff,H3,2025,18,5.9
884cee7825fffff,H3,2025,19,6.2
884cee7825fffff,H3,2025,20,6.6
884cee7825fffff,H3,2025,21,6.4
884cee7825fffff,H3,2025,22,5.9
884cee7825fffff,H3,2025,23,5.2
884cee7847fffff,H3,2025,0,9.5
884cee7847fffff,H3,2025,1,8.4
884cee7847fffff,H3,2025,2,7.3
884cee7847fffff,H3,2025,3,6.6
884cee7847fffff,H3,2025,4,5.9
884cee7847fffff,H3,2025,5,5.5
884cee7847fffff,H3,2025,6,4.8
884cee7847fffff,H3,2025,7,3.9
884cee7847fffff,H3,2025,8,3.2
884cee7847fffff,H3,2025,9,3.1
884cee7847fffff,H3,2025,10,3.4
884cee7847fffff,H3,2025,11,3.9
884cee7847fffff,H3,2025,12,4.4
884cee7847fffff,H3,2025,13,4.9
884cee7847fffff,H3,2025,14,5.5
884cee7847fffff,H3,2025,15,6.5
884cee7847fffff,H3,2025,16,8.1
884cee7847fffff,H3,2025,17,10.6
884cee7847fffff,H3,2025,18,12.4
884cee7847fffff,H3,2025,19,13.3
884cee7847fffff,H3,2025,20,13.9
884cee7847fffff,H3,2025,21,13.6
884cee7847fffff,H3,2025,22,12.6
884cee7847fffff,H3,2025,23,11.2
884cee7a89fffff,H3,2025,0,1.9
884cee7a89fffff,H3,2025,1,1.7
884cee7a89fffff,H3,2025,2,1.5
884cee7a89fffff,H3,2025,3,1.4
884cee7a89fffff,H3,2025,4,1.2
884cee7a89fffff,H3,2025,5,1.1
884cee7a89fffff,H3,2025,6,1.0
884cee7a89fffff,H3,2025,7,0.8
884cee7a89fffff,H3,2025,8,0.7
884cee7a89fffff,H3,2025,9,0.7
884cee7a89fffff,H3,2025,10,0.7
884cee7a89fffff,H3,2025,11,0.8
884cee7a89fffff,H3,2025,12,0.9
884cee7a89fffff,H3,2025,13,1.0
884cee7a89fffff,H3,2025,14,1.1
884cee7a89fffff,H3,2025,15,1.4
884cee7a89fffff,H3,2025,16,1.6
884cee7a89fffff,H3,2025,17,2.2
884cee7a89fffff,H3,2025,18,2.5
884cee7a89fffff,H3,2025,19,2.7
884cee7a89fffff,H3,2025,20,2.8
884cee7a89fffff,H3,2025,21,2.8
884cee7a89fffff,H3,2025,22,2.6
884cee7a89fffff,H3,2025,23,2.3
884cee7b47fffff,H3,2025,0,5.8
884cee7b47fffff,H3,2025,1,5.1
884cee7b47fffff,H3,2025,2,4.4
884cee7b47fffff,H3,2025,3,4.0
884cee7b47fffff,H3,2025,4,3.6
884cee7b47fffff,H3,2025,5,3.3
884cee7b47fffff,H3,2025,6,3.0
884cee7b47fffff,H3,2025,7,2.4
884cee7b47fffff,H3,2025,8,1.9
884cee7b47fffff,H3,2025,9,1.9
884cee7b47fffff,H3,2025,10,2.0
884cee7b47fffff,H3,2025,11,2.4
884cee7b47fffff,H3,2025,12,2.7
884cee7b47fffff,H3,2025,13,3.1
884cee7b47fffff,H3,2025,14,3.4
884cee7b47fffff,H3,2025,15,4.0
884cee7b47fffff,H3,2025,16,5.0
884cee7b47fffff,H3,2025,17,6.5
884cee7b47fffff,H3,2025,18,7.6
884cee7b47fffff,H3,2025,19,8.2
884cee7b47fffff,H3,2025,20,8.5
884cee7b47fffff,H3,2025,21,8.3
884cee7b47fffff,H3,2025,22,7.7
884cee7b47fffff,H3,2025,23,6.8
884f498ca7fffff,H3,2025,0,1.6
884f498ca7fffff,H3,2025,1,1.4
884f498ca7fffff,H3,2025,2,1.2
884f498ca7fffff,H3,2025,3,1.0
884f498ca7fffff,H3,2025,4,1.0
884f498ca7fffff,H3,2025,5,0.9
884f498ca7fffff,H3,2025,6,0.8
884f498ca7fffff,H3,2025,7,0.7
884f498ca7fffff,H3,2025,8,0.6
884f498ca7fffff,H3,2025,9,0.5
884f498ca7fffff,H3,2025,10,0.6
884f498ca7fffff,H3,2025,11,0.7
884f498ca7fffff,H3,2025,12,0.7
884f498ca7fffff,H3,2025,13,0.8
884f498ca7fffff,H3,2025,14,0.9
884f498ca7fffff,H3,2025,15,1.0
884f498ca7fffff,H3,2025,16,1.4
884f498ca7fffff,H3,2025,17,1.7
884f498ca7fffff,H3,2025,18,2.0
884f498ca7fffff,H3,2025,19,2.2
884f498ca7fffff,H3,2025,20,2.3
884f498ca7fffff,H3,2025,21,2.3
884f498ca7fffff,H3,2025,22,2.0
884f498ca7fffff,H3,2025,23,1.8
884f49a31dfffff,H3,2025,0,15.1
884f49a31dfffff,H3,2025,1,13.2
884f49a31dfffff,H3,2025,2,11.4
884f49a31dfffff,H3,2025,3,10.2
884f49a31dfffff,H3,2025,4,9.2
884f49a31dfffff,H3,2025,5,8.5
884f49a31dfffff,H3,2025,6,7.7
884f49a31dfffff,H3,2025,7,6.5
884f49a31dfffff,H3,2025,8,5.6
884f49a31dfffff,H3,2025,9,5.3
884f49a31dfffff,H3,2025,10,5.9
884f49a31dfffff,H3,2025,11,6.7
884f49a31dfffff,H3,2025,12,7.7
884f49a31dfffff,H3,2025,13,8.8
884f49a31dfffff,H3,2025,14,9.5
884f49a31dfffff,H3,2025,15,11.4
884f49a31dfffff,H3,2025,16,14.1
884f49a31dfffff,H3,2025,17,18.2
884f49a31dfffff,H3,2025,18,21.0
884f49a31dfffff,H3,2025,19,22.3
884f49a31dfffff,H3,2025,20,23.0
884f49a31dfffff,H3,2025,21,22.3
884f49a31dfffff,H3,2025,22,20.5
884f49a31dfffff,H3,2025,23,18.0
884f49b861fffff,H3,2025,0,2.7
884f49b861fffff,H3,2025,1,2.4
884f49b861fffff,H3,2025,2,2.2
884f49b861fffff,H3,2025,3,1.9
884f49b861fffff,H3,2025,4,1.7
884f49b861fffff,H3,2025,5,1.6
884f49b861fffff,H3,2025,6,1.4
884f49b861fffff,H3,2025,7,1.1
884f49b861fffff,H3,2025,8,0.9
884f49b861fffff,H3,2025,9,0.9
884f49b861fffff,H3,2025,10,0.9
884f49b861fffff,H3,2025,11,1.1
884f49b861fffff,H3,2025,12,1.2
884f49b861fffff,H3,2025,13,1.4
884f49b861fffff,H3,2025,14,1.6
884f49b861fffff,H3,2025,15,1.8
884f49b861fffff,H3,2025,16,2.3
884f49b861fffff,H3,2025,17,3.1
884f49b861fffff,H3,2025,18,3.6
884f49b861fffff,H3,2025,19,3.9
884f49b861fffff,H3,2025,20,4.0
884f49b861fffff,H3,2025,21,4.0
884f49b861fffff,H3,2025,22,3.6
884f49b861fffff,H3,2025,23,3.3
885d115327fffff,H3,2025,0,5.8
885d115327fffff,H3,2025,1,5.0
885d115327fffff,H3,2025,2,4.4
885d115327fffff,H3,2025,3,4.0
885d115327fffff,H3,2025,4,3.5
885d115327fffff,H3,2025,5,3.3
885d115327fffff,H3,2025,6,2.8
885d115327fffff,H3,2025,7,2.3
885d115327fffff,H3,2025,8,1.9
885d115327fffff,H3,2025,9,1.8
885d115327fffff,H3,2025,10,2.0
885d115327fffff,H3,2025,11,2.3
885d115327fffff,H3,2025,12,2.7
885d115327fffff,H3,2025,13,3.0
885d115327fffff,H3,2025,14,3.3
885d115327fffff,H3,2025,15,4.0
885d115327fffff,H3,2025,16,4.9
885d115327fffff,H3,2025,17,6.4
885d115327fffff,H3,2025,18,7.5
885d115327fffff,H3,2025,19,8.1
885d115327fffff,H3,2025,20,8.4
885d115327fffff,H3,2025,21,8.2
885d115327fffff,H3,2025,22,7.6
885d115327fffff,H3,2025,23,6.8
885d139599fffff,H3,2025,0,1.8
885d139599fffff,H3,2025,1,1.6
885d139599fffff,H3,2025,2,1.4
885d139599fffff,H3,2025,3,1.2
885d139599fffff,H3,2025,4,1.1
885d139599fffff,H3,2025,5,1.0
885d139599fffff,H3,2025,6,0.9
885d139599fffff,H3,2025,7,0.8
885d139599fffff,H3,2025,8,0.7
885d139599fffff,H3,2025,9,0.6
885d139599fffff,H3,2025,10,0.7
885d139599fffff,H3,2025,11,0.8
885d139599fffff,H3,2025,12,0.9
885d139599fffff,H3,2025,13,0.9
885d139599fffff,H3,2025,14,1.0
885d139599fffff,H3,2025,15,1.2
885d139599fffff,H3,2025,16,1.6
885d139599fffff,H3,2025,17,2.0
885d139599fffff,H3,2025,18,2.4
885d139599fffff,H3,2025,19,2.6
885d139599fffff,H3,2025,20,2.7
885d139599fffff,H3,2025,21,2.6
885d139599fffff,H3,2025,22,2.4
885d139599fffff,H3,2025,23,2.2
885d144f21fffff,H3,2025,0,2.3
885d144f21fffff,H3,2025,1,2.0
885d144f21fffff,H3,2025,2,1.7
885d144f21fffff,H3,2025,3,1.6
885d144f21fffff,H3,2025,4,1.4
885d144f21fffff,H3,2025,5,1.2
885d144f21fffff,H3,2025,6,1.1
885d144f21fffff,H3,2025,7,0.9
885d144f21fffff,H3,2025,8,0.8
885d144f21fffff,H3,2025,9,0.8
885d144f21fffff,H3,2025,10,0.8
885d144f21fffff,H3,2025,11,0.9
885d144f21fffff,H3,2025,12,1.0
885d144f21fffff,H3,2025,13,1.1
885d144f21fffff,H3,2025,14,1.4
885d144f21fffff,H3,2025,15,1.6
885d144f21fffff,H3,2025,16,1.9
885d144f21fffff,H3,2025,17,2.5
885d144f21fffff,H3,2025,18,3.0
885d144f21fffff,H3,2025,19,3.2
885d144f21fffff,H3,2025,20,3.3
885d144f21fffff,H3,2025,21,3.3
885d144f21fffff,H3,2025,22,3.0
885d144f21fffff,H3,2025,23,2.7
"Adams County, CO",county,2025,0,9.1
"Adams County, CO",county,2025,1,7.3
"Adams County, CO",county,2025,2,5.2
"Adams County, CO",county,2025,3,3.2
"Adams County, CO",county,2025,4,1.5
"Adams County, CO",county,2025,5,0.6
"Adams County, CO",county,2025,6,0.2
"Adams County, CO",county,2025,7,0.1
"Adams County, CO",county,2025,8,0.1
"Adams County, CO",county,2025,9,0.1
"Adams County, CO",county,2025,10,0.1
"Adams County, CO",county,2025,11,0.1
"Adams County, CO",county,2025,12,0.1
"Adams County, CO",county,2025,13,0.1
"Adams County, CO",county,2025,14,0.1
"Adams County, CO",county,2025,15,0.0
"Adams County, CO",county,2025,16,0.0
"Adams County, CO",county,2025,17,0.0
"Adams County, CO",county,2025,18,0.0
"Adams County, CO",county,2025,19,0.0
"Adams County, CO",county,2025,20,1.4
"Adams County, CO",county,2025,21,3.9
"Adams County, CO",county,2025,22,6.4
"Adams County, CO",county,2025,23,8.5
"Albany, GA",city,2025,0,22.5
"Albany, GA",city,2025,1,19.7
"Albany, GA",city,2025,2,17.0
"Albany, GA",city,2025,3,15.1
"Albany, GA",city,2025,4,13.5
"Albany, GA",city,2025,5,12.3
"Albany, GA",city,2025,6,10.8
"Albany, GA",city,2025,7,8.5
"Albany, GA",city,2025,8,7.2
"Albany, GA",city,2025,9,6.9
"Albany, GA",city,2025,10,7.5
"Albany, GA",city,2025,11,8.5
"Albany, GA",city,2025,12,9.9
"Albany, GA",city,2025,13,11.0
"Albany, GA",city,2025,14,12.3
"Albany, GA",city,2025,15,14.4
"Albany, GA",city,2025,16,18.0
"Albany, GA",city,2025,17,23.6
"Albany, GA",city,2025,18,27.7
"Albany, GA",city,2025,19,29.8
"Albany, GA",city,2025,20,31.2
"Albany, GA",city,2025,21,30.9
"Albany, GA",city,2025,22,29.1
"Albany, GA",city,2025,23,26.4
"Albemarle County, VA",county,2025,0,3.3
"Albemarle County, VA",county,2025,1,2.8
"Albemarle County, VA",county,2025,2,2.4
"Albemarle County, VA",county,2025,3,2.0
"Albemarle County, VA",county,2025,4,1.8
"Albemarle County, VA",county,2025,5,1.6
"Albemarle County, VA",county,2025,6,1.4
"Albemarle County, VA",county,2025,7,1.1
"Albemarle County, VA",county,2025,8,0.9
"Albemarle County, VA",county,2025,9,0.9
"Albemarle County, VA",county,2025,10,0.9
"Albemarle County, VA",county,2025,11,1.1
"Albemarle County, VA",county,2025,12,1.2
"Albemarle County, VA",county,2025,13,1.4
"Albemarle County, VA",county,2025,14,1.6
"Albemarle County, VA",county,2025,15,1.8
"Albemarle County, VA",county,2025,16,2.3
"Albemarle County, VA",county,2025,17,3.1
"Albemarle County, VA",county,2025,18,3.5
"Albemarle County, VA",county,2025,19,3.9
"Albemarle County, VA",county,2025,20,4.1
"Albemarle County, VA",county,2025,21,4.1
"Albemarle County, VA",county,2025,22,4.0
"Albemarle County, VA",county,2025,23,3.8
"Allegheny County, PA",county,2025,0,4.1
"Allegheny County, PA",county,2025,1,3.5
"Allegheny County, PA",county,2025,2,3.2
"Allegheny County, PA",county,2025,3,2.8
"Allegheny County, PA",county,2025,4,2.5
"Allegheny County, PA",county,2025,5,2.3
"Allegheny County, PA",county,2025,6,2.0
"Allegheny County, PA",county,2025,7,1.6
"Allegheny County, PA",county,2025,8,1.4
"Allegheny County, PA",county,2025,9,1.4
"Allegheny County, PA",county,2025,10,1.4
"Allegheny County, PA",county,2025,11,1.6
"Allegheny County, PA",county,2025,12,1.8
"Allegheny County, PA",county,2025,13,2.0
"Allegheny County, PA",county,2025,14,2.4
"Allegheny County, PA",county,2025,15,2.7
"Allegheny County, PA",county,2025,16,3.4
"Allegheny County, PA",county,2025,17,4.5
"Allegheny County, PA",county,2025,18,5.3
"Allegheny County, PA",county,2025,19,5.7
"Allegheny County, PA",county,2025,20,5.9
"Allegheny County, PA",county,2025,21,5.8
"Allegheny County, PA",county,2025,22,5.5
"Allegheny County, PA",county,2025,23,4.8
"Alvin, TX",city,2025,0,16.1
"Alvin, TX",city,2025,1,13.0
"Alvin, TX",city,2025,2,9.2
"Alvin, TX",city,2025,3,5.6
"Alvin, TX",city,2025,4,2.7
"Alvin, TX",city,2025,5,1.1
"Alvin, TX",city,2025,6,0.5
"Alvin, TX",city,2025,7,0.2
"Alvin, TX",city,2025,8,0.2
"Alvin, TX",city,2025,9,0.1
"Alvin, TX",city,2025,10,0.1
"Alvin, TX",city,2025,11,0.1
"Alvin, TX",city,2025,12,0.2
"Alvin, TX",city,2025,13,0.2
"Alvin, TX",city,2025,14,0.1
"Alvin, TX",city,2025,15,0.0
"Alvin, TX",city,2025,16,0.0
"Alvin, TX",city,2025,17,0.0
"Alvin, TX",city,2025,18,0.0
"Alvin, TX",city,2025,19,0.0
"Alvin, TX",city,2025,20,2.4
"Alvin, TX",city,2025,21,6.9
"Alvin, TX",city,2025,22,11.4
"Alvin, TX",city,2025,23,15.1
"Ames, IA",city,2025,0,17.8
"Ames, IA",city,2025,1,14.8
"Ames, IA",city,2025,2,11.4
"Ames, IA",city,2025,3,8.2
"Ames, IA",city,2025,4,5.7
"Ames, IA",city,2025,5,4.2
"Ames, IA",city,2025,6,3.3
"Ames, IA",city,2025,7,2.6
"Ames, IA",city,2025,8,2.2
"Ames, IA",city,2025,9,2.0
"Ames, IA",city,2025,10,2.2
"Ames, IA",city,2025,11,2.5
"Ames, IA",city,2025,12,2.8
"Ames, IA",city,2025,13,3.2
"Ames, IA",city,2025,14,3.5
"Ames, IA",city,2025,15,4.1
"Ames, IA",city,2025,16,5.0
"Ames, IA",city,2025,17,6.6
"Ames, IA",city,2025,18,7.7
"Ames, IA",city,2025,19,8.3
"Ames, IA",city,2025,20,10.3
"Ames, IA",city,2025,21,13.6
"Ames, IA",city,2025,22,16.2
"Ames, IA",city,2025,23,18.2
"Ansonia, CT",city,2025,0,2.2
"Ansonia, CT",city,2025,1,1.8
"Ansonia, CT",city,2025,2,1.2
"Ansonia, CT",city,2025,3,0.8
"Ansonia, CT",city,2025,4,0.3
"Ansonia, CT",city,2025,5,0.1
"Ansonia, CT",city,2025,6,0.1
"Ansonia, CT",city,2025,7,0.0
"Ansonia, CT",city,2025,8,0.0
"Ansonia, CT",city,2025,9,0.0
"Ansonia, CT",city,2025,10,0.0
"Ansonia, CT",city,2025,11,0.0
"Ansonia, CT",city,2025,12,0.0
"Ansonia, CT",city,2025,13,0.0
"Ansonia, CT",city,2025,14,0.0
"Ansonia, CT",city,2025,15,0.0
"Ansonia, CT",city,2025,16,0.0
"Ansonia, CT",city,2025,17,0.0
"Ansonia, CT",city,2025,18,0.0
"Ansonia, CT",city,2025,19,0.0
"Ansonia, CT",city,2025,20,0.3
"Ansonia, CT",city,2025,21,0.9
"Ansonia, CT",city,2025,22,1.6
"Ansonia, CT",city,2025,23,2.0
"Arcadia, WI",city,2025,0,3.4
"Arcadia, WI",city,2025,1,2.7
"Arcadia, WI",city,2025,2,1.9
"Arcadia, WI",city,2025,3,1.1
"Arcadia, WI",city,2025,4,0.6
"Arcadia, WI",city,2025,5,0.2
"Arcadia, WI",city,2025,6,0.1
"Arcadia, WI",city,2025,7,0.1
"Arcadia, WI",city,2025,8,0.0
"Arcadia, WI",city,2025,9,0.0
"Arcadia, WI",city,2025,10,0.0
"Arcadia, WI",city,2025,11,0.0
"Arcadia, WI",city,2025,12,0.0
"Arcadia, WI",city,2025,13,0.0
"Arcadia, WI",city,2025,14,0.0
"Arcadia, WI",city,2025,15,0.0
"Arcadia, WI",city,2025,16,0.0
"Arcadia, WI",city,2025,17,0.0
"Arcadia, WI",city,2025,18,0.0
"Arcadia, WI",city,2025,19,0.0
"Arcadia, WI",city,2025,20,0.5
"Arcadia, WI",city,2025,21,1.5
"Arcadia, WI",city,2025,22,2.4
"Arcadia, WI",city,2025,23,3.2
"Arkadelphia, AR",city,2025,0,1.5
"Arkadelphia, AR",city,2025,1,1.2
"Arkadelphia, AR",city,2025,2,1.1
"Arkadelphia, AR",city,2025,3,1.0
"Arkadelphia, AR",city,2025,4,0.9
"Arkadelphia, AR",city,2025,5,0.8
"Arkadelphia, AR",city,2025,6,0.8
"Arkadelphia, AR",city,2025,7,0.6
"Arkadelphia, AR",city,2025,8,0.5
"Arkadelphia, AR",city,2025,9,0.5
"Arkadelphia, AR",city,2025,10,0.6
"Arkadelphia, AR",city,2025,11,0.6
"Arkadelphia, AR",city,2025,12,0.7
"Arkadelphia, AR",city,2025,13,0.8
"Arkadelphia, AR",city,2025,14,0.9
"Arkadelphia, AR",city,2025,15,1.0
"Arkadelphia, AR",city,2025,16,1.2
"Arkadelphia, AR",city,2025,17,1.6
"Arkadelphia, AR",city,2025,18,1.9
"Arkadelphia, AR",city,2025,19,2.0
"Arkadelphia, AR",city,2025,20,2.2
"Arkadelphia, AR",city,2025,21,2.2
"Arkadelphia, AR",city,2025,22,1.9
"Arkadelphia, AR",city,2025,23,1.7
"Arlington County, DC VA",county,2025,0,4.4
"Arlington County, DC VA",county,2025,1,3.9
"Arlington County, DC VA",county,2025,2,3.4
"Arlington County, DC VA",county,2025,3,3.1
"Arlington County, DC VA",county,2025,4,2.7
"Arlington County, DC VA",county,2025,5,2.5
"Arlington County, DC VA",county,2025,6,2.2
"Arlington County, DC VA",county,2025,7,1.8
"Arlington County, DC VA",county,2025,8,1.5
"Arlington County, DC VA",county,2025,9,1.4
"Arlington County, DC VA",county,2025,10,1.6
"Arlington County, DC VA",county,2025,11,1.7
"Arlington County, DC VA",county,2025,12,2.0
"Arlington County, DC VA",county,2025,13,2.3
"Arlington County, DC VA",county,2025,14,2.5
"Arlington County, DC VA",county,2025,15,3.0
"Arlington County, DC VA",county,2025,16,3.6
"Arlington County, DC VA",county,2025,17,4.9
"Arlington County, DC VA",county,2025,18,5.7
"Arlington County, DC VA",county,2025,19,6.1
"Arlington County, DC VA",county,2025,20,6.4
"Arlington County, DC VA",county,2025,21,6.2
"Arlington County, DC VA",county,2025,22,5.8
"Arlington County, DC VA",county,2025,23,5.2
"Arlington Heights, IL",city,2025,0,17.2
"Arlington Heights, IL",city,2025,1,13.9
"Arlington Heights, IL",city,2025,2,10.0
"Arlington Heights, IL",city,2025,3,6.4
"Arlington Heights, IL",city,2025,4,3.5
"Arlington Heights, IL",city,2025,5,1.8
"Arlington Heights, IL",city,2025,6,1.1
"Arlington Heights, IL",city,2025,7,0.8
"Arlington Heights, IL",city,2025,8,0.7
"Arlington Heights, IL",city,2025,9,0.6
"Arlington Heights, IL",city,2025,10,0.6
"Arlington Heights, IL",city,2025,11,0.7
"Arlington Heights, IL",city,2025,12,0.8
"Arlington Heights, IL",city,2025,13,0.9
"Arlington Heights, IL",city,2025,14,0.9
"Arlington Heights, IL",city,2025,15,0.9
"Arlington Heights, IL",city,2025,16,1.1
"Arlington Heights, IL",city,2025,17,1.5
"Arlington Heights, IL",city,2025,18,1.8
"Arlington Heights, IL",city,2025,19,1.9
"Arlington Heights, IL",city,2025,20,4.3
"Arlington Heights, IL",city,2025,21,8.8
"Arlington Heights, IL",city,2025,22,12.8
"Arlington Heights, IL",city,2025,23,16.5
"Arlington, Dallas, Grand Prairie, Irving, TX",city,2025,0,2.7
"Arlington, Dallas, Grand Prairie, Irving, TX",city,2025,1,2.4
"Arlington, Dallas, Grand Prairie, Irving, TX",city,2025,2,2.0
"Arlington, Dallas, Grand Prairie, Irving, TX",city,2025,3,1.8
"Arlington, Dallas, Grand Prairie, Irving, TX",city,2025,4,1.7
"Arlington, Dallas, Grand Prairie, Irving, TX",city,2025,5,1.5
"Arlington, Dallas, Grand Prairie, Irving, TX",city,2025,6,1.4
"Arlington, Dallas, Grand Prairie, Irving, TX",city,2025,7,1.0
"Arlington, Dallas, Grand Prairie, Irving, TX",city,2025,8,0.9
"Arlington, Dallas, Grand Prairie, Irving, TX",city,2025,9,0.9
"Arlington, Dallas, Grand Prairie, Irving, TX",city,2025,10,0.9
"Arlington, Dallas, Grand Prairie, Irving, TX",city,2025,11,1.0
"Arlington, Dallas, Grand Prairie, Irving, TX",city,2025,12,1.2
"Arlington, Dallas, Grand Prairie, Irving, TX",city,2025,13,1.4
"Arlington, Dallas, Grand Prairie, Irving, TX",city,2025,14,1.6
"Arlington, Dallas, Grand Prairie, Irving, TX",city,2025,15,1.8
"Arlington, Dallas, Grand Prairie, Irving, TX",city,2025,16,2.3
"Arlington, Dallas, Grand Prairie, Irving, TX",city,2025,17,3.0
"Arlington, Dallas, Grand Prairie, Irving, TX",city,2025,18,3.4
"Arlington, Dallas, Grand Prairie, Irving, TX",city,2025,19,3.8
"Arlington, Dallas, Grand Prairie, Irving, TX",city,2025,20,3.9
"Arlington, Dallas, Grand Prairie, Irving, TX",city,2025,21,3.9
"Arlington, Dallas, Grand Prairie, Irving, TX",city,2025,22,3.5
"Arlington, Dallas, Grand Prairie, Irving, TX",city,2025,23,3.2
"Arlington, TX",city,2025,0,41.7
"Arlington, TX",city,2025,1,35.6
"Arlington, TX",city,2025,2,29.4
"Arlington, TX",city,2025,3,24.3
"Arlington, TX",city,2025,4,20.1
"Arlington, TX",city,2025,5,17.2
"Arlington, TX",city,2025,6,14.8
"Arlington, TX",city,2025,7,11.7
"Arlington, TX",city,2025,8,9.8
"Arlington, TX",city,2025,9,9.4
"Arlington, TX",city,2025,10,10.1
"Arlington, TX",city,2025,11,11.6
"Arlington, TX",city,2025,12,13.4
"Arlington, TX",city,2025,13,14.9
"Arlington, TX",city,2025,14,16.6
"Arlington, TX",city,2025,15,19.4
"Arlington, TX",city,2025,16,24.1
"Arlington, TX",city,2025,17,31.7
"Arlington, TX",city,2025,18,37.2
"Arlington, TX",city,2025,19,40.0
"Arlington, TX",city,2025,20,43.6
"Arlington, TX",city,2025,21,46.5
"Arlington, TX",city,2025,22,47.2
"Arlington, TX",city,2025,23,46.0
"Asheville, NC",city,2025,0,24.9
"Asheville, NC",city,2025,1,20.6
"Asheville, NC",city,2025,2,15.7
"Asheville, NC",city,2025,3,11.1
"Asheville, NC",city,2025,4,7.5
"Asheville, NC",city,2025,5,5.3
"Asheville, NC",city,2025,6,4.2
"Asheville, NC",city,2025,7,3.3
"Asheville, NC",city,2025,8,2.7
"Asheville, NC",city,2025,9,2.5
"Asheville, NC",city,2025,10,2.7
"Asheville, NC",city,2025,11,3.1
"Asheville, NC",city,2025,12,3.6
"Asheville, NC",city,2025,13,4.0
"Asheville, NC",city,2025,14,4.3
"Asheville, NC",city,2025,15,5.0
"Asheville, NC",city,2025,16,6.2
"Asheville, NC",city,2025,17,8.2
"Asheville, NC",city,2025,18,9.5
"Asheville, NC",city,2025,19,10.2
"Asheville, NC",city,2025,20,13.3
"Asheville, NC",city,2025,21,18.0
"Asheville, NC",city,2025,22,22.0
"Asheville, NC",city,2025,23,25.1
"Atlanta, GA",city,2025,0,30.8
"Atlanta, GA",city,2025,1,26.9
"Atlanta, GA",city,2025,2,23.5
"Atlanta, GA",city,2025,3,21.2
"Atlanta, GA",city,2025,4,19.2
"Atlanta, GA",city,2025,5,17.4
"Atlanta, GA",city,2025,6,15.5
"Atlanta, GA",city,2025,7,12.3
"Atlanta, GA",city,2025,8,10.3
"Atlanta, GA",city,2025,9,9.9
"Atlanta, GA",city,2025,10,10.7
"Atlanta, GA",city,2025,11,12.3
"Atlanta, GA",city,2025,12,14.1
"Atlanta, GA",city,2025,13,15.7
"Atlanta, GA",city,2025,14,17.6
"Atlanta, GA",city,2025,15,20.7
"Atlanta, GA",city,2025,16,25.8
"Atlanta, GA",city,2025,17,33.9
"Atlanta, GA",city,2025,18,39.8
"Atlanta, GA",city,2025,19,42.7
"Atlanta, GA",city,2025,20,44.7
"Atlanta, GA",city,2025,21,43.8
"Atlanta, GA",city,2025,22,40.7
"Atlanta, GA",city,2025,23,36.2
"Aubrey, Corinth, Denton, Lewisville, Little Elm, The Colony, TX",city,2025,0,1.5
"Aubrey, Corinth, Denton, Lewisville, Little Elm, The Colony, TX",city,2025,1,1.2
"Aubrey, Corinth, Denton, Lewisville, Little Elm, The Colony, TX",city,2025,2,1.1
"Aubrey, Corinth, Denton, Lewisville, Little Elm, The Colony, TX",city,2025,3,1.0
"Aubrey, Corinth, Denton, Lewisville, Little Elm, The Colony, TX",city,2025,4,0.9
"Aubrey, Corinth, Denton, Lewisville, Little Elm, The Colony, TX",city,2025,5,0.8
"Aubrey, Corinth, Denton, Lewisville, Little Elm, The Colony, TX",city,2025,6,0.7
"Aubrey, Corinth, Denton, Lewisville, Little Elm, The Colony, TX",city,2025,7,0.6
"Aubrey, Corinth, Denton, Lewisville, Little Elm, The Colony, TX",city,2025,8,0.5
"Aubrey, Corinth, Denton, Lewisville, Little Elm, The Colony, TX",city,2025,9,0.5
"Aubrey, Corinth, Denton, Lewisville, Little Elm, The Colony, TX",city,2025,10,0.5
"Aubrey, Corinth, Denton, Lewisville, Little Elm, The Colony, TX",city,2025,11,0.6
"Aubrey, Corinth, Denton, Lewisville, Little Elm, The Colony, TX",city,2025,12,0.7
"Aubrey, Corinth, Denton, Lewisville, Little Elm, The Colony, TX",city,2025,13,0.8
"Aubrey, Corinth, Denton, Lewisville, Little Elm, The Colony, TX",city,2025,14,0.8
"Aubrey, Corinth, Denton, Lewisville, Little Elm, The Colony, TX",city,2025,15,0.9
"Aubrey, Corinth, Denton, Lewisville, Little Elm, The Colony, TX",city,2025,16,1.2
"Aubrey, Corinth, Denton, Lewisville, Little Elm, The Colony, TX",city,2025,17,1.6
"Aubrey, Corinth, Denton, Lewisville, Little Elm, The Colony, TX",city,2025,18,1.8
"Aubrey, Corinth, Denton, Lewisville, Little Elm, The Colony, TX",city,2025,19,2.0
"Aubrey, Corinth, Denton, Lewisville, Little Elm, The Colony, TX",city,2025,20,2.0
"Aubrey, Corinth, Denton, Lewisville, Little Elm, The Colony, TX",city,2025,21,2.0
"Aubrey, Corinth, Denton, Lewisville, Little Elm, The Colony, TX",city,2025,22,1.9
"Aubrey, Corinth, Denton, Lewisville, Little Elm, The Colony, TX",city,2025,23,1.7
"Aurora, CO",city,2025,0,18.6
"Aurora, CO",city,2025,1,16.4
"Aurora, CO",city,2025,2,14.3
"Aurora, CO",city,2025,3,12.8
"Aurora, CO",city,2025,4,11.6
"Aurora, CO",city,2025,5,10.6
"Aurora, CO",city,2025,6,9.3
"Aurora, CO",city,2025,7,7.4
"Aurora, CO",city,2025,8,6.2
"Aurora, CO",city,2025,9,6.0
"Aurora, CO",city,2025,10,6.5
"Aurora, CO",city,2025,11,7.4
"Aurora, CO",city,2025,12,8.5
"Aurora, CO",city,2025,13,9.5
"Aurora, CO",city,2025,14,10.7
"Aurora, CO",city,2025,15,12.5
"Aurora, CO",city,2025,16,15.7
"Aurora, CO",city,2025,17,20.6
"Aurora, CO",city,2025,18,24.1
"Aurora, CO",city,2025,19,25.9
"Aurora, CO",city,2025,20,27.0
"Aurora, CO",city,2025,21,26.5
"Aurora, CO",city,2025,22,24.7
"Aurora, CO",city,2025,23,21.9
"Aurora, IL",city,2025,0,2.5
"Aurora, IL",city,2025,1,2.3
"Aurora, IL",city,2025,2,1.9
"Aurora, IL",city,2025,3,1.8
"Aurora, IL",city,2025,4,1.6
"Aurora, IL",city,2025,5,1.5
"Aurora, IL",city,2025,6,1.2
"Aurora, IL",city,2025,7,1.0
"Aurora, IL",city,2025,8,0.9
"Aurora, IL",city,2025,9,0.8
"Aurora, IL",city,2025,10,0.9
"Aurora, IL",city,2025,11,1.0
"Aurora, IL",city,2025,12,1.1
"Aurora, IL",city,2025,13,1.2
"Aurora, IL",city,2025,14,1.5
"Aurora, IL",city,2025,15,1.7
"Aurora, IL",city,2025,16,2.2
"Aurora, IL",city,2025,17,2.8
"Aurora, IL",city,2025,18,3.3
"Aurora, IL",city,2025,19,3.5
"Aurora, IL",city,2025,20,3.8
"Aurora, IL",city,2025,21,3.6
"Aurora, IL",city,2025,22,3.4
"Aurora, IL",city,2025,23,3.0
"Austin, TX",city,2025,0,388.1
"Austin, TX",city,2025,1,331.0
"Austin, TX",city,2025,2,273.2
"Austin, TX",city,2025,3,225.6
"Austin, TX",city,2025,4,186.8
"Austin, TX",city,2025,5,159.2
"Austin, TX",city,2025,6,137.3
"Austin, TX",city,2025,7,108.4
"Austin, TX",city,2025,8,90.8
"Austin, TX",city,2025,9,87.0
"Austin, TX",city,2025,10,93.8
"Austin, TX",city,2025,11,107.0
"Austin, TX",city,2025,12,124.1
"Austin, TX",city,2025,13,138.2
"Austin, TX",city,2025,14,153.9
"Austin, TX",city,2025,15,179.9
"Austin, TX",city,2025,16,223.8
"Austin, TX",city,2025,17,293.8
"Austin, TX",city,2025,18,344.9
"Austin, TX",city,2025,19,370.9
"Austin, TX",city,2025,20,404.8
"Austin, TX",city,2025,21,431.4
"Austin, TX",city,2025,22,437.7
"Austin, TX",city,2025,23,428.2
"Bainbridge, NY",city,2025,0,2.5
"Bainbridge, NY",city,2025,1,2.0
"Bainbridge, NY",city,2025,2,1.4
"Bainbridge, NY",city,2025,3,0.9
"Bainbridge, NY",city,2025,4,0.5
"Bainbridge, NY",city,2025,5,0.1
"Bainbridge, NY",city,2025,6,0.1
"Bainbridge, NY",city,2025,7,0.0
"Bainbridge, NY",city,2025,8,0.0
"Bainbridge, NY",city,2025,9,0.0
"Bainbridge, NY",city,2025,10,0.0
"Bainbridge, NY",city,2025,11,0.0
"Bainbridge, NY",city,2025,12,0.0
"Bainbridge, NY",city,2025,13,0.0
"Bainbridge, NY",city,2025,14,0.0
"Bainbridge, NY",city,2025,15,0.0
"Bainbridge, NY",city,2025,16,0.0
"Bainbridge, NY",city,2025,17,0.0
"Bainbridge, NY",city,2025,18,0.0
"Bainbridge, NY",city,2025,19,0.0
"Bainbridge, NY",city,2025,20,0.3
"Bainbridge, NY",city,2025,21,1.0
"Bainbridge, NY",city,2025,22,1.7
"Bainbridge, NY",city,2025,23,2.3
"Baldwin County, AL",county,2025,0,8.1
"Baldwin County, AL",county,2025,1,7.0
"Baldwin County, AL",county,2025,2,6.1
"Baldwin County, AL",county,2025,3,5.6
"Baldwin County, AL",county,2025,4,5.0
"Baldwin County, AL",county,2025,5,4.5
"Baldwin County, AL",county,2025,6,4.0
"Baldwin County, AL",county,2025,7,3.2
"Baldwin County, AL",county,2025,8,2.7
"Baldwin County, AL",county,2025,9,2.6
"Baldwin County, AL",county,2025,10,2.8
"Baldwin County, AL",county,2025,11,3.2
"Baldwin County, AL",county,2025,12,3.6
"Baldwin County, AL",county,2025,13,4.1
"Baldwin County, AL",county,2025,14,4.5
"Baldwin County, AL",county,2025,15,5.5
"Baldwin County, AL",county,2025,16,6.7
"Baldwin County, AL",county,2025,17,8.9
"Baldwin County, AL",county,2025,18,10.3
"Baldwin County, AL",county,2025,19,11.1
"Baldwin County, AL",county,2025,20,11.7
"Baldwin County, AL",county,2025,21,11.5
"Baldwin County, AL",county,2025,22,10.6
"Baldwin County, AL",county,2025,23,9.4
"Bastrop County, Hays County, TX",county,2025,0,3.0
"Bastrop County, Hays County, TX",county,2025,1,2.4
"Bastrop County, Hays County, TX",county,2025,2,1.7
"Bastrop County, Hays County, TX",county,2025,3,1.0
"Bastrop County, Hays County, TX",county,2025,4,0.5
"Bastrop County, Hays County, TX",county,2025,5,0.2
"Bastrop County, Hays County, TX",county,2025,6,0.1
"Bastrop County, Hays County, TX",county,2025,7,0.0
"Bastrop County, Hays County, TX",county,2025,8,0.0
"Bastrop County, Hays County, TX",county,2025,9,0.0
"Bastrop County, Hays County, TX",county,2025,10,0.0
"Bastrop County, Hays County, TX",county,2025,11,0.0
"Bastrop County, Hays County, TX",county,2025,12,0.0
"Bastrop County, Hays County, TX",county,2025,13,0.0
"Bastrop County, Hays County, TX",county,2025,14,0.0
"Bastrop County, Hays County, TX",county,2025,15,0.0
"Bastrop County, Hays County, TX",county,2025,16,0.0
"Bastrop County, Hays County, TX",county,2025,17,0.0
"Bastrop County, Hays County, TX",county,2025,18,0.0
"Bastrop County, Hays County, TX",county,2025,19,0.0
"Bastrop County, Hays County, TX",county,2025,20,0.5
"Bastrop County, Hays County, TX",county,2025,21,1.2
"Bastrop County, Hays County, TX",county,2025,22,2.0
"Bastrop County, Hays County, TX",county,2025,23,2.7
"Bellevue, WA",city,2025,0,20.8
"Bellevue, WA",city,2025,1,17.0
"Bellevue, WA",city,2025,2,12.8
"Bellevue, WA",city,2025,3,8.9
"Bellevue, WA",city,2025,4,5.7
"Bellevue, WA",city,2025,5,3.9
"Bellevue, WA",city,2025,6,3.0
"Bellevue, WA",city,2025,7,2.3
"Bellevue, WA",city,2025,8,1.8
"Bellevue, WA",city,2025,9,1.7
"Bellevue, WA",city,2025,10,1.8
"Bellevue, WA",city,2025,11,2.0
"Bellevue, WA",city,2025,12,2.5
"Bellevue, WA",city,2025,13,2.7
"Bellevue, WA",city,2025,14,3.0
"Bellevue, WA",city,2025,15,3.4
"Bellevue, WA",city,2025,16,4.2
"Bellevue, WA",city,2025,17,5.5
"Bellevue, WA",city,2025,18,6.4
"Bellevue, WA",city,2025,19,6.8
"Bellevue, WA",city,2025,20,9.4
"Bellevue, WA",city,2025,21,13.9
"Bellevue, WA",city,2025,22,17.7
"Bellevue, WA",city,2025,23,20.7
"Beloit, WI",city,2025,0,3.5
"Beloit, WI",city,2025,1,3.1
"Beloit, WI",city,2025,2,2.7
"Beloit, WI",city,2025,3,2.4
"Beloit, WI",city,2025,4,2.2
"Beloit, WI",city,2025,5,2.0
"Beloit, WI",city,2025,6,1.8
"Beloit, WI",city,2025,7,1.4
"Beloit, WI",city,2025,8,1.1
"Beloit, WI",city,2025,9,1.1
"Beloit, WI",city,2025,10,1.2
"Beloit, WI",city,2025,11,1.4
"Beloit, WI",city,2025,12,1.6
"Beloit, WI",city,2025,13,1.8
"Beloit, WI",city,2025,14,2.0
"Beloit, WI",city,2025,15,2.4
"Beloit, WI",city,2025,16,3.0
"Beloit, WI",city,2025,17,3.9
"Beloit, WI",city,2025,18,4.5
"Beloit, WI",city,2025,19,4.9
"Beloit, WI",city,2025,20,5.1
"Beloit, WI",city,2025,21,5.0
"Beloit, WI",city,2025,22,4.7
"Beloit, WI",city,2025,23,4.1
"Bend, OR WA",city,2025,0,12.2
"Bend, OR WA",city,2025,1,9.8
"Bend, OR WA",city,2025,2,6.9
"Bend, OR WA",city,2025,3,4.2
"Bend, OR WA",city,2025,4,2.0
"Bend, OR WA",city,2025,5,0.8
"Bend, OR WA",city,2025,6,0.3
"Bend, OR WA",city,2025,7,0.2
"Bend, OR WA",city,2025,8,0.1
"Bend, OR WA",city,2025,9,0.1
"Bend, OR WA",city,2025,10,0.1
"Bend, OR WA",city,2025,11,0.1
"Bend, OR WA",city,2025,12,0.1
"Bend, OR WA",city,2025,13,0.2
"Bend, OR WA",city,2025,14,0.1
"Bend, OR WA",city,2025,15,0.0
"Bend, OR WA",city,2025,16,0.0
"Bend, OR WA",city,2025,17,0.0
"Bend, OR WA",city,2025,18,0.0
"Bend, OR WA",city,2025,19,0.0
"Bend, OR WA",city,2025,20,1.8
"Bend, OR WA",city,2025,21,5.2
"Bend, OR WA",city,2025,22,8.5
"Bend, OR WA",city,2025,23,11.4
"Beverly Hills, CA",city,2025,0,7.5
"Beverly Hills, CA",city,2025,1,6.2
"Beverly Hills, CA",city,2025,2,5.0
"Beverly Hills, CA",city,2025,3,4.0
"Beverly Hills, CA",city,2025,4,3.1
"Beverly Hills, CA",city,2025,5,2.5
"Beverly Hills, CA",city,2025,6,2.0
"Beverly Hills, CA",city,2025,7,1.6
"Beverly Hills, CA",city,2025,8,1.4
"Beverly Hills, CA",city,2025,9,1.2
"Beverly Hills, CA",city,2025,10,1.4
"Beverly Hills, CA",city,2025,11,1.6
"Beverly Hills, CA",city,2025,12,1.8
"Beverly Hills, CA",city,2025,13,2.0
"Beverly Hills, CA",city,2025,14,2.3
"Beverly Hills, CA",city,2025,15,2.6
"Beverly Hills, CA",city,2025,16,3.3
"Beverly Hills, CA",city,2025,17,4.3
"Beverly Hills, CA",city,2025,18,5.0
"Beverly Hills, CA",city,2025,19,5.5
"Beverly Hills, CA",city,2025,20,6.1
"Beverly Hills, CA",city,2025,21,7.0
"Beverly Hills, CA",city,2025,22,7.6
"Beverly Hills, CA",city,2025,23,8.0
"Bexar County, TX",county,2025,0,238.9
"Bexar County, TX",county,2025,1,199.4
"Bexar County, TX",county,2025,2,157.3
"Bexar County, TX",county,2025,3,119.5
"Bexar County, TX",county,2025,4,89.4
"Bexar County, TX",county,2025,5,70.1
"Bexar County, TX",county,2025,6,58.1
"Bexar County, TX",county,2025,7,45.3
"Bexar County, TX",county,2025,8,38.0
"Bexar County, TX",county,2025,9,36.1
"Bexar County, TX",county,2025,10,38.6
"Bexar County, TX",county,2025,11,44.1
"Bexar County, TX",county,2025,12,51.2
"Bexar County, TX",county,2025,13,57.2
"Bexar County, TX",county,2025,14,63.0
"Bexar County, TX",county,2025,15,73.2
"Bexar County, TX",county,2025,16,90.8
"Bexar County, TX",county,2025,17,119.2
"Bexar County, TX",county,2025,18,139.9
"Bexar County, TX",county,2025,19,150.3
"Bexar County, TX",county,2025,20,175.9
"Bexar County, TX",county,2025,21,209.9
"Bexar County, TX",county,2025,22,234.7
"Bexar County, TX",county,2025,23,250.1
"Birmingham, AL",city,2025,0,3.9
"Birmingham, AL",city,2025,1,3.1
"Birmingham, AL",city,2025,2,2.2
"Birmingham, AL",city,2025,3,1.4
"Birmingham, AL",city,2025,4,0.7
"Birmingham, AL",city,2025,5,0.2
"Birmingham, AL",city,2025,6,0.1
"Birmingham, AL",city,2025,7,0.1
"Birmingham, AL",city,2025,8,0.1
"Birmingham, AL",city,2025,9,0.0
"Birmingham, AL",city,2025,10,0.0
"Birmingham, AL",city,2025,11,0.0
"Birmingham, AL",city,2025,12,0.0
"Birmingham, AL",city,2025,13,0.1
"Birmingham, AL",city,2025,14,0.0
"Birmingham, AL",city,2025,15,0.0
"Birmingham, AL",city,2025,16,0.0
"Birmingham, AL",city,2025,17,0.0
"Birmingham, AL",city,2025,18,0.0
"Birmingham, AL",city,2025,19,0.0
"Birmingham, AL",city,2025,20,0.6
"Birmingham, AL",city,2025,21,1.7
"Birmingham, AL",city,2025,22,2.7
"Birmingham, AL",city,2025,23,3.6
"Blue Springs, KS MO",city,2025,0,4.8
"Blue Springs, KS MO",city,2025,1,3.9
"Blue Springs, KS MO",city,2025,2,2.7
"Blue Springs, KS MO",city,2025,3,1.7
"Blue Springs, KS MO",city,2025,4,0.8
"Blue Springs, KS MO",city,2025,5,0.3
"Blue Springs, KS MO",city,2025,6,0.1
"Blue Springs, KS MO",city,2025,7,0.1
"Blue Springs, KS MO",city,2025,8,0.1
"Blue Springs, KS MO",city,2025,9,0.0
"Blue Springs, KS MO",city,2025,10,0.0
"Blue Springs, KS MO",city,2025,11,0.0
"Blue Springs, KS MO",city,2025,12,0.1
"Blue Springs, KS MO",city,2025,13,0.1
"Blue Springs, KS MO",city,2025,14,0.0
"Blue Springs, KS MO",city,2025,15,0.0
"Blue Springs, KS MO",city,2025,16,0.0
"Blue Springs, KS MO",city,2025,17,0.0
"Blue Springs, KS MO",city,2025,18,0.0
"Blue Springs, KS MO",city,2025,19,0.0
"Blue Springs, KS MO",city,2025,20,0.7
"Blue Springs, KS MO",city,2025,21,2.0
"Blue Springs, KS MO",city,2025,22,3.4
"Blue Springs, KS MO",city,2025,23,4.5
"Bluffdale, Herriman, Riverton, South Jordan, West Jordan, UT",city,2025,0,15.0
"Bluffdale, Herriman, Riverton, South Jordan, West Jordan, UT",city,2025,1,11.9
"Bluffdale, Herriman, Riverton, South Jordan, West Jordan, UT",city,2025,2,8.5
"Bluffdale, Herriman, Riverton, South Jordan, West Jordan, UT",city,2025,3,5.2
"Bluffdale, Herriman, Riverton, South Jordan, West Jordan, UT",city,2025,4,2.6
"Bluffdale, Herriman, Riverton, South Jordan, West Jordan, UT",city,2025,5,1.1
"Bluffdale, Herriman, Riverton, South Jordan, West Jordan, UT",city,2025,6,0.6
"Bluffdale, Herriman, Riverton, South Jordan, West Jordan, UT",city,2025,7,0.3
"Bluffdale, Herriman, Riverton, South Jordan, West Jordan, UT",city,2025,8,0.2
"Bluffdale, Herriman, Riverton, South Jordan, West Jordan, UT",city,2025,9,0.2
"Bluffdale, Herriman, Riverton, South Jordan, West Jordan, UT",city,2025,10,0.2
"Bluffdale, Herriman, Riverton, South Jordan, West Jordan, UT",city,2025,11,0.2
"Bluffdale, Herriman, Riverton, South Jordan, West Jordan, UT",city,2025,12,0.3
"Bluffdale, Herriman, Riverton, South Jordan, West Jordan, UT",city,2025,13,0.3
"Bluffdale, Herriman, Riverton, South Jordan, West Jordan, UT",city,2025,14,0.2
"Bluffdale, Herriman, Riverton, South Jordan, West Jordan, UT",city,2025,15,0.2
"Bluffdale, Herriman, Riverton, South Jordan, West Jordan, UT",city,2025,16,0.2
"Bluffdale, Herriman, Riverton, South Jordan, West Jordan, UT",city,2025,17,0.3
"Bluffdale, Herriman, Riverton, South Jordan, West Jordan, UT",city,2025,18,0.3
"Bluffdale, Herriman, Riverton, South Jordan, West Jordan, UT",city,2025,19,0.3
"Bluffdale, Herriman, Riverton, South Jordan, West Jordan, UT",city,2025,20,2.5
"Bluffdale, Herriman, Riverton, South Jordan, West Jordan, UT",city,2025,21,6.7
"Bluffdale, Herriman, Riverton, South Jordan, West Jordan, UT",city,2025,22,10.7
"Bluffdale, Herriman, Riverton, South Jordan, West Jordan, UT",city,2025,23,14.1
"Boca Raton, FL",city,2025,0,41.7
"Boca Raton, FL",city,2025,1,35.3
"Boca Raton, FL",city,2025,2,28.6
"Boca Raton, FL",city,2025,3,23.0
"Boca Raton, FL",city,2025,4,18.4
"Boca Raton, FL",city,2025,5,15.2
"Boca Raton, FL",city,2025,6,13.0
"Boca Raton, FL",city,2025,7,10.2
"Boca Raton, FL",city,2025,8,8.5
"Boca Raton, FL",city,2025,9,8.2
"Boca Raton, FL",city,2025,10,8.9
"Boca Raton, FL",city,2025,11,10.0
"Boca Raton, FL",city,2025,12,11.7
"Boca Raton, FL",city,2025,13,13.0
"Boca Raton, FL",city,2025,14,14.4
"Boca Raton, FL",city,2025,15,16.8
"Boca Raton, FL",city,2025,16,20.9
"Boca Raton, FL",city,2025,17,27.5
"Boca Raton, FL",city,2025,18,32.3
"Boca Raton, FL",city,2025,19,34.7
"Boca Raton, FL",city,2025,20,38.6
"Boca Raton, FL",city,2025,21,42.6
"Boca Raton, FL",city,2025,22,44.8
"Boca Raton, FL",city,2025,23,45.1
"Boise City, ID",city,2025,0,18.0
"Boise City, ID",city,2025,1,15.7
"Boise City, ID",city,2025,2,13.8
"Boise City, ID",city,2025,3,12.4
"Boise City, ID",city,2025,4,11.1
"Boise City, ID",city,2025,5,10.1
"Boise City, ID",city,2025,6,9.0
"Boise City, ID",city,2025,7,7.2
"Boise City, ID",city,2025,8,6.0
"Boise City, ID",city,2025,9,5.8
"Boise City, ID",city,2025,10,6.2
"Boise City, ID",city,2025,11,7.2
"Boise City, ID",city,2025,12,8.2
"Boise City, ID",city,2025,13,9.2
"Boise City, ID",city,2025,14,10.3
"Boise City, ID",city,2025,15,12.0
"Boise City, ID",city,2025,16,15.0
"Boise City, ID",city,2025,17,19.8
"Boise City, ID",city,2025,18,23.2
"Boise City, ID",city,2025,19,24.9
"Boise City, ID",city,2025,20,26.0
"Boise City, ID",city,2025,21,25.5
"Boise City, ID",city,2025,22,23.8
"Boise City, ID",city,2025,23,21.1
"Bossier Parish, LA",county,2025,0,3.4
"Bossier Parish, LA",county,2025,1,2.7
"Bossier Parish, LA",county,2025,2,1.9
"Bossier Parish, LA",county,2025,3,1.1
"Bossier Parish, LA",county,2025,4,0.6
"Bossier Parish, LA",county,2025,5,0.2
"Bossier Parish, LA",county,2025,6,0.1
"Bossier Parish, LA",county,2025,7,0.1
"Bossier Parish, LA",county,2025,8,0.0
"Bossier Parish, LA",county,2025,9,0.0
"Bossier Parish, LA",county,2025,10,0.0
"Bossier Parish, LA",county,2025,11,0.0
"Bossier Parish, LA",county,2025,12,0.0
"Bossier Parish, LA",county,2025,13,0.0
"Bossier Parish, LA",county,2025,14,0.0
"Bossier Parish, LA",county,2025,15,0.0
"Bossier Parish, LA",county,2025,16,0.0
"Bossier Parish, LA",county,2025,17,0.0
"Bossier Parish, LA",county,2025,18,0.0
"Bossier Parish, LA",county,2025,19,0.0
"Bossier Parish, LA",county,2025,20,0.5
"Bossier Parish, LA",county,2025,21,1.5
"Bossier Parish, LA",county,2025,22,2.4
"Bossier Parish, LA",county,2025,23,3.3
"Boston, MA",city,2025,0,70.3
"Boston, MA",city,2025,1,57.5
"Boston, MA",city,2025,2,43.3
"Boston, MA",city,2025,3,29.9
"Boston, MA",city,2025,4,19.3
"Boston, MA",city,2025,5,13.1
"Boston, MA",city,2025,6,9.9
"Boston, MA",city,2025,7,7.5
"Boston, MA",city,2025,8,6.2
"Boston, MA",city,2025,9,5.9
"Boston, MA",city,2025,10,6.2
"Boston, MA",city,2025,11,7.0
"Boston, MA",city,2025,12,8.3
"Boston, MA",city,2025,13,9.3
"Boston, MA",city,2025,14,9.9
"Boston, MA",city,2025,15,11.4
"Boston, MA",city,2025,16,14.0
"Boston, MA",city,2025,17,18.4
"Boston, MA",city,2025,18,21.5
"Boston, MA",city,2025,19,23.1
"Boston, MA",city,2025,20,31.9
"Boston, MA",city,2025,21,46.7
"Boston, MA",city,2025,22,59.7
"Boston, MA",city,2025,23,69.9
"Boulder County, CO",county,2025,0,38.1
"Boulder County, CO",county,2025,1,31.7
"Boulder County, CO",county,2025,2,24.9
"Boulder County, CO",county,2025,3,18.8
"Boulder County, CO",county,2025,4,13.9
"Boulder County, CO",county,2025,5,10.7
"Boulder County, CO",county,2025,6,8.9
"Boulder County, CO",county,2025,7,6.8
"Boulder County, CO",county,2025,8,5.8
"Boulder County, CO",county,2025,9,5.5
"Boulder County, CO",county,2025,10,5.9
"Boulder County, CO",county,2025,11,6.7
"Boulder County, CO",county,2025,12,7.7
"Boulder County, CO",county,2025,13,8.6
"Boulder County, CO",county,2025,14,9.5
"Boulder County, CO",county,2025,15,11.0
"Boulder County, CO",county,2025,16,13.8
"Boulder County, CO",county,2025,17,18.0
"Boulder County, CO",county,2025,18,21.1
"Boulder County, CO",county,2025,19,22.7
"Boulder County, CO",county,2025,20,26.8
"Boulder County, CO",county,2025,21,32.5
"Boulder County, CO",county,2025,22,36.8
"Boulder County, CO",county,2025,23,39.5
"Boulder, CO",city,2025,0,7.4
"Boulder, CO",city,2025,1,6.4
"Boulder, CO",city,2025,2,5.6
"Boulder, CO",city,2025,3,5.0
"Boulder, CO",city,2025,4,4.5
"Boulder, CO",city,2025,5,4.1
"Boulder, CO",city,2025,6,3.5
"Boulder, CO",city,2025,7,2.8
"Boulder, CO",city,2025,8,2.4
"Boulder, CO",city,2025,9,2.3
"Boulder, CO",city,2025,10,2.5
"Boulder, CO",city,2025,11,2.8
"Boulder, CO",city,2025,12,3.3
"Boulder, CO",city,2025,13,3.6
"Boulder, CO",city,2025,14,4.1
"Boulder, CO",city,2025,15,4.8
"Boulder, CO",city,2025,16,6.0
"Boulder, CO",city,2025,17,7.8
"Boulder, CO",city,2025,18,9.2
"Boulder, CO",city,2025,19,9.9
"Boulder, CO",city,2025,20,10.3
"Boulder, CO",city,2025,21,10.2
"Boulder, CO",city,2025,22,9.5
"Boulder, CO",city,2025,23,8.6
"Brentwood, CA",city,2025,0,5.7
"Brentwood, CA",city,2025,1,4.5
"Brentwood, CA",city,2025,2,3.3
"Brentwood, CA",city,2025,3,2.0
"Brentwood, CA",city,2025,4,1.1
"Brentwood, CA",city,2025,5,0.6
"Brentwood, CA",city,2025,6,0.3
"Brentwood, CA",city,2025,7,0.2
"Brentwood, CA",city,2025,8,0.1
"Brentwood, CA",city,2025,9,0.1
"Brentwood, CA",city,2025,10,0.1
"Brentwood, CA",city,2025,11,0.1
"Brentwood, CA",city,2025,12,0.2
"Brentwood, CA",city,2025,13,0.2
"Brentwood, CA",city,2025,14,0.2
"Brentwood, CA",city,2025,15,0.2
"Brentwood, CA",city,2025,16,0.2
"Brentwood, CA",city,2025,17,0.3
"Brentwood, CA",city,2025,18,0.3
"Brentwood, CA",city,2025,19,0.3
"Brentwood, CA",city,2025,20,1.2
"Brentwood, CA",city,2025,21,2.7
"Brentwood, CA",city,2025,22,4.2
"Brentwood, CA",city,2025,23,5.5
"Brooke County, Harrison County, Mineral County, Monongalia County, Taylor County, Wood County, WV",county,2025,0,9.4
"Brooke County, Harrison County, Mineral County, Monongalia County, Taylor County, Wood County, WV",county,2025,1,7.5
"Brooke County, Harrison County, Mineral County, Monongalia County, Taylor County, Wood County, WV",county,2025,2,5.3
"Brooke County, Harrison County, Mineral County, Monongalia County, Taylor County, Wood County, WV",county,2025,3,3.2
"Brooke County, Harrison County, Mineral County, Monongalia County, Taylor County, Wood County, WV",county,2025,4,1.6
"Brooke County, Harrison County, Mineral County, Monongalia County, Taylor County, Wood County, WV",county,2025,5,0.7
"Brooke County, Harrison County, Mineral County, Monongalia County, Taylor County, Wood County, WV",county,2025,6,0.2
"Brooke County, Harrison County, Mineral County, Monongalia County, Taylor County, Wood County, WV",county,2025,7,0.1
"Brooke County, Harrison County, Mineral County, Monongalia County, Taylor County, Wood County, WV",county,2025,8,0.1
"Brooke County, Harrison County, Mineral County, Monongalia County, Taylor County, Wood County, WV",county,2025,9,0.1
"Brooke County, Harrison County, Mineral County, Monongalia County, Taylor County, Wood County, WV",county,2025,10,0.1
"Brooke County, Harrison County, Mineral County, Monongalia County, Taylor County, Wood County, WV",county,2025,11,0.1
"Brooke County, Harrison County, Mineral County, Monongalia County, Taylor County, Wood County, WV",county,2025,12,0.1
"Brooke County, Harrison County, Mineral County, Monongalia County, Taylor County, Wood County, WV",county,2025,13,0.1
"Brooke County, Harrison County, Mineral County, Monongalia County, Taylor County, Wood County, WV",county,2025,14,0.1
"Brooke County, Harrison County, Mineral County, Monongalia County, Taylor County, Wood County, WV",county,2025,15,0.0
"Brooke County, Harrison County, Mineral County, Monongalia County, Taylor County, Wood County, WV",county,2025,16,0.0
"Brooke County, Harrison County, Mineral County, Monongalia County, Taylor County, Wood County, WV",county,2025,17,0.0
"Brooke County, Harrison County, Mineral County, Monongalia County, Taylor County, Wood County, WV",county,2025,18,0.0
"Brooke County, Harrison County, Mineral County, Monongalia County, Taylor County, Wood County, WV",county,2025,19,0.0
"Brooke County, Harrison County, Mineral County, Monongalia County, Taylor County, Wood County, WV",county,2025,20,1.4
"Brooke County, Harrison County, Mineral County, Monongalia County, Taylor County, Wood County, WV",county,2025,21,4.0
"Brooke County, Harrison County, Mineral County, Monongalia County, Taylor County, Wood County, WV",county,2025,22,6.6
"Brooke County, Harrison County, Mineral County, Monongalia County, Taylor County, Wood County, WV",county,2025,23,8.8
"Brooklyn Park, MN",city,2025,0,94.8
"Brooklyn Park, MN",city,2025,1,83.2
"Brooklyn Park, MN",city,2025,2,72.5
"Brooklyn Park, MN",city,2025,3,65.3
"Brooklyn Park, MN",city,2025,4,59.2
"Brooklyn Park, MN",city,2025,5,53.6
"Brooklyn Park, MN",city,2025,6,47.5
"Brooklyn Park, MN",city,2025,7,37.8
"Brooklyn Park, MN",city,2025,8,31.7
"Brooklyn Park, MN",city,2025,9,30.5
"Brooklyn Park, MN",city,2025,10,33.0
"Brooklyn Park, MN",city,2025,11,37.7
"Brooklyn Park, MN",city,2025,12,43.6
"Brooklyn Park, MN",city,2025,13,48.4
"Brooklyn Park, MN",city,2025,14,54.3
"Brooklyn Park, MN",city,2025,15,63.8
"Brooklyn Park, MN",city,2025,16,79.4
"Brooklyn Park, MN",city,2025,17,104.3
"Brooklyn Park, MN",city,2025,18,122.5
"Brooklyn Park, MN",city,2025,19,131.8
"Brooklyn Park, MN",city,2025,20,137.5
"Brooklyn Park, MN",city,2025,21,134.8
"Brooklyn Park, MN",city,2025,22,125.3
"Brooklyn Park, MN",city,2025,23,111.7
"Broward County, FL",county,2025,0,115.1
"Broward County, FL",county,2025,1,93.0
"Broward County, FL",county,2025,2,67.8
"Broward County, FL",county,2025,3,43.6
"Broward County, FL",county,2025,4,24.5
"Broward County, FL",county,2025,5,13.6
"Broward County, FL",county,2025,6,8.9
"Broward County, FL",county,2025,7,6.5
"Broward County, FL",county,2025,8,5.3
"Broward County, FL",county,2025,9,4.8
"Broward County, FL",county,2025,10,4.9
"Broward County, FL",county,2025,11,5.5
"Broward County, FL",county,2025,12,6.6
"Broward County, FL",county,2025,13,7.5
"Broward County, FL",county,2025,14,7.5
"Broward County, FL",county,2025,15,8.2
"Broward County, FL",county,2025,16,9.9
"Broward County, FL",county,2025,17,13.1
"Broward County, FL",county,2025,18,15.1
"Broward County, FL",county,2025,19,16.2
"Broward County, FL",county,2025,20,31.9
"Broward County, FL",county,2025,21,61.0
"Broward County, FL",county,2025,22,88.0
"Broward County, FL",county,2025,23,110.7
"Bucks County, PA",county,2025,0,25.3
"Bucks County, PA",county,2025,1,20.3
"Bucks County, PA",county,2025,2,14.4
"Bucks County, PA",county,2025,3,8.8
"Bucks County, PA",county,2025,4,4.2
"Bucks County, PA",county,2025,5,1.7
"Bucks County, PA",county,2025,6,0.8
"Bucks County, PA",county,2025,7,0.5
"Bucks County, PA",county,2025,8,0.3
"Bucks County, PA",county,2025,9,0.2
"Bucks County, PA",county,2025,10,0.2
"Bucks County, PA",county,2025,11,0.2
"Bucks County, PA",county,2025,12,0.3
"Bucks County, PA",county,2025,13,0.3
"Bucks County, PA",county,2025,14,0.2
"Bucks County, PA",county,2025,15,0.1
"Bucks County, PA",county,2025,16,0.0
"Bucks County, PA",county,2025,17,0.0
"Bucks County, PA",county,2025,18,0.0
"Bucks County, PA",county,2025,19,0.0
"Bucks County, PA",county,2025,20,3.6
"Bucks County, PA",county,2025,21,10.9
"Bucks County, PA",county,2025,22,17.8
"Bucks County, PA",county,2025,23,23.8
"Buncombe County, NC",county,2025,0,40.9
"Buncombe County, NC",county,2025,1,35.9
"Buncombe County, NC",county,2025,2,31.4
"Buncombe County, NC",county,2025,3,28.2
"Buncombe County, NC",county,2025,4,25.6
"Buncombe County, NC",county,2025,5,23.2
"Buncombe County, NC",county,2025,6,20.6
"Buncombe County, NC",county,2025,7,16.4
"Buncombe County, NC",county,2025,8,13.8
"Buncombe County, NC",county,2025,9,13.2
"Buncombe County, NC",county,2025,10,14.2
"Buncombe County, NC",county,2025,11,16.2
"Buncombe County, NC",county,2025,12,18.9
"Buncombe County, NC",county,2025,13,20.9
"Buncombe County, NC",county,2025,14,23.5
"Buncombe County, NC",county,2025,15,27.5
"Buncombe County, NC",county,2025,16,34.3
"Buncombe County, NC",county,2025,17,45.0
"Buncombe County, NC",county,2025,18,53.0
"Buncombe County, NC",county,2025,19,56.9
"Buncombe County, NC",county,2025,20,59.4
"Buncombe County, NC",county,2025,21,58.2
"Buncombe County, NC",county,2025,22,54.1
"Buncombe County, NC",county,2025,23,48.3
"Burlington, VT",city,2025,0,7.2
"Burlington, VT",city,2025,1,5.8
"Burlington, VT",city,2025,2,4.3
"Burlington, VT",city,2025,3,3.0
"Burlington, VT",city,2025,4,1.8
"Burlington, VT",city,2025,5,1.1
"Burlington, VT",city,2025,6,0.8
"Burlington, VT",city,2025,7,0.7
"Burlington, VT",city,2025,8,0.6
"Burlington, VT",city,2025,9,0.5
"Burlington, VT",city,2025,10,0.5
"Burlington, VT",city,2025,11,0.6
"Burlington, VT",city,2025,12,0.7
"Burlington, VT",city,2025,13,0.8
"Burlington, VT",city,2025,14,0.8
"Burlington, VT",city,2025,15,0.9
"Burlington, VT",city,2025,16,1.1
"Burlington, VT",city,2025,17,1.5
"Burlington, VT",city,2025,18,1.7
"Burlington, VT",city,2025,19,1.8
"Burlington, VT",city,2025,20,2.7
"Burlington, VT",city,2025,21,4.3
"Burlington, VT",city,2025,22,5.8
"Burlington, VT",city,2025,23,7.0
"Cabarrus County, NC",county,2025,0,3.4
"Cabarrus County, NC",county,2025,1,3.0
"Cabarrus County, NC",county,2025,2,2.6
"Cabarrus County, NC",county,2025,3,2.4
"Cabarrus County, NC",county,2025,4,2.2
"Cabarrus County, NC",county,2025,5,1.9
"Cabarrus County, NC",county,2025,6,1.7
"Cabarrus County, NC",county,2025,7,1.4
"Cabarrus County, NC",county,2025,8,1.1
"Cabarrus County, NC",county,2025,9,1.1
"Cabarrus County, NC",county,2025,10,1.1
"Cabarrus County, NC",county,2025,11,1.4
"Cabarrus County, NC",county,2025,12,1.6
"Cabarrus County, NC",county,2025,13,1.7
"Cabarrus County, NC",county,2025,14,1.9
"Cabarrus County, NC",county,2025,15,2.3
"Cabarrus County, NC",county,2025,16,2.8
"Cabarrus County, NC",county,2025,17,3.8
"Cabarrus County, NC",county,2025,18,4.4
"Cabarrus County, NC",county,2025,19,4.8
"Cabarrus County, NC",county,2025,20,4.9
"Cabarrus County, NC",county,2025,21,4.9
"Cabarrus County, NC",county,2025,22,4.5
"Cabarrus County, NC",county,2025,23,4.0
"Camden, NY",city,2025,0,4.4
"Camden, NY",city,2025,1,3.5
"Camden, NY",city,2025,2,2.5
"Camden, NY",city,2025,3,1.5
"Camden, NY",city,2025,4,0.8
"Camden, NY",city,2025,5,0.3
"Camden, NY",city,2025,6,0.1
"Camden, NY",city,2025,7,0.1
"Camden, NY",city,2025,8,0.1
"Camden, NY",city,2025,9,0.0
"Camden, NY",city,2025,10,0.0
"Camden, NY",city,2025,11,0.0
"Camden, NY",city,2025,12,0.1
"Camden, NY",city,2025,13,0.1
"Camden, NY",city,2025,14,0.0
"Camden, NY",city,2025,15,0.0
"Camden, NY",city,2025,16,0.0
"Camden, NY",city,2025,17,0.0
"Camden, NY",city,2025,18,0.0
"Camden, NY",city,2025,19,0.0
"Camden, NY",city,2025,20,0.7
"Camden, NY",city,2025,21,1.9
"Camden, NY",city,2025,22,3.1
"Camden, NY",city,2025,23,4.1
"Canyon County, ID",county,2025,0,45.6
"Canyon County, ID",county,2025,1,40.0
"Canyon County, ID",county,2025,2,34.9
"Canyon County, ID",county,2025,3,31.4
"Canyon County, ID",county,2025,4,28.4
"Canyon County, ID",county,2025,5,25.8
"Canyon County, ID",county,2025,6,22.8
"Canyon County, ID",county,2025,7,18.2
"Canyon County, ID",county,2025,8,15.2
"Canyon County, ID",county,2025,9,14.7
"Canyon County, ID",county,2025,10,15.8
"Canyon County, ID",county,2025,11,18.1
"Canyon County, ID",county,2025,12,20.9
"Canyon County, ID",county,2025,13,23.3
"Canyon County, ID",county,2025,14,26.1
"Canyon County, ID",county,2025,15,30.7
"Canyon County, ID",county,2025,16,38.2
"Canyon County, ID",county,2025,17,50.1
"Canyon County, ID",county,2025,18,58.9
"Canyon County, ID",county,2025,19,63.3
"Canyon County, ID",county,2025,20,66.1
"Canyon County, ID",county,2025,21,64.8
"Canyon County, ID",county,2025,22,60.2
"Canyon County, ID",county,2025,23,53.8
"Cape Canaveral, FL",city,2025,0,7.5
"Cape Canaveral, FL",city,2025,1,6.6
"Cape Canaveral, FL",city,2025,2,5.8
"Cape Canaveral, FL",city,2025,3,5.2
"Cape Canaveral, FL",city,2025,4,4.7
"Cape Canaveral, FL",city,2025,5,4.3
"Cape Canaveral, FL",city,2025,6,3.8
"Cape Canaveral, FL",city,2025,7,3.0
"Cape Canaveral, FL",city,2025,8,2.5
"Cape Canaveral, FL",city,2025,9,2.4
"Cape Canaveral, FL",city,2025,10,2.6
"Cape Canaveral, FL",city,2025,11,3.0
"Cape Canaveral, FL",city,2025,12,3.4
"Cape Canaveral, FL",city,2025,13,3.9
"Cape Canaveral, FL",city,2025,14,4.3
"Cape Canaveral, FL",city,2025,15,5.1
"Cape Canaveral, FL",city,2025,16,6.4
"Cape Canaveral, FL",city,2025,17,8.3
"Cape Canaveral, FL",city,2025,18,9.8
"Cape Canaveral, FL",city,2025,19,10.5
"Cape Canaveral, FL",city,2025,20,10.9
"Cape Canaveral, FL",city,2025,21,10.7
"Cape Canaveral, FL",city,2025,22,10.0
"Cape Canaveral, FL",city,2025,23,8.9
"Carol Stream, IL",city,2025,0,2.8
"Carol Stream, IL",city,2025,1,2.3
"Carol Stream, IL",city,2025,2,1.7
"Carol Stream, IL",city,2025,3,1.0
"Carol Stream, IL",city,2025,4,0.6
"Carol Stream, IL",city,2025,5,0.2
"Carol Stream, IL",city,2025,6,0.1
"Carol Stream, IL",city,2025,7,0.1
"Carol Stream, IL",city,2025,8,0.1
"Carol Stream, IL",city,2025,9,0.1
"Carol Stream, IL",city,2025,10,0.1
"Carol Stream, IL",city,2025,11,0.1
"Carol Stream, IL",city,2025,12,0.1
"Carol Stream, IL",city,2025,13,0.1
"Carol Stream, IL",city,2025,14,0.1
"Carol Stream, IL",city,2025,15,0.1
"Carol Stream, IL",city,2025,16,0.1
"Carol Stream, IL",city,2025,17,0.2
"Carol Stream, IL",city,2025,18,0.2
"Carol Stream, IL",city,2025,19,0.2
"Carol Stream, IL",city,2025,20,0.7
"Carol Stream, IL",city,2025,21,1.4
"Carol Stream, IL",city,2025,22,2.2
"Carol Stream, IL",city,2025,23,2.7
"Carrollton, GA",city,2025,0,1.8
"Carrollton, GA",city,2025,1,1.6
"Carrollton, GA",city,2025,2,1.4
"Carrollton, GA",city,2025,3,1.2
"Carrollton, GA",city,2025,4,1.1
"Carrollton, GA",city,2025,5,1.0
"Carrollton, GA",city,2025,6,0.9
"Carrollton, GA",city,2025,7,0.8
"Carrollton, GA",city,2025,8,0.7
"Carrollton, GA",city,2025,9,0.6
"Carrollton, GA",city,2025,10,0.7
"Carrollton, GA",city,2025,11,0.8
"Carrollton, GA",city,2025,12,0.9
"Carrollton, GA",city,2025,13,0.9
"Carrollton, GA",city,2025,14,1.0
"Carrollton, GA",city,2025,15,1.2
"Carrollton, GA",city,2025,16,1.6
"Carrollton, GA",city,2025,17,2.0
"Carrollton, GA",city,2025,18,2.4
"Carrollton, GA",city,2025,19,2.6
"Carrollton, GA",city,2025,20,2.7
"Carrollton, GA",city,2025,21,2.6
"Carrollton, GA",city,2025,22,2.5
"Carrollton, GA",city,2025,23,2.2
"Carrollton, TX",city,2025,0,3.6
"Carrollton, TX",city,2025,1,3.2
"Carrollton, TX",city,2025,2,2.8
"Carrollton, TX",city,2025,3,2.5
"Carrollton, TX",city,2025,4,2.3
"Carrollton, TX",city,2025,5,2.0
"Carrollton, TX",city,2025,6,1.8
"Carrollton, TX",city,2025,7,1.5
"Carrollton, TX",city,2025,8,1.2
"Carrollton, TX",city,2025,9,1.1
"Carrollton, TX",city,2025,10,1.2
"Carrollton, TX",city,2025,11,1.5
"Carrollton, TX",city,2025,12,1.7
"Carrollton, TX",city,2025,13,1.9
"Carrollton, TX",city,2025,14,2.2
"Carrollton, TX",city,2025,15,2.5
"Carrollton, TX",city,2025,16,3.1
"Carrollton, TX",city,2025,17,4.1
"Carrollton, TX",city,2025,18,4.8
"Carrollton, TX",city,2025,19,5.1
"Carrollton, TX",city,2025,20,5.3
"Carrollton, TX",city,2025,21,5.2
"Carrollton, TX",city,2025,22,4.9
"Carrollton, TX",city,2025,23,4.3
"Carver County, MN",county,2025,0,8.9
"Carver County, MN",county,2025,1,7.0
"Carver County, MN",county,2025,2,5.0
"Carver County, MN",county,2025,3,3.1
"Carver County, MN",county,2025,4,1.5
"Carver County, MN",county,2025,5,0.6
"Carver County, MN",county,2025,6,0.2
"Carver County, MN",county,2025,7,0.1
"Carver County, MN",county,2025,8,0.1
"Carver County, MN",county,2025,9,0.1
"Carver County, MN",county,2025,10,0.1
"Carver County, MN",county,2025,11,0.1
"Carver County, MN",county,2025,12,0.1
"Carver County, MN",county,2025,13,0.1
"Carver County, MN",county,2025,14,0.1
"Carver County, MN",county,2025,15,0.0
"Carver County, MN",county,2025,16,0.0
"Carver County, MN",county,2025,17,0.0
"Carver County, MN",county,2025,18,0.0
"Carver County, MN",county,2025,19,0.0
"Carver County, MN",county,2025,20,1.2
"Carver County, MN",county,2025,21,3.8
"Carver County, MN",county,2025,22,6.2
"Carver County, MN",county,2025,23,8.3
"Cary, NC",city,2025,0,6.2
"Cary, NC",city,2025,1,5.1
"Cary, NC",city,2025,2,3.9
"Cary, NC",city,2025,3,2.8
"Cary, NC",city,2025,4,1.9
"Cary, NC",city,2025,5,1.4
"Cary, NC",city,2025,6,1.0
"Cary, NC",city,2025,7,0.8
"Cary, NC",city,2025,8,0.7
"Cary, NC",city,2025,9,0.7
"Cary, NC",city,2025,10,0.7
"Cary, NC",city,2025,11,0.8
"Cary, NC",city,2025,12,0.9
"Cary, NC",city,2025,13,1.0
"Cary, NC",city,2025,14,1.1
"Cary, NC",city,2025,15,1.2
"Cary, NC",city,2025,16,1.6
"Cary, NC",city,2025,17,2.2
"Cary, NC",city,2025,18,2.5
"Cary, NC",city,2025,19,2.6
"Cary, NC",city,2025,20,3.4
"Cary, NC",city,2025,21,4.5
"Cary, NC",city,2025,22,5.6
"Cary, NC",city,2025,23,6.2
"Cedar Rapids, IA",city,2025,0,10.6
"Cedar Rapids, IA",city,2025,1,8.5
"Cedar Rapids, IA",city,2025,2,6.0
"Cedar Rapids, IA",city,2025,3,3.6
"Cedar Rapids, IA",city,2025,4,1.8
"Cedar Rapids, IA",city,2025,5,0.8
"Cedar Rapids, IA",city,2025,6,0.3
"Cedar Rapids, IA",city,2025,7,0.2
"Cedar Rapids, IA",city,2025,8,0.1
"Cedar Rapids, IA",city,2025,9,0.1
"Cedar Rapids, IA",city,2025,10,0.1
"Cedar Rapids, IA",city,2025,11,0.1
"Cedar Rapids, IA",city,2025,12,0.1
"Cedar Rapids, IA",city,2025,13,0.2
"Cedar Rapids, IA",city,2025,14,0.1
"Cedar Rapids, IA",city,2025,15,0.1
"Cedar Rapids, IA",city,2025,16,0.1
"Cedar Rapids, IA",city,2025,17,0.1
"Cedar Rapids, IA",city,2025,18,0.1
"Cedar Rapids, IA",city,2025,19,0.1
"Cedar Rapids, IA",city,2025,20,1.6
"Cedar Rapids, IA",city,2025,21,4.7
"Cedar Rapids, IA",city,2025,22,7.5
"Cedar Rapids, IA",city,2025,23,9.9
"Chapel Hill, NC",city,2025,0,9.2
"Chapel Hill, NC",city,2025,1,8.1
"Chapel Hill, NC",city,2025,2,7.0
"Chapel Hill, NC",city,2025,3,6.4
"Chapel Hill, NC",city,2025,4,5.7
"Chapel Hill, NC",city,2025,5,5.2
"Chapel Hill, NC",city,2025,6,4.5
"Chapel Hill, NC",city,2025,7,3.6
"Chapel Hill, NC",city,2025,8,3.1
"Chapel Hill, NC",city,2025,9,3.0
"Chapel Hill, NC",city,2025,10,3.2
"Chapel Hill, NC",city,2025,11,3.6
"Chapel Hill, NC",city,2025,12,4.2
"Chapel Hill, NC",city,2025,13,4.7
"Chapel Hill, NC",city,2025,14,5.2
"Chapel Hill, NC",city,2025,15,6.1
"Chapel Hill, NC",city,2025,16,7.7
"Chapel Hill, NC",city,2025,17,10.1
"Chapel Hill, NC",city,2025,18,11.8
"Chapel Hill, NC",city,2025,19,12.7
"Chapel Hill, NC",city,2025,20,13.3
"Chapel Hill, NC",city,2025,21,13.1
"Chapel Hill, NC",city,2025,22,12.2
"Chapel Hill, NC",city,2025,23,10.8
"Charlotte, NC",city,2025,0,43.5
"Charlotte, NC",city,2025,1,38.2
"Charlotte, NC",city,2025,2,33.3
"Charlotte, NC",city,2025,3,30.0
"Charlotte, NC",city,2025,4,27.2
"Charlotte, NC",city,2025,5,24.7
"Charlotte, NC",city,2025,6,21.8
"Charlotte, NC",city,2025,7,17.4
"Charlotte, NC",city,2025,8,14.5
"Charlotte, NC",city,2025,9,14.0
"Charlotte, NC",city,2025,10,15.1
"Charlotte, NC",city,2025,11,17.3
"Charlotte, NC",city,2025,12,20.0
"Charlotte, NC",city,2025,13,22.3
"Charlotte, NC",city,2025,14,24.9
"Charlotte, NC",city,2025,15,29.3
"Charlotte, NC",city,2025,16,36.5
"Charlotte, NC",city,2025,17,47.8
"Charlotte, NC",city,2025,18,56.2
"Charlotte, NC",city,2025,19,60.5
"Charlotte, NC",city,2025,20,63.2
"Charlotte, NC",city,2025,21,61.8
"Charlotte, NC",city,2025,22,57.5
"Charlotte, NC",city,2025,23,51.2
"Charlottesville city, VA",county,2025,0,12.5
"Charlottesville city, VA",county,2025,1,10.9
"Charlottesville city, VA",county,2025,2,9.5
"Charlottesville city, VA",county,2025,3,8.6
"Charlottesville city, VA",county,2025,4,7.7
"Charlottesville city, VA",county,2025,5,7.0
"Charlottesville city, VA",county,2025,6,6.2
"Charlottesville city, VA",county,2025,7,5.0
"Charlottesville city, VA",county,2025,8,4.2
"Charlottesville city, VA",county,2025,9,4.0
"Charlottesville city, VA",county,2025,10,4.3
"Charlottesville city, VA",county,2025,11,5.0
"Charlottesville city, VA",county,2025,12,5.7
"Charlottesville city, VA",county,2025,13,6.4
"Charlottesville city, VA",county,2025,14,7.2
"Charlottesville city, VA",county,2025,15,8.4
"Charlottesville city, VA",county,2025,16,10.5
"Charlottesville city, VA",county,2025,17,13.8
"Charlottesville city, VA",county,2025,18,16.1
"Charlottesville city, VA",county,2025,19,17.4
"Charlottesville city, VA",county,2025,20,18.1
"Charlottesville city, VA",county,2025,21,17.7
"Charlottesville city, VA",county,2025,22,16.5
"Charlottesville city, VA",county,2025,23,14.7
"Charlottesville, VA",city,2025,0,2.3
"Charlottesville, VA",city,2025,1,2.0
"Charlottesville, VA",city,2025,2,1.8
"Charlottesville, VA",city,2025,3,1.6
"Charlottesville, VA",city,2025,4,1.5
"Charlottesville, VA",city,2025,5,1.4
"Charlottesville, VA",city,2025,6,1.1
"Charlottesville, VA",city,2025,7,0.9
"Charlottesville, VA",city,2025,8,0.8
"Charlottesville, VA",city,2025,9,0.8
"Charlottesville, VA",city,2025,10,0.8
"Charlottesville, VA",city,2025,11,0.9
"Charlottesville, VA",city,2025,12,1.0
"Charlottesville, VA",city,2025,13,1.2
"Charlottesville, VA",city,2025,14,1.4
"Charlottesville, VA",city,2025,15,1.6
"Charlottesville, VA",city,2025,16,1.9
"Charlottesville, VA",city,2025,17,2.5
"Charlottesville, VA",city,2025,18,3.0
"Charlottesville, VA",city,2025,19,3.2
"Charlottesville, VA",city,2025,20,3.4
"Charlottesville, VA",city,2025,21,3.3
"Charlottesville, VA",city,2025,22,3.1
"Charlottesville, VA",city,2025,23,2.7
"Chesapeake, VA",city,2025,0,124.9
"Chesapeake, VA",city,2025,1,109.4
"Chesapeake, VA",city,2025,2,95.6
"Chesapeake, VA",city,2025,3,86.1
"Chesapeake, VA",city,2025,4,78.0
"Chesapeake, VA",city,2025,5,70.7
"Chesapeake, VA",city,2025,6,62.5
"Chesapeake, VA",city,2025,7,49.8
"Chesapeake, VA",city,2025,8,41.7
"Chesapeake, VA",city,2025,9,40.2
"Chesapeake, VA",city,2025,10,43.4
"Chesapeake, VA",city,2025,11,49.7
"Chesapeake, VA",city,2025,12,57.4
"Chesapeake, VA",city,2025,13,63.9
"Chesapeake, VA",city,2025,14,71.6
"Chesapeake, VA",city,2025,15,84.0
"Chesapeake, VA",city,2025,16,104.7
"Chesapeake, VA",city,2025,17,137.4
"Chesapeake, VA",city,2025,18,161.4
"Chesapeake, VA",city,2025,19,173.6
"Chesapeake, VA",city,2025,20,181.1
"Chesapeake, VA",city,2025,21,177.5
"Chesapeake, VA",city,2025,22,165.0
"Chesapeake, VA",city,2025,23,147.2
"Chesterfield County, VA",county,2025,0,76.1
"Chesterfield County, VA",county,2025,1,66.7
"Chesterfield County, VA",county,2025,2,58.2
"Chesterfield County, VA",county,2025,3,52.5
"Chesterfield County, VA",county,2025,4,47.5
"Chesterfield County, VA",county,2025,5,43.1
"Chesterfield County, VA",county,2025,6,38.1
"Chesterfield County, VA",county,2025,7,30.3
"Chesterfield County, VA",county,2025,8,25.5
"Chesterfield County, VA",county,2025,9,24.4
"Chesterfield County, VA",county,2025,10,26.5
"Chesterfield County, VA",county,2025,11,30.2
"Chesterfield County, VA",county,2025,12,35.0
"Chesterfield County, VA",county,2025,13,38.9
"Chesterfield County, VA",county,2025,14,43.6
"Chesterfield County, VA",county,2025,15,51.2
"Chesterfield County, VA",county,2025,16,63.8
"Chesterfield County, VA",county,2025,17,83.8
"Chesterfield County, VA",county,2025,18,98.3
"Chesterfield County, VA",county,2025,19,105.8
"Chesterfield County, VA",county,2025,20,110.5
"Chesterfield County, VA",county,2025,21,108.2
"Chesterfield County, VA",county,2025,22,100.6
"Chesterfield County, VA",county,2025,23,89.7
"Chicago, IL",city,2025,0,87.2
"Chicago, IL",city,2025,1,76.2
"Chicago, IL",city,2025,2,66.2
"Chicago, IL",city,2025,3,59.4
"Chicago, IL",city,2025,4,53.4
"Chicago, IL",city,2025,5,48.3
"Chicago, IL",city,2025,6,42.7
"Chicago, IL",city,2025,7,34.0
"Chicago, IL",city,2025,8,28.5
"Chicago, IL",city,2025,9,27.4
"Chicago, IL",city,2025,10,29.5
"Chicago, IL",city,2025,11,33.9
"Chicago, IL",city,2025,12,39.1
"Chicago, IL",city,2025,13,43.5
"Chicago, IL",city,2025,14,48.8
"Chicago, IL",city,2025,15,57.3
"Chicago, IL",city,2025,16,71.4
"Chicago, IL",city,2025,17,93.6
"Chicago, IL",city,2025,18,110.0
"Chicago, IL",city,2025,19,118.3
"Chicago, IL",city,2025,20,123.8
"Chicago, IL",city,2025,21,121.8
"Chicago, IL",city,2025,22,114.0
"Chicago, IL",city,2025,23,102.3
"Claremont, NH",city,2025,0,3.2
"Claremont, NH",city,2025,1,2.5
"Claremont, NH",city,2025,2,1.8
"Claremont, NH",city,2025,3,1.1
"Claremont, NH",city,2025,4,0.6
"Claremont, NH",city,2025,5,0.2
"Claremont, NH",city,2025,6,0.1
"Claremont, NH",city,2025,7,0.1
"Claremont, NH",city,2025,8,0.0
"Claremont, NH",city,2025,9,0.0
"Claremont, NH",city,2025,10,0.0
"Claremont, NH",city,2025,11,0.0
"Claremont, NH",city,2025,12,0.0
"Claremont, NH",city,2025,13,0.0
"Claremont, NH",city,2025,14,0.0
"Claremont, NH",city,2025,15,0.0
"Claremont, NH",city,2025,16,0.0
"Claremont, NH",city,2025,17,0.0
"Claremont, NH",city,2025,18,0.0
"Claremont, NH",city,2025,19,0.0
"Claremont, NH",city,2025,20,0.5
"Claremont, NH",city,2025,21,1.4
"Claremont, NH",city,2025,22,2.3
"Claremont, NH",city,2025,23,3.0
"Clarke County, GA",county,2025,0,6.5
"Clarke County, GA",county,2025,1,5.7
"Clarke County, GA",county,2025,2,5.0
"Clarke County, GA",county,2025,3,4.4
"Clarke County, GA",county,2025,4,4.1
"Clarke County, GA",county,2025,5,3.6
"Clarke County, GA",county,2025,6,3.3
"Clarke County, GA",county,2025,7,2.6
"Clarke County, GA",county,2025,8,2.2
"Clarke County, GA",county,2025,9,2.0
"Clarke County, GA",county,2025,10,2.3
"Clarke County, GA",county,2025,11,2.6
"Clarke County, GA",county,2025,12,3.0
"Clarke County, GA",county,2025,13,3.3
"Clarke County, GA",county,2025,14,3.8
"Clarke County, GA",county,2025,15,4.4
"Clarke County, GA",county,2025,16,5.5
"Clarke County, GA",county,2025,17,7.2
"Clarke County, GA",county,2025,18,8.4
"Clarke County, GA",county,2025,19,9.1
"Clarke County, GA",county,2025,20,9.4
"Clarke County, GA",county,2025,21,9.2
"Clarke County, GA",county,2025,22,8.6
"Clarke County, GA",county,2025,23,7.6
"Clearwater, FL",city,2025,0,1.2
"Clearwater, FL",city,2025,1,1.1
"Clearwater, FL",city,2025,2,0.9
"Clearwater, FL",city,2025,3,0.9
"Clearwater, FL",city,2025,4,0.8
"Clearwater, FL",city,2025,5,0.7
"Clearwater, FL",city,2025,6,0.7
"Clearwater, FL",city,2025,7,0.5
"Clearwater, FL",city,2025,8,0.5
"Clearwater, FL",city,2025,9,0.5
"Clearwater, FL",city,2025,10,0.5
"Clearwater, FL",city,2025,11,0.5
"Clearwater, FL",city,2025,12,0.6
"Clearwater, FL",city,2025,13,0.7
"Clearwater, FL",city,2025,14,0.7
"Clearwater, FL",city,2025,15,0.9
"Clearwater, FL",city,2025,16,1.0
"Clearwater, FL",city,2025,17,1.4
"Clearwater, FL",city,2025,18,1.6
"Clearwater, FL",city,2025,19,1.8
"Clearwater, FL",city,2025,20,1.8
"Clearwater, FL",city,2025,21,1.8
"Clearwater, FL",city,2025,22,1.7
"Clearwater, FL",city,2025,23,1.5
"Cobb County, GA",county,2025,0,40.3
"Cobb County, GA",county,2025,1,35.3
"Cobb County, GA",county,2025,2,30.8
"Cobb County, GA",county,2025,3,27.8
"Cobb County, GA",county,2025,4,25.1
"Cobb County, GA",county,2025,5,22.8
"Cobb County, GA",county,2025,6,20.2
"Cobb County, GA",county,2025,7,16.1
"Cobb County, GA",county,2025,8,13.5
"Cobb County, GA",county,2025,9,13.0
"Cobb County, GA",county,2025,10,14.0
"Cobb County, GA",county,2025,11,16.0
"Cobb County, GA",county,2025,12,18.5
"Cobb County, GA",county,2025,13,20.6
"Cobb County, GA",county,2025,14,23.1
"Cobb County, GA",county,2025,15,27.2
"Cobb County, GA",county,2025,16,33.9
"Cobb County, GA",county,2025,17,44.3
"Cobb County, GA",county,2025,18,52.2
"Cobb County, GA",county,2025,19,56.0
"Cobb County, GA",county,2025,20,58.5
"Cobb County, GA",county,2025,21,57.4
"Cobb County, GA",county,2025,22,53.3
"Cobb County, GA",county,2025,23,47.5
"Cocoa, FL",city,2025,0,4.8
"Cocoa, FL",city,2025,1,4.1
"Cocoa, FL",city,2025,2,3.3
"Cocoa, FL",city,2025,3,2.7
"Cocoa, FL",city,2025,4,2.2
"Cocoa, FL",city,2025,5,1.8
"Cocoa, FL",city,2025,6,1.6
"Cocoa, FL",city,2025,7,1.2
"Cocoa, FL",city,2025,8,1.0
"Cocoa, FL",city,2025,9,1.0
"Cocoa, FL",city,2025,10,1.1
"Cocoa, FL",city,2025,11,1.2
"Cocoa, FL",city,2025,12,1.5
"Cocoa, FL",city,2025,13,1.6
"Cocoa, FL",city,2025,14,1.8
"Cocoa, FL",city,2025,15,2.0
"Cocoa, FL",city,2025,16,2.6
"Cocoa, FL",city,2025,17,3.4
"Cocoa, FL",city,2025,18,4.0
"Cocoa, FL",city,2025,19,4.3
"Cocoa, FL",city,2025,20,4.8
"Cocoa, FL",city,2025,21,5.1
"Cocoa, FL",city,2025,22,5.3
"Cocoa, FL",city,2025,23,5.2
"Coconut Creek, FL",city,2025,0,16.5
"Coconut Creek, FL",city,2025,1,14.4
"Coconut Creek, FL",city,2025,2,12.6
"Coconut Creek, FL",city,2025,3,11.2
"Coconut Creek, FL",city,2025,4,10.1
"Coconut Creek, FL",city,2025,5,9.2
"Coconut Creek, FL",city,2025,6,8.1
"Coconut Creek, FL",city,2025,7,6.5
"Coconut Creek, FL",city,2025,8,5.5
"Coconut Creek, FL",city,2025,9,5.2
"Coconut Creek, FL",city,2025,10,5.6
"Coconut Creek, FL",city,2025,11,6.5
"Coconut Creek, FL",city,2025,12,7.4
"Coconut Creek, FL",city,2025,13,8.3
"Coconut Creek, FL",city,2025,14,9.3
"Coconut Creek, FL",city,2025,15,10.9
"Coconut Creek, FL",city,2025,16,13.5
"Coconut Creek, FL",city,2025,17,17.8
"Coconut Creek, FL",city,2025,18,20.9
"Coconut Creek, FL",city,2025,19,22.5
"Coconut Creek, FL",city,2025,20,23.5
"Coconut Creek, FL",city,2025,21,23.2
"Coconut Creek, FL",city,2025,22,21.6
"Coconut Creek, FL",city,2025,23,19.4
"Columbia, SC",city,2025,0,3.2
"Columbia, SC",city,2025,1,2.8
"Columbia, SC",city,2025,2,2.5
"Columbia, SC",city,2025,3,2.3
"Columbia, SC",city,2025,4,2.0
"Columbia, SC",city,2025,5,1.8
"Columbia, SC",city,2025,6,1.6
"Columbia, SC",city,2025,7,1.2
"Columbia, SC",city,2025,8,1.0
"Columbia, SC",city,2025,9,1.0
"Columbia, SC",city,2025,10,1.1
"Columbia, SC",city,2025,11,1.2
"Columbia, SC",city,2025,12,1.5
"Columbia, SC",city,2025,13,1.6
"Columbia, SC",city,2025,14,1.8
"Columbia, SC",city,2025,15,2.2
"Columbia, SC",city,2025,16,2.7
"Columbia, SC",city,2025,17,3.5
"Columbia, SC",city,2025,18,4.2
"Columbia, SC",city,2025,19,4.5
"Columbia, SC",city,2025,20,4.7
"Columbia, SC",city,2025,21,4.5
"Columbia, SC",city,2025,22,4.3
"Columbia, SC",city,2025,23,3.9
"Concord, NC",city,2025,0,20.3
"Concord, NC",city,2025,1,17.8
"Concord, NC",city,2025,2,15.6
"Concord, NC",city,2025,3,14.0
"Concord, NC",city,2025,4,12.7
"Concord, NC",city,2025,5,11.5
"Concord, NC",city,2025,6,10.1
"Concord, NC",city,2025,7,8.1
"Concord, NC",city,2025,8,6.8
"Concord, NC",city,2025,9,6.5
"Concord, NC",city,2025,10,7.0
"Concord, NC",city,2025,11,8.1
"Concord, NC",city,2025,12,9.3
"Concord, NC",city,2025,13,10.3
"Concord, NC",city,2025,14,11.6
"Concord, NC",city,2025,15,13.6
"Concord, NC",city,2025,16,17.0
"Concord, NC",city,2025,17,22.3
"Concord, NC",city,2025,18,26.2
"Concord, NC",city,2025,19,28.2
"Concord, NC",city,2025,20,29.4
"Concord, NC",city,2025,21,28.9
"Concord, NC",city,2025,22,26.8
"Concord, NC",city,2025,23,24.0
"Contra Costa County, CA",county,2025,0,27.3
"Contra Costa County, CA",county,2025,1,21.9
"Contra Costa County, CA",county,2025,2,15.7
"Contra Costa County, CA",county,2025,3,9.8
"Contra Costa County, CA",county,2025,4,5.1
"Contra Costa County, CA",county,2025,5,2.4
"Contra Costa County, CA",county,2025,6,1.4
"Contra Costa County, CA",county,2025,7,0.9
"Contra Costa County, CA",county,2025,8,0.7
"Contra Costa County, CA",county,2025,9,0.6
"Contra Costa County, CA",county,2025,10,0.6
"Contra Costa County, CA",county,2025,11,0.7
"Contra Costa County, CA",county,2025,12,0.8
"Contra Costa County, CA",county,2025,13,0.9
"Contra Costa County, CA",county,2025,14,0.8
"Contra Costa County, CA",county,2025,15,0.8
"Contra Costa County, CA",county,2025,16,1.0
"Contra Costa County, CA",county,2025,17,1.2
"Contra Costa County, CA",county,2025,18,1.5
"Contra Costa County, CA",county,2025,19,1.6
"Contra Costa County, CA",county,2025,20,5.5
"Contra Costa County, CA",county,2025,21,12.8
"Contra Costa County, CA",county,2025,22,19.8
"Contra Costa County, CA",county,2025,23,25.8
"Coppell, TX",city,2025,0,1.5
"Coppell, TX",city,2025,1,1.2
"Coppell, TX",city,2025,2,1.1
"Coppell, TX",city,2025,3,1.0
"Coppell, TX",city,2025,4,0.9
"Coppell, TX",city,2025,5,0.8
"Coppell, TX",city,2025,6,0.7
"Coppell, TX",city,2025,7,0.6
"Coppell, TX",city,2025,8,0.5
"Coppell, TX",city,2025,9,0.5
"Coppell, TX",city,2025,10,0.6
"Coppell, TX",city,2025,11,0.6
"Coppell, TX",city,2025,12,0.7
"Coppell, TX",city,2025,13,0.8
"Coppell, TX",city,2025,14,0.8
"Coppell, TX",city,2025,15,1.0
"Coppell, TX",city,2025,16,1.2
"Coppell, TX",city,2025,17,1.6
"Coppell, TX",city,2025,18,1.9
"Coppell, TX",city,2025,19,2.0
"Coppell, TX",city,2025,20,2.2
"Coppell, TX",city,2025,21,2.0
"Coppell, TX",city,2025,22,1.9
"Coppell, TX",city,2025,23,1.7
"Coral Gables, FL",city,2025,0,1.8
"Coral Gables, FL",city,2025,1,1.6
"Coral Gables, FL",city,2025,2,1.4
"Coral Gables, FL",city,2025,3,1.2
"Coral Gables, FL",city,2025,4,1.1
"Coral Gables, FL",city,2025,5,1.0
"Coral Gables, FL",city,2025,6,0.9
"Coral Gables, FL",city,2025,7,0.8
"Coral Gables, FL",city,2025,8,0.7
"Coral Gables, FL",city,2025,9,0.6
"Coral Gables, FL",city,2025,10,0.7
"Coral Gables, FL",city,2025,11,0.8
"Coral Gables, FL",city,2025,12,0.9
"Coral Gables, FL",city,2025,13,0.9
"Coral Gables, FL",city,2025,14,1.0
"Coral Gables, FL",city,2025,15,1.2
"Coral Gables, FL",city,2025,16,1.6
"Coral Gables, FL",city,2025,17,2.0
"Coral Gables, FL",city,2025,18,2.4
"Coral Gables, FL",city,2025,19,2.6
"Coral Gables, FL",city,2025,20,2.7
"Coral Gables, FL",city,2025,21,2.6
"Coral Gables, FL",city,2025,22,2.5
"Coral Gables, FL",city,2025,23,2.2
"Crawford County, WI",county,2025,0,3.0
"Crawford County, WI",county,2025,1,2.6
"Crawford County, WI",county,2025,2,2.3
"Crawford County, WI",county,2025,3,2.0
"Crawford County, WI",county,2025,4,1.8
"Crawford County, WI",county,2025,5,1.7
"Crawford County, WI",county,2025,6,1.5
"Crawford County, WI",county,2025,7,1.2
"Crawford County, WI",county,2025,8,1.0
"Crawford County, WI",county,2025,9,0.9
"Crawford County, WI",county,2025,10,1.0
"Crawford County, WI",county,2025,11,1.2
"Crawford County, WI",county,2025,12,1.4
"Crawford County, WI",county,2025,13,1.6
"Crawford County, WI",county,2025,14,1.7
"Crawford County, WI",county,2025,15,2.0
"Crawford County, WI",county,2025,16,2.5
"Crawford County, WI",county,2025,17,3.3
"Crawford County, WI",county,2025,18,3.9
"Crawford County, WI",county,2025,19,4.2
"Crawford County, WI",county,2025,20,4.4
"Crawford County, WI",county,2025,21,4.3
"Crawford County, WI",county,2025,22,4.0
"Crawford County, WI",county,2025,23,3.5
"Culver City, CA",city,2025,0,4.1
"Culver City, CA",city,2025,1,3.6
"Culver City, CA",city,2025,2,3.2
"Culver City, CA",city,2025,3,2.8
"Culver City, CA",city,2025,4,2.6
"Culver City, CA",city,2025,5,2.4
"Culver City, CA",city,2025,6,2.0
"Culver City, CA",city,2025,7,1.6
"Culver City, CA",city,2025,8,1.4
"Culver City, CA",city,2025,9,1.4
"Culver City, CA",city,2025,10,1.5
"Culver City, CA",city,2025,11,1.6
"Culver City, CA",city,2025,12,1.9
"Culver City, CA",city,2025,13,2.2
"Culver City, CA",city,2025,14,2.4
"Culver City, CA",city,2025,15,2.7
"Culver City, CA",city,2025,16,3.4
"Culver City, CA",city,2025,17,4.5
"Culver City, CA",city,2025,18,5.3
"Culver City, CA",city,2025,19,5.7
"Culver City, CA",city,2025,20,6.0
"Culver City, CA",city,2025,21,5.9
"Culver City, CA",city,2025,22,5.5
"Culver City, CA",city,2025,23,4.9
"Cumberland, OH",city,2025,0,1.6
"Cumberland, OH",city,2025,1,1.4
"Cumberland, OH",city,2025,2,1.2
"Cumberland, OH",city,2025,3,1.1
"Cumberland, OH",city,2025,4,1.0
"Cumberland, OH",city,2025,5,0.9
"Cumberland, OH",city,2025,6,0.8
"Cumberland, OH",city,2025,7,0.7
"Cumberland, OH",city,2025,8,0.6
"Cumberland, OH",city,2025,9,0.6
"Cumberland, OH",city,2025,10,0.6
"Cumberland, OH",city,2025,11,0.7
"Cumberland, OH",city,2025,12,0.7
"Cumberland, OH",city,2025,13,0.8
"Cumberland, OH",city,2025,14,0.9
"Cumberland, OH",city,2025,15,1.0
"Cumberland, OH",city,2025,16,1.4
"Cumberland, OH",city,2025,17,1.7
"Cumberland, OH",city,2025,18,2.0
"Cumberland, OH",city,2025,19,2.2
"Cumberland, OH",city,2025,20,2.3
"Cumberland, OH",city,2025,21,2.3
"Cumberland, OH",city,2025,22,2.2
"Cumberland, OH",city,2025,23,1.8
"Cupertino, CA",city,2025,0,7.6
"Cupertino, CA",city,2025,1,6.4
"Cupertino, CA",city,2025,2,5.1
"Cupertino, CA",city,2025,3,4.1
"Cupertino, CA",city,2025,4,3.2
"Cupertino, CA",city,2025,5,2.6
"Cupertino, CA",city,2025,6,2.2
"Cupertino, CA",city,2025,7,1.7
"Cupertino, CA",city,2025,8,1.5
"Cupertino, CA",city,2025,9,1.4
"Cupertino, CA",city,2025,10,1.5
"Cupertino, CA",city,2025,11,1.7
"Cupertino, CA",city,2025,12,1.9
"Cupertino, CA",city,2025,13,2.2
"Cupertino, CA",city,2025,14,2.4
"Cupertino, CA",city,2025,15,2.8
"Cupertino, CA",city,2025,16,3.5
"Cupertino, CA",city,2025,17,4.7
"Cupertino, CA",city,2025,18,5.5
"Cupertino, CA",city,2025,19,5.8
"Cupertino, CA",city,2025,20,6.6
"Cupertino, CA",city,2025,21,7.4
"Cupertino, CA",city,2025,22,8.0
"Cupertino, CA",city,2025,23,8.2
"Dakota County, Hennepin County, Ramsey County, Washington County, MN",county,2025,0,5.9
"Dakota County, Hennepin County, Ramsey County, Washington County, MN",county,2025,1,5.2
"Dakota County, Hennepin County, Ramsey County, Washington County, MN",county,2025,2,4.5
"Dakota County, Hennepin County, Ramsey County, Washington County, MN",county,2025,3,4.1
"Dakota County, Hennepin County, Ramsey County, Washington County, MN",county,2025,4,3.8
"Dakota County, Hennepin County, Ramsey County, Washington County, MN",county,2025,5,3.4
"Dakota County, Hennepin County, Ramsey County, Washington County, MN",county,2025,6,3.0
"Dakota County, Hennepin County, Ramsey County, Washington County, MN",county,2025,7,2.4
"Dakota County, Hennepin County, Ramsey County, Washington County, MN",county,2025,8,2.0
"Dakota County, Hennepin County, Ramsey County, Washington County, MN",county,2025,9,1.9
"Dakota County, Hennepin County, Ramsey County, Washington County, MN",county,2025,10,2.0
"Dakota County, Hennepin County, Ramsey County, Washington County, MN",county,2025,11,2.4
"Dakota County, Hennepin County, Ramsey County, Washington County, MN",county,2025,12,2.7
"Dakota County, Hennepin County, Ramsey County, Washington County, MN",county,2025,13,3.1
"Dakota County, Hennepin County, Ramsey County, Washington County, MN",county,2025,14,3.4
"Dakota County, Hennepin County, Ramsey County, Washington County, MN",county,2025,15,4.0
"Dakota County, Hennepin County, Ramsey County, Washington County, MN",county,2025,16,5.0
"Dakota County, Hennepin County, Ramsey County, Washington County, MN",county,2025,17,6.6
"Dakota County, Hennepin County, Ramsey County, Washington County, MN",county,2025,18,7.7
"Dakota County, Hennepin County, Ramsey County, Washington County, MN",county,2025,19,8.3
"Dakota County, Hennepin County, Ramsey County, Washington County, MN",county,2025,20,8.6
"Dakota County, Hennepin County, Ramsey County, Washington County, MN",county,2025,21,8.5
"Dakota County, Hennepin County, Ramsey County, Washington County, MN",county,2025,22,7.8
"Dakota County, Hennepin County, Ramsey County, Washington County, MN",county,2025,23,7.0
"Dakota County, MN",county,2025,0,38.5
"Dakota County, MN",county,2025,1,32.4
"Dakota County, MN",county,2025,2,26.0
"Dakota County, MN",county,2025,3,20.6
"Dakota County, MN",county,2025,4,16.1
"Dakota County, MN",county,2025,5,13.3
"Dakota County, MN",county,2025,6,11.1
"Dakota County, MN",county,2025,7,8.9
"Dakota County, MN",county,2025,8,7.4
"Dakota County, MN",county,2025,9,7.0
"Dakota County, MN",county,2025,10,7.6
"Dakota County, MN",county,2025,11,8.6
"Dakota County, MN",county,2025,12,10.0
"Dakota County, MN",county,2025,13,11.1
"Dakota County, MN",county,2025,14,12.4
"Dakota County, MN",county,2025,15,14.4
"Dakota County, MN",county,2025,16,18.0
"Dakota County, MN",county,2025,17,23.5
"Dakota County, MN",county,2025,18,27.6
"Dakota County, MN",county,2025,19,29.7
"Dakota County, MN",county,2025,20,33.4
"Dakota County, MN",county,2025,21,37.7
"Dakota County, MN",county,2025,22,40.2
"Dakota County, MN",county,2025,23,41.2
"Dallas County, TX",county,2025,0,96.6
"Dallas County, TX",county,2025,1,84.8
"Dallas County, TX",county,2025,2,74.0
"Dallas County, TX",county,2025,3,66.6
"Dallas County, TX",county,2025,4,60.3
"Dallas County, TX",county,2025,5,54.7
"Dallas County, TX",county,2025,6,48.4
"Dallas County, TX",county,2025,7,38.5
"Dallas County, TX",county,2025,8,32.3
"Dallas County, TX",county,2025,9,31.1
"Dallas County, TX",county,2025,10,33.6
"Dallas County, TX",county,2025,11,38.4
"Dallas County, TX",county,2025,12,44.4
"Dallas County, TX",county,2025,13,49.4
"Dallas County, TX",county,2025,14,55.5
"Dallas County, TX",county,2025,15,65.0
"Dallas County, TX",county,2025,16,81.0
"Dallas County, TX",county,2025,17,106.4
"Dallas County, TX",county,2025,18,124.9
"Dallas County, TX",county,2025,19,134.3
"Dallas County, TX",county,2025,20,140.2
"Dallas County, TX",county,2025,21,137.4
"Dallas County, TX",county,2025,22,127.7
"Dallas County, TX",county,2025,23,113.9
"Dallas, TX",city,2025,0,44.7
"Dallas, TX",city,2025,1,39.1
"Dallas, TX",city,2025,2,34.2
"Dallas, TX",city,2025,3,30.8
"Dallas, TX",city,2025,4,27.8
"Dallas, TX",city,2025,5,25.2
"Dallas, TX",city,2025,6,22.4
"Dallas, TX",city,2025,7,17.8
"Dallas, TX",city,2025,8,14.9
"Dallas, TX",city,2025,9,14.3
"Dallas, TX",city,2025,10,15.6
"Dallas, TX",city,2025,11,17.7
"Dallas, TX",city,2025,12,20.6
"Dallas, TX",city,2025,13,22.8
"Dallas, TX",city,2025,14,25.6
"Dallas, TX",city,2025,15,30.0
"Dallas, TX",city,2025,16,37.4
"Dallas, TX",city,2025,17,49.1
"Dallas, TX",city,2025,18,57.7
"Dallas, TX",city,2025,19,62.0
"Dallas, TX",city,2025,20,64.8
"Dallas, TX",city,2025,21,63.4
"Dallas, TX",city,2025,22,59.0
"Dallas, TX",city,2025,23,52.6
"Dane County, WI",county,2025,0,89.0
"Dane County, WI",county,2025,1,73.8
"Dane County, WI",county,2025,2,57.2
"Dane County, WI",county,2025,3,42.0
"Dane County, WI",county,2025,4,30.0
"Dane County, WI",county,2025,5,22.5
"Dane County, WI",county,2025,6,18.2
"Dane County, WI",county,2025,7,14.1
"Dane County, WI",county,2025,8,11.8
"Dane County, WI",county,2025,9,11.1
"Dane County, WI",county,2025,10,11.9
"Dane County, WI",county,2025,11,13.5
"Dane County, WI",county,2025,12,15.9
"Dane County, WI",county,2025,13,17.7
"Dane County, WI",county,2025,14,19.3
"Dane County, WI",county,2025,15,22.4
"Dane County, WI",county,2025,16,27.7
"Dane County, WI",county,2025,17,36.5
"Dane County, WI",county,2025,18,42.7
"Dane County, WI",county,2025,19,45.9
"Dane County, WI",county,2025,20,56.0
"Dane County, WI",county,2025,21,71.0
"Dane County, WI",county,2025,22,83.0
"Dane County, WI",county,2025,23,91.4
"DeKalb County, GA",county,2025,0,17.0
"DeKalb County, GA",county,2025,1,14.0
"DeKalb County, GA",county,2025,2,10.7
"DeKalb County, GA",county,2025,3,7.6
"DeKalb County, GA",county,2025,4,5.2
"DeKalb County, GA",county,2025,5,3.8
"DeKalb County, GA",county,2025,6,3.0
"DeKalb County, GA",county,2025,7,2.3
"DeKalb County, GA",county,2025,8,1.9
"DeKalb County, GA",county,2025,9,1.8
"DeKalb County, GA",county,2025,10,1.9
"DeKalb County, GA",county,2025,11,2.2
"DeKalb County, GA",county,2025,12,2.5
"DeKalb County, GA",county,2025,13,2.8
"DeKalb County, GA",county,2025,14,3.1
"DeKalb County, GA",county,2025,15,3.5
"DeKalb County, GA",county,2025,16,4.3
"DeKalb County, GA",county,2025,17,5.7
"DeKalb County, GA",county,2025,18,6.7
"DeKalb County, GA",county,2025,19,7.2
"DeKalb County, GA",county,2025,20,9.2
"DeKalb County, GA",county,2025,21,12.5
"DeKalb County, GA",county,2025,22,15.1
"DeKalb County, GA",county,2025,23,17.2
"Delaware County, PA",county,2025,0,5.6
"Delaware County, PA",county,2025,1,4.4
"Delaware County, PA",county,2025,2,3.3
"Delaware County, PA",county,2025,3,2.2
"Delaware County, PA",county,2025,4,1.1
"Delaware County, PA",county,2025,5,0.7
"Delaware County, PA",county,2025,6,0.5
"Delaware County, PA",county,2025,7,0.3
"Delaware County, PA",county,2025,8,0.2
"Delaware County, PA",county,2025,9,0.2
"Delaware County, PA",county,2025,10,0.2
"Delaware County, PA",county,2025,11,0.2
"Delaware County, PA",county,2025,12,0.3
"Delaware County, PA",county,2025,13,0.3
"Delaware County, PA",county,2025,14,0.3
"Delaware County, PA",county,2025,15,0.3
"Delaware County, PA",county,2025,16,0.5
"Delaware County, PA",county,2025,17,0.7
"Delaware County, PA",county,2025,18,0.8
"Delaware County, PA",county,2025,19,0.8
"Delaware County, PA",county,2025,20,1.6
"Delaware County, PA",county,2025,21,3.0
"Delaware County, PA",county,2025,22,4.2
"Delaware County, PA",county,2025,23,5.3
"Denton, TX",city,2025,0,34.0
"Denton, TX",city,2025,1,27.8
"Denton, TX",city,2025,2,20.8
"Denton, TX",city,2025,3,14.3
"Denton, TX",city,2025,4,9.1
"Denton, TX",city,2025,5,6.0
"Denton, TX",city,2025,6,4.5
"Denton, TX",city,2025,7,3.4
"Denton, TX",city,2025,8,2.8
"Denton, TX",city,2025,9,2.6
"Denton, TX",city,2025,10,2.8
"Denton, TX",city,2025,11,3.2
"Denton, TX",city,2025,12,3.8
"Denton, TX",city,2025,13,4.2
"Denton, TX",city,2025,14,4.4
"Denton, TX",city,2025,15,5.1
"Denton, TX",city,2025,16,6.2
"Denton, TX",city,2025,17,8.3
"Denton, TX",city,2025,18,9.7
"Denton, TX",city,2025,19,10.3
"Denton, TX",city,2025,20,14.7
"Denton, TX",city,2025,21,22.0
"Denton, TX",city,2025,22,28.5
"Denton, TX",city,2025,23,33.6
"Denver, CO",city,2025,0,205.3
"Denver, CO",city,2025,1,174.1
"Denver, CO",city,2025,2,142.0
"Denver, CO",city,2025,3,114.9
"Denver, CO",city,2025,4,93.0
"Denver, CO",city,2025,5,77.7
"Denver, CO",city,2025,6,66.5
"Denver, CO",city,2025,7,52.4
"Denver, CO",city,2025,8,43.9
"Denver, CO",city,2025,9,41.9
"Denver, CO",city,2025,10,45.2
"Denver, CO",city,2025,11,51.6
"Denver, CO",city,2025,12,59.9
"Denver, CO",city,2025,13,66.6
"Denver, CO",city,2025,14,74.1
"Denver, CO",city,2025,15,86.5
"Denver, CO",city,2025,16,107.5
"Denver, CO",city,2025,17,141.1
"Denver, CO",city,2025,18,165.7
"Denver, CO",city,2025,19,178.2
"Denver, CO",city,2025,20,197.2
"Denver, CO",city,2025,21,215.3
"Denver, CO",city,2025,22,223.5
"Denver, CO",city,2025,23,223.4
"Des Moines, IA",city,2025,0,22.8
"Des Moines, IA",city,2025,1,18.4
"Des Moines, IA",city,2025,2,13.4
"Des Moines, IA",city,2025,3,8.4
"Des Moines, IA",city,2025,4,4.5
"Des Moines, IA",city,2025,5,2.4
"Des Moines, IA",city,2025,6,1.4
"Des Moines, IA",city,2025,7,1.0
"Des Moines, IA",city,2025,8,0.8
"Des Moines, IA",city,2025,9,0.7
"Des Moines, IA",city,2025,10,0.8
"Des Moines, IA",city,2025,11,0.8
"Des Moines, IA",city,2025,12,1.0
"Des Moines, IA",city,2025,13,1.1
"Des Moines, IA",city,2025,14,1.0
"Des Moines, IA",city,2025,15,1.1
"Des Moines, IA",city,2025,16,1.4
"Des Moines, IA",city,2025,17,1.8
"Des Moines, IA",city,2025,18,2.0
"Des Moines, IA",city,2025,19,2.2
"Des Moines, IA",city,2025,20,5.5
"Des Moines, IA",city,2025,21,11.4
"Des Moines, IA",city,2025,22,17.0
"Des Moines, IA",city,2025,23,21.8
"Deschutes County, OR WA",county,2025,0,8.1
"Deschutes County, OR WA",county,2025,1,6.6
"Deschutes County, OR WA",county,2025,2,4.8
"Deschutes County, OR WA",county,2025,3,3.1
"Deschutes County, OR WA",county,2025,4,1.7
"Deschutes County, OR WA",county,2025,5,0.9
"Deschutes County, OR WA",county,2025,6,0.6
"Deschutes County, OR WA",county,2025,7,0.5
"Deschutes County, OR WA",county,2025,8,0.3
"Deschutes County, OR WA",county,2025,9,0.3
"Deschutes County, OR WA",county,2025,10,0.3
"Deschutes County, OR WA",county,2025,11,0.3
"Deschutes County, OR WA",county,2025,12,0.5
"Deschutes County, OR WA",county,2025,13,0.5
"Deschutes County, OR WA",county,2025,14,0.5
"Deschutes County, OR WA",county,2025,15,0.5
"Deschutes County, OR WA",county,2025,16,0.6
"Deschutes County, OR WA",county,2025,17,0.8
"Deschutes County, OR WA",county,2025,18,0.9
"Deschutes County, OR WA",county,2025,19,1.0
"Deschutes County, OR WA",county,2025,20,2.2
"Deschutes County, OR WA",county,2025,21,4.2
"Deschutes County, OR WA",county,2025,22,6.1
"Deschutes County, OR WA",county,2025,23,7.7
"Detroit, MI",city,2025,0,3.8
"Detroit, MI",city,2025,1,3.3
"Detroit, MI",city,2025,2,2.8
"Detroit, MI",city,2025,3,2.6
"Detroit, MI",city,2025,4,2.4
"Detroit, MI",city,2025,5,2.2
"Detroit, MI",city,2025,6,1.9
"Detroit, MI",city,2025,7,1.5
"Detroit, MI",city,2025,8,1.2
"Detroit, MI",city,2025,9,1.2
"Detroit, MI",city,2025,10,1.2
"Detroit, MI",city,2025,11,1.5
"Detroit, MI",city,2025,12,1.7
"Detroit, MI",city,2025,13,1.9
"Detroit, MI",city,2025,14,2.2
"Detroit, MI",city,2025,15,2.5
"Detroit, MI",city,2025,16,3.2
"Detroit, MI",city,2025,17,4.2
"Detroit, MI",city,2025,18,4.9
"Detroit, MI",city,2025,19,5.2
"Detroit, MI",city,2025,20,5.5
"Detroit, MI",city,2025,21,5.3
"Detroit, MI",city,2025,22,5.0
"Detroit, MI",city,2025,23,4.4
"DuPage County, IL",county,2025,0,21.5
"DuPage County, IL",county,2025,1,18.9
"DuPage County, IL",county,2025,2,16.5
"DuPage County, IL",county,2025,3,14.9
"DuPage County, IL",county,2025,4,13.4
"DuPage County, IL",county,2025,5,12.2
"DuPage County, IL",county,2025,6,10.8
"DuPage County, IL",county,2025,7,8.5
"DuPage County, IL",county,2025,8,7.2
"DuPage County, IL",county,2025,9,6.9
"DuPage County, IL",county,2025,10,7.5
"DuPage County, IL",county,2025,11,8.5
"DuPage County, IL",county,2025,12,9.9
"DuPage County, IL",county,2025,13,11.0
"DuPage County, IL",county,2025,14,12.4
"DuPage County, IL",county,2025,15,14.5
"DuPage County, IL",county,2025,16,18.1
"DuPage County, IL",county,2025,17,23.6
"DuPage County, IL",county,2025,18,27.8
"DuPage County, IL",county,2025,19,29.9
"DuPage County, IL",county,2025,20,31.2
"DuPage County, IL",county,2025,21,30.6
"DuPage County, IL",county,2025,22,28.4
"DuPage County, IL",county,2025,23,25.3
"Dubuque, IA",city,2025,0,3.3
"Dubuque, IA",city,2025,1,2.7
"Dubuque, IA",city,2025,2,2.0
"Dubuque, IA",city,2025,3,1.4
"Dubuque, IA",city,2025,4,0.9
"Dubuque, IA",city,2025,5,0.6
"Dubuque, IA",city,2025,6,0.5
"Dubuque, IA",city,2025,7,0.3
"Dubuque, IA",city,2025,8,0.3
"Dubuque, IA",city,2025,9,0.2
"Dubuque, IA",city,2025,10,0.3
"Dubuque, IA",city,2025,11,0.3
"Dubuque, IA",city,2025,12,0.3
"Dubuque, IA",city,2025,13,0.5
"Dubuque, IA",city,2025,14,0.5
"Dubuque, IA",city,2025,15,0.6
"Dubuque, IA",city,2025,16,0.7
"Dubuque, IA",city,2025,17,0.9
"Dubuque, IA",city,2025,18,1.0
"Dubuque, IA",city,2025,19,1.1
"Dubuque, IA",city,2025,20,1.5
"Dubuque, IA",city,2025,21,2.2
"Dubuque, IA",city,2025,22,2.8
"Dubuque, IA",city,2025,23,3.3
"Duluth, MN",city,2025,0,3.5
"Duluth, MN",city,2025,1,3.1
"Duluth, MN",city,2025,2,2.7
"Duluth, MN",city,2025,3,2.4
"Duluth, MN",city,2025,4,2.2
"Duluth, MN",city,2025,5,2.0
"Duluth, MN",city,2025,6,1.8
"Duluth, MN",city,2025,7,1.4
"Duluth, MN",city,2025,8,1.1
"Duluth, MN",city,2025,9,1.1
"Duluth, MN",city,2025,10,1.2
"Duluth, MN",city,2025,11,1.4
"Duluth, MN",city,2025,12,1.6
"Duluth, MN",city,2025,13,1.8
"Duluth, MN",city,2025,14,2.0
"Duluth, MN",city,2025,15,2.4
"Duluth, MN",city,2025,16,3.0
"Duluth, MN",city,2025,17,3.9
"Duluth, MN",city,2025,18,4.5
"Duluth, MN",city,2025,19,4.9
"Duluth, MN",city,2025,20,5.1
"Duluth, MN",city,2025,21,5.0
"Duluth, MN",city,2025,22,4.7
"Duluth, MN",city,2025,23,4.1
"Durham County, NC",county,2025,0,4.7
"Durham County, NC",county,2025,1,4.1
"Durham County, NC",county,2025,2,3.5
"Durham County, NC",county,2025,3,3.2
"Durham County, NC",county,2025,4,3.0
"Durham County, NC",county,2025,5,2.6
"Durham County, NC",county,2025,6,2.4
"Durham County, NC",county,2025,7,1.8
"Durham County, NC",county,2025,8,1.6
"Durham County, NC",county,2025,9,1.5
"Durham County, NC",county,2025,10,1.6
"Durham County, NC",county,2025,11,1.8
"Durham County, NC",county,2025,12,2.2
"Durham County, NC",county,2025,13,2.4
"Durham County, NC",county,2025,14,2.7
"Durham County, NC",county,2025,15,3.2
"Durham County, NC",county,2025,16,4.0
"Durham County, NC",county,2025,17,5.1
"Durham County, NC",county,2025,18,6.0
"Durham County, NC",county,2025,19,6.5
"Durham County, NC",county,2025,20,6.8
"Durham County, NC",county,2025,21,6.7
"Durham County, NC",county,2025,22,6.1
"Durham County, NC",county,2025,23,5.5
"Durham, NC",city,2025,0,16.0
"Durham, NC",city,2025,1,14.1
"Durham, NC",city,2025,2,12.3
"Durham, NC",city,2025,3,11.0
"Durham, NC",city,2025,4,10.0
"Durham, NC",city,2025,5,9.1
"Durham, NC",city,2025,6,8.1
"Durham, NC",city,2025,7,6.4
"Durham, NC",city,2025,8,5.3
"Durham, NC",city,2025,9,5.1
"Durham, NC",city,2025,10,5.6
"Durham, NC",city,2025,11,6.4
"Durham, NC",city,2025,12,7.4
"Durham, NC",city,2025,13,8.2
"Durham, NC",city,2025,14,9.2
"Durham, NC",city,2025,15,10.8
"Durham, NC",city,2025,16,13.4
"Durham, NC",city,2025,17,17.6
"Durham, NC",city,2025,18,20.7
"Durham, NC",city,2025,19,22.3
"Durham, NC",city,2025,20,23.3
"Durham, NC",city,2025,21,22.8
"Durham, NC",city,2025,22,21.2
"Durham, NC",city,2025,23,18.9
"East Baton Rouge Parish, LA",county,2025,0,14.0
"East Baton Rouge Parish, LA",county,2025,1,11.2
"East Baton Rouge Parish, LA",county,2025,2,8.1
"East Baton Rouge Parish, LA",county,2025,3,4.9
"East Baton Rouge Parish, LA",county,2025,4,2.5
"East Baton Rouge Parish, LA",county,2025,5,1.0
"East Baton Rouge Parish, LA",county,2025,6,0.6
"East Baton Rouge Parish, LA",county,2025,7,0.3
"East Baton Rouge Parish, LA",county,2025,8,0.2
"East Baton Rouge Parish, LA",county,2025,9,0.2
"East Baton Rouge Parish, LA",county,2025,10,0.2
"East Baton Rouge Parish, LA",county,2025,11,0.2
"East Baton Rouge Parish, LA",county,2025,12,0.2
"East Baton Rouge Parish, LA",county,2025,13,0.3
"East Baton Rouge Parish, LA",county,2025,14,0.2
"East Baton Rouge Parish, LA",county,2025,15,0.2
"East Baton Rouge Parish, LA",county,2025,16,0.2
"East Baton Rouge Parish, LA",county,2025,17,0.2
"East Baton Rouge Parish, LA",county,2025,18,0.3
"East Baton Rouge Parish, LA",county,2025,19,0.3
"East Baton Rouge Parish, LA",county,2025,20,2.4
"East Baton Rouge Parish, LA",county,2025,21,6.2
"East Baton Rouge Parish, LA",county,2025,22,10.0
"East Baton Rouge Parish, LA",county,2025,23,13.2
"East Stroudsburg, PA",city,2025,0,15.9
"East Stroudsburg, PA",city,2025,1,12.7
"East Stroudsburg, PA",city,2025,2,9.1
"East Stroudsburg, PA",city,2025,3,5.5
"East Stroudsburg, PA",city,2025,4,2.6
"East Stroudsburg, PA",city,2025,5,1.0
"East Stroudsburg, PA",city,2025,6,0.5
"East Stroudsburg, PA",city,2025,7,0.2
"East Stroudsburg, PA",city,2025,8,0.2
"East Stroudsburg, PA",city,2025,9,0.1
"East Stroudsburg, PA",city,2025,10,0.1
"East Stroudsburg, PA",city,2025,11,0.1
"East Stroudsburg, PA",city,2025,12,0.2
"East Stroudsburg, PA",city,2025,13,0.2
"East Stroudsburg, PA",city,2025,14,0.1
"East Stroudsburg, PA",city,2025,15,0.0
"East Stroudsburg, PA",city,2025,16,0.0
"East Stroudsburg, PA",city,2025,17,0.0
"East Stroudsburg, PA",city,2025,18,0.0
"East Stroudsburg, PA",city,2025,19,0.0
"East Stroudsburg, PA",city,2025,20,2.3
"East Stroudsburg, PA",city,2025,21,6.8
"East Stroudsburg, PA",city,2025,22,11.1
"East Stroudsburg, PA",city,2025,23,14.9
"Eldridge, IA",city,2025,0,3.1
"Eldridge, IA",city,2025,1,2.4
"Eldridge, IA",city,2025,2,1.7
"Eldridge, IA",city,2025,3,1.0
"Eldridge, IA",city,2025,4,0.6
"Eldridge, IA",city,2025,5,0.2
"Eldridge, IA",city,2025,6,0.1
"Eldridge, IA",city,2025,7,0.1
"Eldridge, IA",city,2025,8,0.0
"Eldridge, IA",city,2025,9,0.0
"Eldridge, IA",city,2025,10,0.0
"Eldridge, IA",city,2025,11,0.0
"Eldridge, IA",city,2025,12,0.0
"Eldridge, IA",city,2025,13,0.0
"Eldridge, IA",city,2025,14,0.0
"Eldridge, IA",city,2025,15,0.0
"Eldridge, IA",city,2025,16,0.0
"Eldridge, IA",city,2025,17,0.0
"Eldridge, IA",city,2025,18,0.0
"Eldridge, IA",city,2025,19,0.0
"Eldridge, IA",city,2025,20,0.5
"Eldridge, IA",city,2025,21,1.2
"Eldridge, IA",city,2025,22,2.2
"Eldridge, IA",city,2025,23,2.8
"Elmhurst, IL",city,2025,0,12.2
"Elmhurst, IL",city,2025,1,9.9
"Elmhurst, IL",city,2025,2,7.3
"Elmhurst, IL",city,2025,3,4.8
"Elmhurst, IL",city,2025,4,2.7
"Elmhurst, IL",city,2025,5,1.6
"Elmhurst, IL",city,2025,6,1.1
"Elmhurst, IL",city,2025,7,0.8
"Elmhurst, IL",city,2025,8,0.7
"Elmhurst, IL",city,2025,9,0.6
"Elmhurst, IL",city,2025,10,0.7
"Elmhurst, IL",city,2025,11,0.7
"Elmhurst, IL",city,2025,12,0.9
"Elmhurst, IL",city,2025,13,0.9
"Elmhurst, IL",city,2025,14,1.0
"Elmhurst, IL",city,2025,15,1.1
"Elmhurst, IL",city,2025,16,1.4
"Elmhurst, IL",city,2025,17,1.8
"Elmhurst, IL",city,2025,18,2.0
"Elmhurst, IL",city,2025,19,2.2
"Elmhurst, IL",city,2025,20,3.9
"Elmhurst, IL",city,2025,21,6.8
"Elmhurst, IL",city,2025,22,9.5
"Elmhurst, IL",city,2025,23,11.7
"Eugene, OR WA",city,2025,0,8.3
"Eugene, OR WA",city,2025,1,6.7
"Eugene, OR WA",city,2025,2,4.8
"Eugene, OR WA",city,2025,3,3.0
"Eugene, OR WA",city,2025,4,1.5
"Eugene, OR WA",city,2025,5,0.7
"Eugene, OR WA",city,2025,6,0.3
"Eugene, OR WA",city,2025,7,0.2
"Eugene, OR WA",city,2025,8,0.2
"Eugene, OR WA",city,2025,9,0.1
"Eugene, OR WA",city,2025,10,0.1
"Eugene, OR WA",city,2025,11,0.2
"Eugene, OR WA",city,2025,12,0.2
"Eugene, OR WA",city,2025,13,0.2
"Eugene, OR WA",city,2025,14,0.2
"Eugene, OR WA",city,2025,15,0.2
"Eugene, OR WA",city,2025,16,0.2
"Eugene, OR WA",city,2025,17,0.3
"Eugene, OR WA",city,2025,18,0.3
"Eugene, OR WA",city,2025,19,0.5
"Eugene, OR WA",city,2025,20,1.6
"Eugene, OR WA",city,2025,21,3.9
"Eugene, OR WA",city,2025,22,6.0
"Eugene, OR WA",city,2025,23,7.8
"Everett, WA",city,2025,0,2.5
"Everett, WA",city,2025,1,2.3
"Everett, WA",city,2025,2,1.9
"Everett, WA",city,2025,3,1.8
"Everett, WA",city,2025,4,1.6
"Everett, WA",city,2025,5,1.5
"Everett, WA",city,2025,6,1.2
"Everett, WA",city,2025,7,1.0
"Everett, WA",city,2025,8,0.9
"Everett, WA",city,2025,9,0.8
"Everett, WA",city,2025,10,0.9
"Everett, WA",city,2025,11,1.0
"Everett, WA",city,2025,12,1.1
"Everett, WA",city,2025,13,1.2
"Everett, WA",city,2025,14,1.5
"Everett, WA",city,2025,15,1.7
"Everett, WA",city,2025,16,2.2
"Everett, WA",city,2025,17,2.8
"Everett, WA",city,2025,18,3.3
"Everett, WA",city,2025,19,3.5
"Everett, WA",city,2025,20,3.6
"Everett, WA",city,2025,21,3.6
"Everett, WA",city,2025,22,3.4
"Everett, WA",city,2025,23,3.0
"Fairfax County, DC VA",county,2025,0,57.3
"Fairfax County, DC VA",county,2025,1,46.7
"Fairfax County, DC VA",county,2025,2,35.0
"Fairfax County, DC VA",county,2025,3,23.9
"Fairfax County, DC VA",county,2025,4,15.1
"Fairfax County, DC VA",county,2025,5,9.9
"Fairfax County, DC VA",county,2025,6,7.4
"Fairfax County, DC VA",county,2025,7,5.6
"Fairfax County, DC VA",county,2025,8,4.7
"Fairfax County, DC VA",county,2025,9,4.3
"Fairfax County, DC VA",county,2025,10,4.5
"Fairfax County, DC VA",county,2025,11,5.1
"Fairfax County, DC VA",county,2025,12,6.1
"Fairfax County, DC VA",county,2025,13,6.8
"Fairfax County, DC VA",county,2025,14,7.3
"Fairfax County, DC VA",county,2025,15,8.3
"Fairfax County, DC VA",county,2025,16,10.1
"Fairfax County, DC VA",county,2025,17,13.4
"Fairfax County, DC VA",county,2025,18,15.6
"Fairfax County, DC VA",county,2025,19,16.8
"Fairfax County, DC VA",county,2025,20,24.1
"Fairfax County, DC VA",county,2025,21,36.6
"Fairfax County, DC VA",county,2025,22,47.6
"Fairfax County, DC VA",county,2025,23,56.6
"Fairfield County, CT",county,2025,0,7.5
"Fairfield County, CT",county,2025,1,5.9
"Fairfield County, CT",county,2025,2,4.2
"Fairfield County, CT",county,2025,3,2.5
"Fairfield County, CT",county,2025,4,1.2
"Fairfield County, CT",county,2025,5,0.6
"Fairfield County, CT",county,2025,6,0.2
"Fairfield County, CT",county,2025,7,0.1
"Fairfield County, CT",county,2025,8,0.1
"Fairfield County, CT",county,2025,9,0.1
"Fairfield County, CT",county,2025,10,0.1
"Fairfield County, CT",county,2025,11,0.1
"Fairfield County, CT",county,2025,12,0.1
"Fairfield County, CT",county,2025,13,0.1
"Fairfield County, CT",county,2025,14,0.1
"Fairfield County, CT",county,2025,15,0.0
"Fairfield County, CT",county,2025,16,0.0
"Fairfield County, CT",county,2025,17,0.0
"Fairfield County, CT",county,2025,18,0.0
"Fairfield County, CT",county,2025,19,0.0
"Fairfield County, CT",county,2025,20,1.0
"Fairfield County, CT",county,2025,21,3.2
"Fairfield County, CT",county,2025,22,5.2
"Fairfield County, CT",county,2025,23,7.0
"Fairfield, CA",city,2025,0,33.6
"Fairfield, CA",city,2025,1,27.2
"Fairfield, CA",city,2025,2,19.8
"Fairfield, CA",city,2025,3,12.5
"Fairfield, CA",city,2025,4,6.9
"Fairfield, CA",city,2025,5,3.6
"Fairfield, CA",city,2025,6,2.3
"Fairfield, CA",city,2025,7,1.7
"Fairfield, CA",city,2025,8,1.4
"Fairfield, CA",city,2025,9,1.2
"Fairfield, CA",city,2025,10,1.2
"Fairfield, CA",city,2025,11,1.4
"Fairfield, CA",city,2025,12,1.7
"Fairfield, CA",city,2025,13,1.9
"Fairfield, CA",city,2025,14,1.8
"Fairfield, CA",city,2025,15,2.0
"Fairfield, CA",city,2025,16,2.4
"Fairfield, CA",city,2025,17,3.2
"Fairfield, CA",city,2025,18,3.6
"Fairfield, CA",city,2025,19,4.0
"Fairfield, CA",city,2025,20,8.5
"Fairfield, CA",city,2025,21,17.3
"Fairfield, CA",city,2025,22,25.3
"Fairfield, CA",city,2025,23,32.3
"Fond du Lac, WI",city,2025,0,6.5
"Fond du Lac, WI",city,2025,1,5.7
"Fond du Lac, WI",city,2025,2,4.9
"Fond du Lac, WI",city,2025,3,4.4
"Fond du Lac, WI",city,2025,4,4.0
"Fond du Lac, WI",city,2025,5,3.6
"Fond du Lac, WI",city,2025,6,3.3
"Fond du Lac, WI",city,2025,7,2.6
"Fond du Lac, WI",city,2025,8,2.2
"Fond du Lac, WI",city,2025,9,2.0
"Fond du Lac, WI",city,2025,10,2.3
"Fond du Lac, WI",city,2025,11,2.6
"Fond du Lac, WI",city,2025,12,3.0
"Fond du Lac, WI",city,2025,13,3.3
"Fond du Lac, WI",city,2025,14,3.8
"Fond du Lac, WI",city,2025,15,4.3
"Fond du Lac, WI",city,2025,16,5.5
"Fond du Lac, WI",city,2025,17,7.2
"Fond du Lac, WI",city,2025,18,8.4
"Fond du Lac, WI",city,2025,19,9.0
"Fond du Lac, WI",city,2025,20,9.4
"Fond du Lac, WI",city,2025,21,9.2
"Fond du Lac, WI",city,2025,22,8.5
"Fond du Lac, WI",city,2025,23,7.6
"Fort Bend County, TX",county,2025,0,4.1
"Fort Bend County, TX",county,2025,1,3.3
"Fort Bend County, TX",county,2025,2,2.4
"Fort Bend County, TX",county,2025,3,1.4
"Fort Bend County, TX",county,2025,4,0.7
"Fort Bend County, TX",county,2025,5,0.2
"Fort Bend County, TX",county,2025,6,0.1
"Fort Bend County, TX",county,2025,7,0.1
"Fort Bend County, TX",county,2025,8,0.1
"Fort Bend County, TX",county,2025,9,0.0
"Fort Bend County, TX",county,2025,10,0.0
"Fort Bend County, TX",county,2025,11,0.0
"Fort Bend County, TX",county,2025,12,0.0
"Fort Bend County, TX",county,2025,13,0.1
"Fort Bend County, TX",county,2025,14,0.0
"Fort Bend County, TX",county,2025,15,0.0
"Fort Bend County, TX",county,2025,16,0.0
"Fort Bend County, TX",county,2025,17,0.0
"Fort Bend County, TX",county,2025,18,0.0
"Fort Bend County, TX",county,2025,19,0.0
"Fort Bend County, TX",county,2025,20,0.6
"Fort Bend County, TX",county,2025,21,1.8
"Fort Bend County, TX",county,2025,22,3.0
"Fort Bend County, TX",county,2025,23,3.9
"Fort Collins, CO",city,2025,0,23.8
"Fort Collins, CO",city,2025,1,19.7
"Fort Collins, CO",city,2025,2,15.2
"Fort Collins, CO",city,2025,3,11.1
"Fort Collins, CO",city,2025,4,7.8
"Fort Collins, CO",city,2025,5,5.8
"Fort Collins, CO",city,2025,6,4.7
"Fort Collins, CO",city,2025,7,3.6
"Fort Collins, CO",city,2025,8,3.1
"Fort Collins, CO",city,2025,9,2.8
"Fort Collins, CO",city,2025,10,3.1
"Fort Collins, CO",city,2025,11,3.5
"Fort Collins, CO",city,2025,12,4.1
"Fort Collins, CO",city,2025,13,4.5
"Fort Collins, CO",city,2025,14,5.0
"Fort Collins, CO",city,2025,15,5.8
"Fort Collins, CO",city,2025,16,7.2
"Fort Collins, CO",city,2025,17,9.3
"Fort Collins, CO",city,2025,18,11.0
"Fort Collins, CO",city,2025,19,11.8
"Fort Collins, CO",city,2025,20,14.5
"Fort Collins, CO",city,2025,21,18.6
"Fort Collins, CO",city,2025,22,21.9
"Fort Collins, CO",city,2025,23,24.3
"Fort Lauderdale, FL",city,2025,0,5.9
"Fort Lauderdale, FL",city,2025,1,5.2
"Fort Lauderdale, FL",city,2025,2,4.5
"Fort Lauderdale, FL",city,2025,3,4.1
"Fort Lauderdale, FL",city,2025,4,3.8
"Fort Lauderdale, FL",city,2025,5,3.4
"Fort Lauderdale, FL",city,2025,6,3.0
"Fort Lauderdale, FL",city,2025,7,2.4
"Fort Lauderdale, FL",city,2025,8,2.0
"Fort Lauderdale, FL",city,2025,9,1.9
"Fort Lauderdale, FL",city,2025,10,2.0
"Fort Lauderdale, FL",city,2025,11,2.4
"Fort Lauderdale, FL",city,2025,12,2.7
"Fort Lauderdale, FL",city,2025,13,3.1
"Fort Lauderdale, FL",city,2025,14,3.4
"Fort Lauderdale, FL",city,2025,15,4.0
"Fort Lauderdale, FL",city,2025,16,5.0
"Fort Lauderdale, FL",city,2025,17,6.6
"Fort Lauderdale, FL",city,2025,18,7.7
"Fort Lauderdale, FL",city,2025,19,8.3
"Fort Lauderdale, FL",city,2025,20,8.6
"Fort Lauderdale, FL",city,2025,21,8.4
"Fort Lauderdale, FL",city,2025,22,7.8
"Fort Lauderdale, FL",city,2025,23,7.0
"Franklin County, AL",county,2025,0,20.6
"Franklin County, AL",county,2025,1,18.1
"Franklin County, AL",county,2025,2,15.8
"Franklin County, AL",county,2025,3,14.2
"Franklin County, AL",county,2025,4,12.8
"Franklin County, AL",county,2025,5,11.7
"Franklin County, AL",county,2025,6,10.3
"Franklin County, AL",county,2025,7,8.2
"Franklin County, AL",county,2025,8,6.9
"Franklin County, AL",county,2025,9,6.6
"Franklin County, AL",county,2025,10,7.2
"Franklin County, AL",county,2025,11,8.2
"Franklin County, AL",county,2025,12,9.4
"Franklin County, AL",county,2025,13,10.6
"Franklin County, AL",county,2025,14,11.8
"Franklin County, AL",county,2025,15,13.9
"Franklin County, AL",county,2025,16,17.3
"Franklin County, AL",county,2025,17,22.7
"Franklin County, AL",county,2025,18,26.6
"Franklin County, AL",county,2025,19,28.6
"Franklin County, AL",county,2025,20,29.9
"Franklin County, AL",county,2025,21,29.3
"Franklin County, AL",county,2025,22,27.3
"Franklin County, AL",county,2025,23,24.3
"Frederick County, DC VA",county,2025,0,13.2
"Frederick County, DC VA",county,2025,1,10.9
"Frederick County, DC VA",county,2025,2,8.5
"Frederick County, DC VA",county,2025,3,6.2
"Frederick County, DC VA",county,2025,4,4.4
"Frederick County, DC VA",county,2025,5,3.4
"Frederick County, DC VA",county,2025,6,2.7
"Frederick County, DC VA",county,2025,7,2.2
"Frederick County, DC VA",county,2025,8,1.8
"Frederick County, DC VA",county,2025,9,1.7
"Frederick County, DC VA",county,2025,10,1.8
"Frederick County, DC VA",county,2025,11,2.0
"Frederick County, DC VA",county,2025,12,2.4
"Frederick County, DC VA",county,2025,13,2.6
"Frederick County, DC VA",county,2025,14,2.8
"Frederick County, DC VA",county,2025,15,3.4
"Frederick County, DC VA",county,2025,16,4.1
"Frederick County, DC VA",county,2025,17,5.5
"Frederick County, DC VA",county,2025,18,6.4
"Frederick County, DC VA",county,2025,19,6.8
"Frederick County, DC VA",county,2025,20,8.4
"Frederick County, DC VA",county,2025,21,10.6
"Frederick County, DC VA",county,2025,22,12.4
"Frederick County, DC VA",county,2025,23,13.6
"Frederick County, VA",county,2025,0,1.6
"Frederick County, VA",county,2025,1,1.5
"Frederick County, VA",county,2025,2,1.2
"Frederick County, VA",county,2025,3,1.1
"Frederick County, VA",county,2025,4,1.0
"Frederick County, VA",county,2025,5,0.9
"Frederick County, VA",county,2025,6,0.8
"Frederick County, VA",county,2025,7,0.7
"Frederick County, VA",county,2025,8,0.6
"Frederick County, VA",county,2025,9,0.6
"Frederick County, VA",county,2025,10,0.6
"Frederick County, VA",county,2025,11,0.7
"Frederick County, VA",county,2025,12,0.8
"Frederick County, VA",county,2025,13,0.8
"Frederick County, VA",county,2025,14,0.9
"Frederick County, VA",county,2025,15,1.1
"Frederick County, VA",county,2025,16,1.4
"Frederick County, VA",county,2025,17,1.8
"Frederick County, VA",county,2025,18,2.2
"Frederick County, VA",county,2025,19,2.3
"Frederick County, VA",county,2025,20,2.4
"Frederick County, VA",county,2025,21,2.4
"Frederick County, VA",county,2025,22,2.2
"Frederick County, VA",county,2025,23,1.9
"Fremont, CA",city,2025,0,18.9
"Fremont, CA",city,2025,1,15.7
"Fremont, CA",city,2025,2,12.2
"Fremont, CA",city,2025,3,8.9
"Fremont, CA",city,2025,4,6.4
"Fremont, CA",city,2025,5,4.8
"Fremont, CA",city,2025,6,3.9
"Fremont, CA",city,2025,7,3.0
"Fremont, CA",city,2025,8,2.5
"Fremont, CA",city,2025,9,2.4
"Fremont, CA",city,2025,10,2.5
"Fremont, CA",city,2025,11,2.8
"Fremont, CA",city,2025,12,3.4
"Fremont, CA",city,2025,13,3.8
"Fremont, CA",city,2025,14,4.1
"Fremont, CA",city,2025,15,4.8
"Fremont, CA",city,2025,16,5.9
"Fremont, CA",city,2025,17,7.7
"Fremont, CA",city,2025,18,9.1
"Fremont, CA",city,2025,19,9.8
"Fremont, CA",city,2025,20,11.9
"Fremont, CA",city,2025,21,15.1
"Fremont, CA",city,2025,22,17.6
"Fremont, CA",city,2025,23,19.4
"Fresno County, CA",county,2025,0,5.3
"Fresno County, CA",county,2025,1,4.2
"Fresno County, CA",county,2025,2,3.1
"Fresno County, CA",county,2025,3,1.8
"Fresno County, CA",county,2025,4,0.9
"Fresno County, CA",county,2025,5,0.3
"Fresno County, CA",county,2025,6,0.1
"Fresno County, CA",county,2025,7,0.1
"Fresno County, CA",county,2025,8,0.1
"Fresno County, CA",county,2025,9,0.1
"Fresno County, CA",county,2025,10,0.0
"Fresno County, CA",county,2025,11,0.0
"Fresno County, CA",county,2025,12,0.1
"Fresno County, CA",county,2025,13,0.1
"Fresno County, CA",county,2025,14,0.0
"Fresno County, CA",county,2025,15,0.0
"Fresno County, CA",county,2025,16,0.0
"Fresno County, CA",county,2025,17,0.0
"Fresno County, CA",county,2025,18,0.0
"Fresno County, CA",county,2025,19,0.0
"Fresno County, CA",county,2025,20,0.8
"Fresno County, CA",county,2025,21,2.3
"Fresno County, CA",county,2025,22,3.8
"Fresno County, CA",county,2025,23,5.0
"Friendswood, TX",city,2025,0,2.5
"Friendswood, TX",city,2025,1,2.0
"Friendswood, TX",city,2025,2,1.5
"Friendswood, TX",city,2025,3,0.9
"Friendswood, TX",city,2025,4,0.5
"Friendswood, TX",city,2025,5,0.2
"Friendswood, TX",city,2025,6,0.1
"Friendswood, TX",city,2025,7,0.1
"Friendswood, TX",city,2025,8,0.1
"Friendswood, TX",city,2025,9,0.0
"Friendswood, TX",city,2025,10,0.0
"Friendswood, TX",city,2025,11,0.0
"Friendswood, TX",city,2025,12,0.1
"Friendswood, TX",city,2025,13,0.1
"Friendswood, TX",city,2025,14,0.1
"Friendswood, TX",city,2025,15,0.0
"Friendswood, TX",city,2025,16,0.1
"Friendswood, TX",city,2025,17,0.1
"Friendswood, TX",city,2025,18,0.1
"Friendswood, TX",city,2025,19,0.1
"Friendswood, TX",city,2025,20,0.5
"Friendswood, TX",city,2025,21,1.1
"Friendswood, TX",city,2025,22,1.8
"Friendswood, TX",city,2025,23,2.4
"Frisco, TX",city,2025,0,10.1
"Frisco, TX",city,2025,1,8.9
"Frisco, TX",city,2025,2,7.7
"Frisco, TX",city,2025,3,7.0
"Frisco, TX",city,2025,4,6.4
"Frisco, TX",city,2025,5,5.8
"Frisco, TX",city,2025,6,5.1
"Frisco, TX",city,2025,7,4.1
"Frisco, TX",city,2025,8,3.4
"Frisco, TX",city,2025,9,3.3
"Frisco, TX",city,2025,10,3.5
"Frisco, TX",city,2025,11,4.1
"Frisco, TX",city,2025,12,4.7
"Frisco, TX",city,2025,13,5.2
"Frisco, TX",city,2025,14,5.8
"Frisco, TX",city,2025,15,6.8
"Frisco, TX",city,2025,16,8.5
"Frisco, TX",city,2025,17,11.1
"Frisco, TX",city,2025,18,13.2
"Frisco, TX",city,2025,19,14.1
"Frisco, TX",city,2025,20,14.8
"Frisco, TX",city,2025,21,14.4
"Frisco, TX",city,2025,22,13.4
"Frisco, TX",city,2025,23,11.9
"Galveston County, TX",county,2025,0,12.7
"Galveston County, TX",county,2025,1,10.1
"Galveston County, TX",county,2025,2,7.3
"Galveston County, TX",county,2025,3,4.3
"Galveston County, TX",county,2025,4,2.2
"Galveston County, TX",county,2025,5,0.9
"Galveston County, TX",county,2025,6,0.3
"Galveston County, TX",county,2025,7,0.2
"Galveston County, TX",county,2025,8,0.1
"Galveston County, TX",county,2025,9,0.1
"Galveston County, TX",county,2025,10,0.1
"Galveston County, TX",county,2025,11,0.1
"Galveston County, TX",county,2025,12,0.1
"Galveston County, TX",county,2025,13,0.2
"Galveston County, TX",county,2025,14,0.1
"Galveston County, TX",county,2025,15,0.0
"Galveston County, TX",county,2025,16,0.0
"Galveston County, TX",county,2025,17,0.0
"Galveston County, TX",county,2025,18,0.0
"Galveston County, TX",county,2025,19,0.0
"Galveston County, TX",county,2025,20,1.8
"Galveston County, TX",county,2025,21,5.5
"Galveston County, TX",county,2025,22,8.9
"Galveston County, TX",county,2025,23,11.9
"Gaston County, NC",county,2025,0,1.8
"Gaston County, NC",county,2025,1,1.6
"Gaston County, NC",county,2025,2,1.4
"Gaston County, NC",county,2025,3,1.2
"Gaston County, NC",county,2025,4,1.1
"Gaston County, NC",county,2025,5,1.0
"Gaston County, NC",county,2025,6,0.9
"Gaston County, NC",county,2025,7,0.7
"Gaston County, NC",county,2025,8,0.6
"Gaston County, NC",county,2025,9,0.6
"Gaston County, NC",county,2025,10,0.6
"Gaston County, NC",county,2025,11,0.7
"Gaston County, NC",county,2025,12,0.8
"Gaston County, NC",county,2025,13,0.9
"Gaston County, NC",county,2025,14,1.0
"Gaston County, NC",county,2025,15,1.2
"Gaston County, NC",county,2025,16,1.5
"Gaston County, NC",county,2025,17,1.9
"Gaston County, NC",county,2025,18,2.3
"Gaston County, NC",county,2025,19,2.5
"Gaston County, NC",county,2025,20,2.6
"Gaston County, NC",county,2025,21,2.5
"Gaston County, NC",county,2025,22,2.4
"Gaston County, NC",county,2025,23,2.0
"Gilroy, CA",city,2025,0,8.0
"Gilroy, CA",city,2025,1,6.4
"Gilroy, CA",city,2025,2,4.5
"Gilroy, CA",city,2025,3,2.8
"Gilroy, CA",city,2025,4,1.4
"Gilroy, CA",city,2025,5,0.6
"Gilroy, CA",city,2025,6,0.3
"Gilroy, CA",city,2025,7,0.2
"Gilroy, CA",city,2025,8,0.1
"Gilroy, CA",city,2025,9,0.1
"Gilroy, CA",city,2025,10,0.1
"Gilroy, CA",city,2025,11,0.1
"Gilroy, CA",city,2025,12,0.1
"Gilroy, CA",city,2025,13,0.2
"Gilroy, CA",city,2025,14,0.1
"Gilroy, CA",city,2025,15,0.1
"Gilroy, CA",city,2025,16,0.1
"Gilroy, CA",city,2025,17,0.1
"Gilroy, CA",city,2025,18,0.2
"Gilroy, CA",city,2025,19,0.2
"Gilroy, CA",city,2025,20,1.4
"Gilroy, CA",city,2025,21,3.5
"Gilroy, CA",city,2025,22,5.7
"Gilroy, CA",city,2025,23,7.5
"Gordo, AL",city,2025,0,1.4
"Gordo, AL",city,2025,1,1.2
"Gordo, AL",city,2025,2,1.0
"Gordo, AL",city,2025,3,0.9
"Gordo, AL",city,2025,4,0.9
"Gordo, AL",city,2025,5,0.8
"Gordo, AL",city,2025,6,0.7
"Gordo, AL",city,2025,7,0.6
"Gordo, AL",city,2025,8,0.5
"Gordo, AL",city,2025,9,0.5
"Gordo, AL",city,2025,10,0.5
"Gordo, AL",city,2025,11,0.6
"Gordo, AL",city,2025,12,0.7
"Gordo, AL",city,2025,13,0.7
"Gordo, AL",city,2025,14,0.8
"Gordo, AL",city,2025,15,0.9
"Gordo, AL",city,2025,16,1.1
"Gordo, AL",city,2025,17,1.6
"Gordo, AL",city,2025,18,1.8
"Gordo, AL",city,2025,19,1.9
"Gordo, AL",city,2025,20,2.0
"Gordo, AL",city,2025,21,2.0
"Gordo, AL",city,2025,22,1.8
"Gordo, AL",city,2025,23,1.7
"Grain Valley, KS MO",city,2025,0,3.2
"Grain Valley, KS MO",city,2025,1,2.5
"Grain Valley, KS MO",city,2025,2,1.8
"Grain Valley, KS MO",city,2025,3,1.1
"Grain Valley, KS MO",city,2025,4,0.6
"Grain Valley, KS MO",city,2025,5,0.2
"Grain Valley, KS MO",city,2025,6,0.1
"Grain Valley, KS MO",city,2025,7,0.1
"Grain Valley, KS MO",city,2025,8,0.0
"Grain Valley, KS MO",city,2025,9,0.0
"Grain Valley, KS MO",city,2025,10,0.0
"Grain Valley, KS MO",city,2025,11,0.0
"Grain Valley, KS MO",city,2025,12,0.0
"Grain Valley, KS MO",city,2025,13,0.0
"Grain Valley, KS MO",city,2025,14,0.0
"Grain Valley, KS MO",city,2025,15,0.0
"Grain Valley, KS MO",city,2025,16,0.0
"Grain Valley, KS MO",city,2025,17,0.0
"Grain Valley, KS MO",city,2025,18,0.0
"Grain Valley, KS MO",city,2025,19,0.0
"Grain Valley, KS MO",city,2025,20,0.5
"Grain Valley, KS MO",city,2025,21,1.4
"Grain Valley, KS MO",city,2025,22,2.3
"Grain Valley, KS MO",city,2025,23,3.0
"Grand Junction, CO",city,2025,0,1.7
"Grand Junction, CO",city,2025,1,1.5
"Grand Junction, CO",city,2025,2,1.2
"Grand Junction, CO",city,2025,3,1.1
"Grand Junction, CO",city,2025,4,1.0
"Grand Junction, CO",city,2025,5,0.9
"Grand Junction, CO",city,2025,6,0.9
"Grand Junction, CO",city,2025,7,0.7
"Grand Junction, CO",city,2025,8,0.6
"Grand Junction, CO",city,2025,9,0.6
"Grand Junction, CO",city,2025,10,0.6
"Grand Junction, CO",city,2025,11,0.7
"Grand Junction, CO",city,2025,12,0.8
"Grand Junction, CO",city,2025,13,0.9
"Grand Junction, CO",city,2025,14,1.0
"Grand Junction, CO",city,2025,15,1.1
"Grand Junction, CO",city,2025,16,1.5
"Grand Junction, CO",city,2025,17,1.8
"Grand Junction, CO",city,2025,18,2.2
"Grand Junction, CO",city,2025,19,2.4
"Grand Junction, CO",city,2025,20,2.5
"Grand Junction, CO",city,2025,21,2.4
"Grand Junction, CO",city,2025,22,2.3
"Grand Junction, CO",city,2025,23,2.0
"Grand Prairie, TX",city,2025,0,52.3
"Grand Prairie, TX",city,2025,1,45.9
"Grand Prairie, TX",city,2025,2,40.0
"Grand Prairie, TX",city,2025,3,36.0
"Grand Prairie, TX",city,2025,4,32.6
"Grand Prairie, TX",city,2025,5,29.5
"Grand Prairie, TX",city,2025,6,26.2
"Grand Prairie, TX",city,2025,7,20.9
"Grand Prairie, TX",city,2025,8,17.5
"Grand Prairie, TX",city,2025,9,16.8
"Grand Prairie, TX",city,2025,10,18.2
"Grand Prairie, TX",city,2025,11,20.8
"Grand Prairie, TX",city,2025,12,24.0
"Grand Prairie, TX",city,2025,13,26.7
"Grand Prairie, TX",city,2025,14,30.0
"Grand Prairie, TX",city,2025,15,35.2
"Grand Prairie, TX",city,2025,16,43.9
"Grand Prairie, TX",city,2025,17,57.5
"Grand Prairie, TX",city,2025,18,67.6
"Grand Prairie, TX",city,2025,19,72.7
"Grand Prairie, TX",city,2025,20,75.9
"Grand Prairie, TX",city,2025,21,74.3
"Grand Prairie, TX",city,2025,22,69.1
"Grand Prairie, TX",city,2025,23,61.6
"Grapevine, TX",city,2025,0,3.1
"Grapevine, TX",city,2025,1,2.7
"Grapevine, TX",city,2025,2,2.4
"Grapevine, TX",city,2025,3,2.2
"Grapevine, TX",city,2025,4,1.9
"Grapevine, TX",city,2025,5,1.7
"Grapevine, TX",city,2025,6,1.6
"Grapevine, TX",city,2025,7,1.2
"Grapevine, TX",city,2025,8,1.0
"Grapevine, TX",city,2025,9,1.0
"Grapevine, TX",city,2025,10,1.0
"Grapevine, TX",city,2025,11,1.2
"Grapevine, TX",city,2025,12,1.4
"Grapevine, TX",city,2025,13,1.6
"Grapevine, TX",city,2025,14,1.8
"Grapevine, TX",city,2025,15,2.0
"Grapevine, TX",city,2025,16,2.6
"Grapevine, TX",city,2025,17,3.4
"Grapevine, TX",city,2025,18,4.0
"Grapevine, TX",city,2025,19,4.3
"Grapevine, TX",city,2025,20,4.5
"Grapevine, TX",city,2025,21,4.4
"Grapevine, TX",city,2025,22,4.1
"Grapevine, TX",city,2025,23,3.6
"Greeley, CO",city,2025,0,14.1
"Greeley, CO",city,2025,1,11.2
"Greeley, CO",city,2025,2,8.2
"Greeley, CO",city,2025,3,5.1
"Greeley, CO",city,2025,4,2.6
"Greeley, CO",city,2025,5,1.2
"Greeley, CO",city,2025,6,0.7
"Greeley, CO",city,2025,7,0.5
"Greeley, CO",city,2025,8,0.3
"Greeley, CO",city,2025,9,0.3
"Greeley, CO",city,2025,10,0.3
"Greeley, CO",city,2025,11,0.3
"Greeley, CO",city,2025,12,0.5
"Greeley, CO",city,2025,13,0.6
"Greeley, CO",city,2025,14,0.5
"Greeley, CO",city,2025,15,0.5
"Greeley, CO",city,2025,16,0.6
"Greeley, CO",city,2025,17,0.7
"Greeley, CO",city,2025,18,0.8
"Greeley, CO",city,2025,19,0.9
"Greeley, CO",city,2025,20,2.8
"Greeley, CO",city,2025,21,6.7
"Greeley, CO",city,2025,22,10.2
"Greeley, CO",city,2025,23,13.3
"Greeneville, TN",city,2025,0,4.2
"Greeneville, TN",city,2025,1,3.6
"Greeneville, TN",city,2025,2,3.2
"Greeneville, TN",city,2025,3,2.8
"Greeneville, TN",city,2025,4,2.6
"Greeneville, TN",city,2025,5,2.4
"Greeneville, TN",city,2025,6,2.2
"Greeneville, TN",city,2025,7,1.7
"Greeneville, TN",city,2025,8,1.4
"Greeneville, TN",city,2025,9,1.4
"Greeneville, TN",city,2025,10,1.5
"Greeneville, TN",city,2025,11,1.7
"Greeneville, TN",city,2025,12,1.9
"Greeneville, TN",city,2025,13,2.2
"Greeneville, TN",city,2025,14,2.4
"Greeneville, TN",city,2025,15,2.8
"Greeneville, TN",city,2025,16,3.5
"Greeneville, TN",city,2025,17,4.7
"Greeneville, TN",city,2025,18,5.5
"Greeneville, TN",city,2025,19,5.9
"Greeneville, TN",city,2025,20,6.1
"Greeneville, TN",city,2025,21,6.0
"Greeneville, TN",city,2025,22,5.6
"Greeneville, TN",city,2025,23,5.0
"Greensboro, NC",city,2025,0,4.2
"Greensboro, NC",city,2025,1,3.6
"Greensboro, NC",city,2025,2,3.2
"Greensboro, NC",city,2025,3,2.8
"Greensboro, NC",city,2025,4,2.6
"Greensboro, NC",city,2025,5,2.4
"Greensboro, NC",city,2025,6,2.0
"Greensboro, NC",city,2025,7,1.7
"Greensboro, NC",city,2025,8,1.4
"Greensboro, NC",city,2025,9,1.4
"Greensboro, NC",city,2025,10,1.5
"Greensboro, NC",city,2025,11,1.7
"Greensboro, NC",city,2025,12,1.9
"Greensboro, NC",city,2025,13,2.2
"Greensboro, NC",city,2025,14,2.4
"Greensboro, NC",city,2025,15,2.8
"Greensboro, NC",city,2025,16,3.5
"Greensboro, NC",city,2025,17,4.5
"Greensboro, NC",city,2025,18,5.3
"Greensboro, NC",city,2025,19,5.8
"Greensboro, NC",city,2025,20,6.0
"Greensboro, NC",city,2025,21,5.9
"Greensboro, NC",city,2025,22,5.5
"Greensboro, NC",city,2025,23,4.9
"Grundy County, TN",county,2025,0,1.9
"Grundy County, TN",county,2025,1,1.6
"Grundy County, TN",county,2025,2,1.1
"Grundy County, TN",county,2025,3,0.7
"Grundy County, TN",county,2025,4,0.3
"Grundy County, TN",county,2025,5,0.1
"Grundy County, TN",county,2025,6,0.1
"Grundy County, TN",county,2025,7,0.0
"Grundy County, TN",county,2025,8,0.0
"Grundy County, TN",county,2025,9,0.0
"Grundy County, TN",county,2025,10,0.0
"Grundy County, TN",county,2025,11,0.0
"Grundy County, TN",county,2025,12,0.0
"Grundy County, TN",county,2025,13,0.0
"Grundy County, TN",county,2025,14,0.0
"Grundy County, TN",county,2025,15,0.0
"Grundy County, TN",county,2025,16,0.0
"Grundy County, TN",county,2025,17,0.0
"Grundy County, TN",county,2025,18,0.0
"Grundy County, TN",county,2025,19,0.0
"Grundy County, TN",county,2025,20,0.2
"Grundy County, TN",county,2025,21,0.8
"Grundy County, TN",county,2025,22,1.4
"Grundy County, TN",county,2025,23,1.8
"Guadalupe County, TX",county,2025,0,3.1
"Guadalupe County, TX",county,2025,1,2.5
"Guadalupe County, TX",county,2025,2,1.7
"Guadalupe County, TX",county,2025,3,1.0
"Guadalupe County, TX",county,2025,4,0.6
"Guadalupe County, TX",county,2025,5,0.2
"Guadalupe County, TX",county,2025,6,0.1
"Guadalupe County, TX",county,2025,7,0.1
"Guadalupe County, TX",county,2025,8,0.0
"Guadalupe County, TX",county,2025,9,0.0
"Guadalupe County, TX",county,2025,10,0.0
"Guadalupe County, TX",county,2025,11,0.0
"Guadalupe County, TX",county,2025,12,0.0
"Guadalupe County, TX",county,2025,13,0.0
"Guadalupe County, TX",county,2025,14,0.0
"Guadalupe County, TX",county,2025,15,0.0
"Guadalupe County, TX",county,2025,16,0.0
"Guadalupe County, TX",county,2025,17,0.0
"Guadalupe County, TX",county,2025,18,0.0
"Guadalupe County, TX",county,2025,19,0.0
"Guadalupe County, TX",county,2025,20,0.5
"Guadalupe County, TX",county,2025,21,1.4
"Guadalupe County, TX",county,2025,22,2.2
"Guadalupe County, TX",county,2025,23,2.8
"Harris County, TX",county,2025,0,77.5
"Harris County, TX",county,2025,1,61.9
"Harris County, TX",county,2025,2,44.2
"Harris County, TX",county,2025,3,26.7
"Harris County, TX",county,2025,4,13.1
"Harris County, TX",county,2025,5,5.3
"Harris County, TX",county,2025,6,2.4
"Harris County, TX",county,2025,7,1.5
"Harris County, TX",county,2025,8,1.1
"Harris County, TX",county,2025,9,0.8
"Harris County, TX",county,2025,10,0.8
"Harris County, TX",county,2025,11,0.7
"Harris County, TX",county,2025,12,1.0
"Harris County, TX",county,2025,13,1.2
"Harris County, TX",county,2025,14,0.7
"Harris County, TX",county,2025,15,0.3
"Harris County, TX",county,2025,16,0.3
"Harris County, TX",county,2025,17,0.3
"Harris County, TX",county,2025,18,0.3
"Harris County, TX",county,2025,19,0.3
"Harris County, TX",county,2025,20,11.6
"Harris County, TX",county,2025,21,33.5
"Harris County, TX",county,2025,22,54.4
"Harris County, TX",county,2025,23,72.6
"Hartford County, CT",county,2025,0,27.6
"Hartford County, CT",county,2025,1,22.5
"Hartford County, CT",county,2025,2,16.8
"Hartford County, CT",county,2025,3,11.4
"Hartford County, CT",county,2025,4,7.2
"Hartford County, CT",county,2025,5,4.7
"Hartford County, CT",county,2025,6,3.4
"Hartford County, CT",county,2025,7,2.6
"Hartford County, CT",county,2025,8,2.2
"Hartford County, CT",county,2025,9,1.9
"Hartford County, CT",county,2025,10,2.0
"Hartford County, CT",county,2025,11,2.4
"Hartford County, CT",county,2025,12,2.8
"Hartford County, CT",county,2025,13,3.2
"Hartford County, CT",county,2025,14,3.3
"Hartford County, CT",county,2025,15,3.8
"Hartford County, CT",county,2025,16,4.7
"Hartford County, CT",county,2025,17,6.0
"Hartford County, CT",county,2025,18,7.0
"Hartford County, CT",county,2025,19,7.6
"Hartford County, CT",county,2025,20,11.1
"Hartford County, CT",county,2025,21,17.3
"Hartford County, CT",county,2025,22,22.8
"Hartford County, CT",county,2025,23,27.3
"Hartford, CT",city,2025,0,1.8
"Hartford, CT",city,2025,1,1.6
"Hartford, CT",city,2025,2,1.4
"Hartford, CT",city,2025,3,1.2
"Hartford, CT",city,2025,4,1.1
"Hartford, CT",city,2025,5,1.0
"Hartford, CT",city,2025,6,0.9
"Hartford, CT",city,2025,7,0.7
"Hartford, CT",city,2025,8,0.6
"Hartford, CT",city,2025,9,0.6
"Hartford, CT",city,2025,10,0.7
"Hartford, CT",city,2025,11,0.7
"Hartford, CT",city,2025,12,0.8
"Hartford, CT",city,2025,13,0.9
"Hartford, CT",city,2025,14,1.0
"Hartford, CT",city,2025,15,1.2
"Hartford, CT",city,2025,16,1.5
"Hartford, CT",city,2025,17,2.0
"Hartford, CT",city,2025,18,2.4
"Hartford, CT",city,2025,19,2.5
"Hartford, CT",city,2025,20,2.6
"Hartford, CT",city,2025,21,2.6
"Hartford, CT",city,2025,22,2.4
"Hartford, CT",city,2025,23,2.2
"Henry County, GA",county,2025,0,13.0
"Henry County, GA",county,2025,1,10.3
"Henry County, GA",county,2025,2,7.4
"Henry County, GA",county,2025,3,4.4
"Henry County, GA",county,2025,4,2.2
"Henry County, GA",county,2025,5,0.9
"Henry County, GA",county,2025,6,0.3
"Henry County, GA",county,2025,7,0.2
"Henry County, GA",county,2025,8,0.1
"Henry County, GA",county,2025,9,0.1
"Henry County, GA",county,2025,10,0.1
"Henry County, GA",county,2025,11,0.1
"Henry County, GA",county,2025,12,0.1
"Henry County, GA",county,2025,13,0.2
"Henry County, GA",county,2025,14,0.1
"Henry County, GA",county,2025,15,0.0
"Henry County, GA",county,2025,16,0.0
"Henry County, GA",county,2025,17,0.0
"Henry County, GA",county,2025,18,0.0
"Henry County, GA",county,2025,19,0.0
"Henry County, GA",county,2025,20,1.9
"Henry County, GA",county,2025,21,5.6
"Henry County, GA",county,2025,22,9.1
"Henry County, GA",county,2025,23,12.2
"Hickman County, TN",county,2025,0,1.8
"Hickman County, TN",county,2025,1,1.5
"Hickman County, TN",county,2025,2,1.0
"Hickman County, TN",county,2025,3,0.6
"Hickman County, TN",county,2025,4,0.3
"Hickman County, TN",county,2025,5,0.1
"Hickman County, TN",county,2025,6,0.1
"Hickman County, TN",county,2025,7,0.0
"Hickman County, TN",county,2025,8,0.0
"Hickman County, TN",county,2025,9,0.0
"Hickman County, TN",county,2025,10,0.0
"Hickman County, TN",county,2025,11,0.0
"Hickman County, TN",county,2025,12,0.0
"Hickman County, TN",county,2025,13,0.0
"Hickman County, TN",county,2025,14,0.0
"Hickman County, TN",county,2025,15,0.0
"Hickman County, TN",county,2025,16,0.0
"Hickman County, TN",county,2025,17,0.0
"Hickman County, TN",county,2025,18,0.0
"Hickman County, TN",county,2025,19,0.0
"Hickman County, TN",county,2025,20,0.2
"Hickman County, TN",county,2025,21,0.8
"Hickman County, TN",county,2025,22,1.2
"Hickman County, TN",county,2025,23,1.7
"Hillsboro, OR WA",city,2025,0,61.9
"Hillsboro, OR WA",city,2025,1,49.7
"Hillsboro, OR WA",city,2025,2,35.5
"Hillsboro, OR WA",city,2025,3,21.5
"Hillsboro, OR WA",city,2025,4,10.7
"Hillsboro, OR WA",city,2025,5,4.5
"Hillsboro, OR WA",city,2025,6,2.2
"Hillsboro, OR WA",city,2025,7,1.4
"Hillsboro, OR WA",city,2025,8,1.0
"Hillsboro, OR WA",city,2025,9,0.8
"Hillsboro, OR WA",city,2025,10,0.8
"Hillsboro, OR WA",city,2025,11,0.8
"Hillsboro, OR WA",city,2025,12,1.0
"Hillsboro, OR WA",city,2025,13,1.2
"Hillsboro, OR WA",city,2025,14,0.9
"Hillsboro, OR WA",city,2025,15,0.7
"Hillsboro, OR WA",city,2025,16,0.7
"Hillsboro, OR WA",city,2025,17,0.9
"Hillsboro, OR WA",city,2025,18,0.9
"Hillsboro, OR WA",city,2025,19,1.0
"Hillsboro, OR WA",city,2025,20,9.9
"Hillsboro, OR WA",city,2025,21,27.3
"Hillsboro, OR WA",city,2025,22,43.9
"Hillsboro, OR WA",city,2025,23,58.2
"Hillsborough County, FL",county,2025,0,20.8
"Hillsborough County, FL",county,2025,1,16.8
"Hillsborough County, FL",county,2025,2,12.3
"Hillsborough County, FL",county,2025,3,8.0
"Hillsborough County, FL",county,2025,4,4.4
"Hillsborough County, FL",county,2025,5,2.5
"Hillsborough County, FL",county,2025,6,1.6
"Hillsborough County, FL",county,2025,7,1.1
"Hillsborough County, FL",county,2025,8,1.0
"Hillsborough County, FL",county,2025,9,0.9
"Hillsborough County, FL",county,2025,10,0.9
"Hillsborough County, FL",county,2025,11,1.0
"Hillsborough County, FL",county,2025,12,1.2
"Hillsborough County, FL",county,2025,13,1.4
"Hillsborough County, FL",county,2025,14,1.4
"Hillsborough County, FL",county,2025,15,1.5
"Hillsborough County, FL",county,2025,16,1.8
"Hillsborough County, FL",county,2025,17,2.4
"Hillsborough County, FL",county,2025,18,2.8
"Hillsborough County, FL",county,2025,19,3.1
"Hillsborough County, FL",county,2025,20,5.9
"Hillsborough County, FL",county,2025,21,11.1
"Hillsborough County, FL",county,2025,22,15.9
"Hillsborough County, FL",county,2025,23,20.0
"Honolulu County, HI",county,2025,0,37.2
"Honolulu County, HI",county,2025,1,29.9
"Honolulu County, HI",county,2025,2,21.6
"Honolulu County, HI",county,2025,3,13.5
"Honolulu County, HI",county,2025,4,7.3
"Honolulu County, HI",county,2025,5,3.6
"Honolulu County, HI",county,2025,6,2.2
"Honolulu County, HI",county,2025,7,1.5
"Honolulu County, HI",county,2025,8,1.2
"Honolulu County, HI",county,2025,9,1.1
"Honolulu County, HI",county,2025,10,1.1
"Honolulu County, HI",county,2025,11,1.2
"Honolulu County, HI",county,2025,12,1.5
"Honolulu County, HI",county,2025,13,1.7
"Honolulu County, HI",county,2025,14,1.6
"Honolulu County, HI",county,2025,15,1.7
"Honolulu County, HI",county,2025,16,2.0
"Honolulu County, HI",county,2025,17,2.6
"Honolulu County, HI",county,2025,18,3.0
"Honolulu County, HI",county,2025,19,3.2
"Honolulu County, HI",county,2025,20,8.4
"Honolulu County, HI",county,2025,21,18.3
"Honolulu County, HI",county,2025,22,27.5
"Honolulu County, HI",county,2025,23,35.3
"Houston, TX",city,2025,0,189.5
"Houston, TX",city,2025,1,155.5
"Houston, TX",city,2025,2,117.6
"Houston, TX",city,2025,3,82.2
"Houston, TX",city,2025,4,54.3
"Houston, TX",city,2025,5,37.5
"Houston, TX",city,2025,6,28.9
"Houston, TX",city,2025,7,22.0
"Houston, TX",city,2025,8,18.4
"Houston, TX",city,2025,9,17.3
"Houston, TX",city,2025,10,18.3
"Houston, TX",city,2025,11,20.7
"Houston, TX",city,2025,12,24.4
"Houston, TX",city,2025,13,27.3
"Houston, TX",city,2025,14,29.3
"Houston, TX",city,2025,15,33.6
"Houston, TX",city,2025,16,41.5
"Houston, TX",city,2025,17,54.5
"Houston, TX",city,2025,18,63.9
"Houston, TX",city,2025,19,68.6
"Houston, TX",city,2025,20,91.9
"Houston, TX",city,2025,21,130.3
"Houston, TX",city,2025,22,163.5
"Houston, TX",city,2025,23,189.5
"Independence, KS MO",city,2025,0,2.8
"Independence, KS MO",city,2025,1,2.3
"Independence, KS MO",city,2025,2,1.6
"Independence, KS MO",city,2025,3,1.0
"Independence, KS MO",city,2025,4,0.5
"Independence, KS MO",city,2025,5,0.2
"Independence, KS MO",city,2025,6,0.1
"Independence, KS MO",city,2025,7,0.0
"Independence, KS MO",city,2025,8,0.0
"Independence, KS MO",city,2025,9,0.0
"Independence, KS MO",city,2025,10,0.0
"Independence, KS MO",city,2025,11,0.0
"Independence, KS MO",city,2025,12,0.0
"Independence, KS MO",city,2025,13,0.0
"Independence, KS MO",city,2025,14,0.0
"Independence, KS MO",city,2025,15,0.0
"Independence, KS MO",city,2025,16,0.0
"Independence, KS MO",city,2025,17,0.0
"Independence, KS MO",city,2025,18,0.0
"Independence, KS MO",city,2025,19,0.0
"Independence, KS MO",city,2025,20,0.5
"Independence, KS MO",city,2025,21,1.2
"Independence, KS MO",city,2025,22,2.0
"Independence, KS MO",city,2025,23,2.7
"Indian River County, FL",county,2025,0,14.1
"Indian River County, FL",county,2025,1,11.2
"Indian River County, FL",county,2025,2,8.1
"Indian River County, FL",county,2025,3,4.9
"Indian River County, FL",county,2025,4,2.4
"Indian River County, FL",county,2025,5,0.9
"Indian River County, FL",county,2025,6,0.5
"Indian River County, FL",county,2025,7,0.2
"Indian River County, FL",county,2025,8,0.2
"Indian River County, FL",county,2025,9,0.1
"Indian River County, FL",county,2025,10,0.1
"Indian River County, FL",county,2025,11,0.1
"Indian River County, FL",county,2025,12,0.1
"Indian River County, FL",county,2025,13,0.2
"Indian River County, FL",county,2025,14,0.1
"Indian River County, FL",county,2025,15,0.0
"Indian River County, FL",county,2025,16,0.0
"Indian River County, FL",county,2025,17,0.0
"Indian River County, FL",county,2025,18,0.0
"Indian River County, FL",county,2025,19,0.0
"Indian River County, FL",county,2025,20,2.0
"Indian River County, FL",county,2025,21,6.0
"Indian River County, FL",county,2025,22,9.9
"Indian River County, FL",county,2025,23,13.2
"Iron County, UT",county,2025,0,2.0
"Iron County, UT",county,2025,1,1.6
"Iron County, UT",county,2025,2,1.1
"Iron County, UT",county,2025,3,0.7
"Iron County, UT",county,2025,4,0.3
"Iron County, UT",county,2025,5,0.1
"Iron County, UT",county,2025,6,0.1
"Iron County, UT",county,2025,7,0.0
"Iron County, UT",county,2025,8,0.0
"Iron County, UT",county,2025,9,0.0
"Iron County, UT",county,2025,10,0.0
"Iron County, UT",county,2025,11,0.0
"Iron County, UT",county,2025,12,0.0
"Iron County, UT",county,2025,13,0.0
"Iron County, UT",county,2025,14,0.0
"Iron County, UT",county,2025,15,0.0
"Iron County, UT",county,2025,16,0.0
"Iron County, UT",county,2025,17,0.0
"Iron County, UT",county,2025,18,0.0
"Iron County, UT",county,2025,19,0.0
"Iron County, UT",county,2025,20,0.3
"Iron County, UT",county,2025,21,0.9
"Iron County, UT",county,2025,22,1.5
"Iron County, UT",county,2025,23,1.9
"Irving, TX",city,2025,0,1.4
"Irving, TX",city,2025,1,1.2
"Irving, TX",city,2025,2,1.0
"Irving, TX",city,2025,3,0.9
"Irving, TX",city,2025,4,0.9
"Irving, TX",city,2025,5,0.8
"Irving, TX",city,2025,6,0.7
"Irving, TX",city,2025,7,0.6
"Irving, TX",city,2025,8,0.5
"Irving, TX",city,2025,9,0.5
"Irving, TX",city,2025,10,0.5
"Irving, TX",city,2025,11,0.6
"Irving, TX",city,2025,12,0.7
"Irving, TX",city,2025,13,0.7
"Irving, TX",city,2025,14,0.8
"Irving, TX",city,2025,15,0.9
"Irving, TX",city,2025,16,1.1
"Irving, TX",city,2025,17,1.6
"Irving, TX",city,2025,18,1.8
"Irving, TX",city,2025,19,1.9
"Irving, TX",city,2025,20,2.0
"Irving, TX",city,2025,21,2.0
"Irving, TX",city,2025,22,1.8
"Irving, TX",city,2025,23,1.7
"Jackson, ID MT WY",city,2025,0,3.1
"Jackson, ID MT WY",city,2025,1,2.7
"Jackson, ID MT WY",city,2025,2,2.4
"Jackson, ID MT WY",city,2025,3,2.2
"Jackson, ID MT WY",city,2025,4,1.9
"Jackson, ID MT WY",city,2025,5,1.7
"Jackson, ID MT WY",city,2025,6,1.6
"Jackson, ID MT WY",city,2025,7,1.2
"Jackson, ID MT WY",city,2025,8,1.0
"Jackson, ID MT WY",city,2025,9,1.0
"Jackson, ID MT WY",city,2025,10,1.0
"Jackson, ID MT WY",city,2025,11,1.2
"Jackson, ID MT WY",city,2025,12,1.4
"Jackson, ID MT WY",city,2025,13,1.6
"Jackson, ID MT WY",city,2025,14,1.7
"Jackson, ID MT WY",city,2025,15,2.0
"Jackson, ID MT WY",city,2025,16,2.5
"Jackson, ID MT WY",city,2025,17,3.4
"Jackson, ID MT WY",city,2025,18,4.0
"Jackson, ID MT WY",city,2025,19,4.2
"Jackson, ID MT WY",city,2025,20,4.4
"Jackson, ID MT WY",city,2025,21,4.3
"Jackson, ID MT WY",city,2025,22,4.1
"Jackson, ID MT WY",city,2025,23,3.6
"Jefferson County, AL",county,2025,0,21.0
"Jefferson County, AL",county,2025,1,18.4
"Jefferson County, AL",county,2025,2,16.1
"Jefferson County, AL",county,2025,3,14.5
"Jefferson County, AL",county,2025,4,13.2
"Jefferson County, AL",county,2025,5,11.9
"Jefferson County, AL",county,2025,6,10.6
"Jefferson County, AL",county,2025,7,8.4
"Jefferson County, AL",county,2025,8,7.0
"Jefferson County, AL",county,2025,9,6.8
"Jefferson County, AL",county,2025,10,7.3
"Jefferson County, AL",county,2025,11,8.4
"Jefferson County, AL",county,2025,12,9.7
"Jefferson County, AL",county,2025,13,10.8
"Jefferson County, AL",county,2025,14,12.0
"Jefferson County, AL",county,2025,15,14.2
"Jefferson County, AL",county,2025,16,17.6
"Jefferson County, AL",county,2025,17,23.2
"Jefferson County, AL",county,2025,18,27.3
"Jefferson County, AL",county,2025,19,29.3
"Jefferson County, AL",county,2025,20,30.6
"Jefferson County, AL",county,2025,21,30.0
"Jefferson County, AL",county,2025,22,27.8
"Jefferson County, AL",county,2025,23,24.9
"Jefferson County, WA",county,2025,0,10.2
"Jefferson County, WA",county,2025,1,8.6
"Jefferson County, WA",county,2025,2,6.8
"Jefferson County, WA",county,2025,3,5.3
"Jefferson County, WA",county,2025,4,4.1
"Jefferson County, WA",county,2025,5,3.3
"Jefferson County, WA",county,2025,6,2.7
"Jefferson County, WA",county,2025,7,2.2
"Jefferson County, WA",county,2025,8,1.8
"Jefferson County, WA",county,2025,9,1.7
"Jefferson County, WA",county,2025,10,1.8
"Jefferson County, WA",county,2025,11,2.0
"Jefferson County, WA",county,2025,12,2.4
"Jefferson County, WA",county,2025,13,2.7
"Jefferson County, WA",county,2025,14,3.0
"Jefferson County, WA",county,2025,15,3.4
"Jefferson County, WA",county,2025,16,4.3
"Jefferson County, WA",county,2025,17,5.6
"Jefferson County, WA",county,2025,18,6.6
"Jefferson County, WA",county,2025,19,7.0
"Jefferson County, WA",county,2025,20,8.2
"Jefferson County, WA",county,2025,21,9.4
"Jefferson County, WA",county,2025,22,10.3
"Jefferson County, WA",county,2025,23,10.9
"Jefferson County, WI",county,2025,0,1.7
"Jefferson County, WI",county,2025,1,1.5
"Jefferson County, WI",county,2025,2,1.2
"Jefferson County, WI",county,2025,3,1.1
"Jefferson County, WI",county,2025,4,1.0
"Jefferson County, WI",county,2025,5,0.9
"Jefferson County, WI",county,2025,6,0.8
"Jefferson County, WI",county,2025,7,0.7
"Jefferson County, WI",county,2025,8,0.6
"Jefferson County, WI",county,2025,9,0.6
"Jefferson County, WI",county,2025,10,0.6
"Jefferson County, WI",county,2025,11,0.7
"Jefferson County, WI",county,2025,12,0.8
"Jefferson County, WI",county,2025,13,0.9
"Jefferson County, WI",county,2025,14,0.9
"Jefferson County, WI",county,2025,15,1.1
"Jefferson County, WI",county,2025,16,1.4
"Jefferson County, WI",county,2025,17,1.8
"Jefferson County, WI",county,2025,18,2.2
"Jefferson County, WI",county,2025,19,2.4
"Jefferson County, WI",county,2025,20,2.4
"Jefferson County, WI",county,2025,21,2.4
"Jefferson County, WI",county,2025,22,2.3
"Jefferson County, WI",county,2025,23,2.0
"Johnson County, KS MO",county,2025,0,7.0
"Johnson County, KS MO",county,2025,1,5.8
"Johnson County, KS MO",county,2025,2,4.4
"Johnson County, KS MO",county,2025,3,3.1
"Johnson County, KS MO",county,2025,4,2.0
"Johnson County, KS MO",county,2025,5,1.5
"Johnson County, KS MO",county,2025,6,1.1
"Johnson County, KS MO",county,2025,7,0.9
"Johnson County, KS MO",county,2025,8,0.7
"Johnson County, KS MO",county,2025,9,0.7
"Johnson County, KS MO",county,2025,10,0.7
"Johnson County, KS MO",county,2025,11,0.8
"Johnson County, KS MO",county,2025,12,0.9
"Johnson County, KS MO",county,2025,13,1.0
"Johnson County, KS MO",county,2025,14,1.1
"Johnson County, KS MO",county,2025,15,1.2
"Johnson County, KS MO",county,2025,16,1.6
"Johnson County, KS MO",county,2025,17,2.2
"Johnson County, KS MO",county,2025,18,2.5
"Johnson County, KS MO",county,2025,19,2.7
"Johnson County, KS MO",county,2025,20,3.5
"Johnson County, KS MO",county,2025,21,4.9
"Johnson County, KS MO",county,2025,22,6.1
"Johnson County, KS MO",county,2025,23,7.0
"Kansas City, KS MO",city,2025,0,37.8
"Kansas City, KS MO",city,2025,1,30.5
"Kansas City, KS MO",city,2025,2,22.2
"Kansas City, KS MO",city,2025,3,14.2
"Kansas City, KS MO",city,2025,4,7.8
"Kansas City, KS MO",city,2025,5,4.3
"Kansas City, KS MO",city,2025,6,2.7
"Kansas City, KS MO",city,2025,7,1.9
"Kansas City, KS MO",city,2025,8,1.6
"Kansas City, KS MO",city,2025,9,1.5
"Kansas City, KS MO",city,2025,10,1.5
"Kansas City, KS MO",city,2025,11,1.6
"Kansas City, KS MO",city,2025,12,2.0
"Kansas City, KS MO",city,2025,13,2.3
"Kansas City, KS MO",city,2025,14,2.3
"Kansas City, KS MO",city,2025,15,2.4
"Kansas City, KS MO",city,2025,16,3.0
"Kansas City, KS MO",city,2025,17,3.9
"Kansas City, KS MO",city,2025,18,4.4
"Kansas City, KS MO",city,2025,19,4.8
"Kansas City, KS MO",city,2025,20,10.0
"Kansas City, KS MO",city,2025,21,19.7
"Kansas City, KS MO",city,2025,22,28.6
"Kansas City, KS MO",city,2025,23,36.2
"Keene, NH",city,2025,0,1.5
"Keene, NH",city,2025,1,1.4
"Keene, NH",city,2025,2,1.1
"Keene, NH",city,2025,3,1.0
"Keene, NH",city,2025,4,0.9
"Keene, NH",city,2025,5,0.9
"Keene, NH",city,2025,6,0.8
"Keene, NH",city,2025,7,0.6
"Keene, NH",city,2025,8,0.5
"Keene, NH",city,2025,9,0.5
"Keene, NH",city,2025,10,0.6
"Keene, NH",city,2025,11,0.6
"Keene, NH",city,2025,12,0.7
"Keene, NH",city,2025,13,0.8
"Keene, NH",city,2025,14,0.9
"Keene, NH",city,2025,15,1.0
"Keene, NH",city,2025,16,1.2
"Keene, NH",city,2025,17,1.6
"Keene, NH",city,2025,18,1.9
"Keene, NH",city,2025,19,2.0
"Keene, NH",city,2025,20,2.2
"Keene, NH",city,2025,21,2.2
"Keene, NH",city,2025,22,2.0
"Keene, NH",city,2025,23,1.8
"Kern County, CA",county,2025,0,14.3
"Kern County, CA",county,2025,1,11.5
"Kern County, CA",county,2025,2,8.2
"Kern County, CA",county,2025,3,5.1
"Kern County, CA",county,2025,4,2.6
"Kern County, CA",county,2025,5,1.2
"Kern County, CA",county,2025,6,0.7
"Kern County, CA",county,2025,7,0.5
"Kern County, CA",county,2025,8,0.3
"Kern County, CA",county,2025,9,0.2
"Kern County, CA",county,2025,10,0.2
"Kern County, CA",county,2025,11,0.3
"Kern County, CA",county,2025,12,0.3
"Kern County, CA",county,2025,13,0.5
"Kern County, CA",county,2025,14,0.3
"Kern County, CA",county,2025,15,0.3
"Kern County, CA",county,2025,16,0.3
"Kern County, CA",county,2025,17,0.6
"Kern County, CA",county,2025,18,0.6
"Kern County, CA",county,2025,19,0.7
"Kern County, CA",county,2025,20,2.7
"Kern County, CA",county,2025,21,6.6
"Kern County, CA",county,2025,22,10.3
"Kern County, CA",county,2025,23,13.5
"King County, WA",county,2025,0,13.4
"King County, WA",county,2025,1,11.7
"King County, WA",county,2025,2,10.2
"King County, WA",county,2025,3,9.2
"King County, WA",county,2025,4,8.3
"King County, WA",county,2025,5,7.5
"King County, WA",county,2025,6,6.6
"King County, WA",county,2025,7,5.3
"King County, WA",county,2025,8,4.4
"King County, WA",county,2025,9,4.3
"King County, WA",county,2025,10,4.7
"King County, WA",county,2025,11,5.2
"King County, WA",county,2025,12,6.1
"King County, WA",county,2025,13,6.8
"King County, WA",county,2025,14,7.6
"King County, WA",county,2025,15,8.9
"King County, WA",county,2025,16,11.1
"King County, WA",county,2025,17,14.5
"King County, WA",county,2025,18,17.2
"King County, WA",county,2025,19,18.4
"King County, WA",county,2025,20,19.2
"King County, WA",county,2025,21,18.9
"King County, WA",county,2025,22,17.6
"King County, WA",county,2025,23,15.7
"Kings County, CA",county,2025,0,7.7
"Kings County, CA",county,2025,1,6.8
"Kings County, CA",county,2025,2,5.9
"Kings County, CA",county,2025,3,5.3
"Kings County, CA",county,2025,4,4.8
"Kings County, CA",county,2025,5,4.4
"Kings County, CA",county,2025,6,3.9
"Kings County, CA",county,2025,7,3.1
"Kings County, CA",county,2025,8,2.6
"Kings County, CA",county,2025,9,2.5
"Kings County, CA",county,2025,10,2.7
"Kings County, CA",county,2025,11,3.1
"Kings County, CA",county,2025,12,3.5
"Kings County, CA",county,2025,13,4.0
"Kings County, CA",county,2025,14,4.4
"Kings County, CA",county,2025,15,5.2
"Kings County, CA",county,2025,16,6.5
"Kings County, CA",county,2025,17,8.5
"Kings County, CA",county,2025,18,10.0
"Kings County, CA",county,2025,19,10.8
"Kings County, CA",county,2025,20,11.2
"Kings County, CA",county,2025,21,11.0
"Kings County, CA",county,2025,22,10.2
"Kings County, CA",county,2025,23,9.1
"Kirkland, WA",city,2025,0,2.5
"Kirkland, WA",city,2025,1,2.2
"Kirkland, WA",city,2025,2,1.9
"Kirkland, WA",city,2025,3,1.7
"Kirkland, WA",city,2025,4,1.6
"Kirkland, WA",city,2025,5,1.4
"Kirkland, WA",city,2025,6,1.2
"Kirkland, WA",city,2025,7,1.0
"Kirkland, WA",city,2025,8,0.8
"Kirkland, WA",city,2025,9,0.8
"Kirkland, WA",city,2025,10,0.9
"Kirkland, WA",city,2025,11,1.0
"Kirkland, WA",city,2025,12,1.1
"Kirkland, WA",city,2025,13,1.2
"Kirkland, WA",city,2025,14,1.5
"Kirkland, WA",city,2025,15,1.7
"Kirkland, WA",city,2025,16,2.2
"Kirkland, WA",city,2025,17,2.7
"Kirkland, WA",city,2025,18,3.3
"Kirkland, WA",city,2025,19,3.5
"Kirkland, WA",city,2025,20,3.6
"Kirkland, WA",city,2025,21,3.5
"Kirkland, WA",city,2025,22,3.3
"Kirkland, WA",city,2025,23,3.0
"Kitsap County, WA",county,2025,0,89.9
"Kitsap County, WA",county,2025,1,71.9
"Kitsap County, WA",county,2025,2,51.4
"Kitsap County, WA",county,2025,3,31.1
"Kitsap County, WA",county,2025,4,15.3
"Kitsap County, WA",county,2025,5,6.5
"Kitsap County, WA",county,2025,6,3.0
"Kitsap County, WA",county,2025,7,1.8
"Kitsap County, WA",county,2025,8,1.5
"Kitsap County, WA",county,2025,9,1.1
"Kitsap County, WA",county,2025,10,1.0
"Kitsap County, WA",county,2025,11,1.0
"Kitsap County, WA",county,2025,12,1.4
"Kitsap County, WA",county,2025,13,1.7
"Kitsap County, WA",county,2025,14,1.1
"Kitsap County, WA",county,2025,15,0.8
"Kitsap County, WA",county,2025,16,0.7
"Kitsap County, WA",county,2025,17,0.9
"Kitsap County, WA",county,2025,18,1.0
"Kitsap County, WA",county,2025,19,1.0
"Kitsap County, WA",county,2025,20,14.0
"Kitsap County, WA",county,2025,21,39.3
"Kitsap County, WA",county,2025,22,63.5
"Kitsap County, WA",county,2025,23,84.4
"Knox County, TN",county,2025,0,1.6
"Knox County, TN",county,2025,1,1.4
"Knox County, TN",county,2025,2,1.2
"Knox County, TN",county,2025,3,1.1
"Knox County, TN",county,2025,4,1.0
"Knox County, TN",county,2025,5,0.9
"Knox County, TN",county,2025,6,0.8
"Knox County, TN",county,2025,7,0.7
"Knox County, TN",county,2025,8,0.6
"Knox County, TN",county,2025,9,0.6
"Knox County, TN",county,2025,10,0.6
"Knox County, TN",county,2025,11,0.7
"Knox County, TN",county,2025,12,0.7
"Knox County, TN",county,2025,13,0.8
"Knox County, TN",county,2025,14,0.9
"Knox County, TN",county,2025,15,1.0
"Knox County, TN",county,2025,16,1.4
"Knox County, TN",county,2025,17,1.7
"Knox County, TN",county,2025,18,2.0
"Knox County, TN",county,2025,19,2.2
"Knox County, TN",county,2025,20,2.3
"Knox County, TN",county,2025,21,2.3
"Knox County, TN",county,2025,22,2.0
"Knox County, TN",county,2025,23,1.8
"La Pine, OR WA",city,2025,0,5.0
"La Pine, OR WA",city,2025,1,4.0
"La Pine, OR WA",city,2025,2,2.8
"La Pine, OR WA",city,2025,3,1.7
"La Pine, OR WA",city,2025,4,0.8
"La Pine, OR WA",city,2025,5,0.3
"La Pine, OR WA",city,2025,6,0.1
"La Pine, OR WA",city,2025,7,0.1
"La Pine, OR WA",city,2025,8,0.1
"La Pine, OR WA",city,2025,9,0.0
"La Pine, OR WA",city,2025,10,0.0
"La Pine, OR WA",city,2025,11,0.0
"La Pine, OR WA",city,2025,12,0.1
"La Pine, OR WA",city,2025,13,0.1
"La Pine, OR WA",city,2025,14,0.0
"La Pine, OR WA",city,2025,15,0.0
"La Pine, OR WA",city,2025,16,0.0
"La Pine, OR WA",city,2025,17,0.0
"La Pine, OR WA",city,2025,18,0.0
"La Pine, OR WA",city,2025,19,0.0
"La Pine, OR WA",city,2025,20,0.7
"La Pine, OR WA",city,2025,21,2.2
"La Pine, OR WA",city,2025,22,3.5
"La Pine, OR WA",city,2025,23,4.7
"Lafourche Parish, LA",county,2025,0,3.1
"Lafourche Parish, LA",county,2025,1,2.4
"Lafourche Parish, LA",county,2025,2,1.7
"Lafourche Parish, LA",county,2025,3,1.0
"Lafourche Parish, LA",county,2025,4,0.6
"Lafourche Parish, LA",county,2025,5,0.2
"Lafourche Parish, LA",county,2025,6,0.1
"Lafourche Parish, LA",county,2025,7,0.1
"Lafourche Parish, LA",county,2025,8,0.0
"Lafourche Parish, LA",county,2025,9,0.0
"Lafourche Parish, LA",county,2025,10,0.0
"Lafourche Parish, LA",county,2025,11,0.0
"Lafourche Parish, LA",county,2025,12,0.0
"Lafourche Parish, LA",county,2025,13,0.0
"Lafourche Parish, LA",county,2025,14,0.0
"Lafourche Parish, LA",county,2025,15,0.0
"Lafourche Parish, LA",county,2025,16,0.0
"Lafourche Parish, LA",county,2025,17,0.0
"Lafourche Parish, LA",county,2025,18,0.0
"Lafourche Parish, LA",county,2025,19,0.0
"Lafourche Parish, LA",county,2025,20,0.5
"Lafourche Parish, LA",county,2025,21,1.2
"Lafourche Parish, LA",county,2025,22,2.2
"Lafourche Parish, LA",county,2025,23,2.8
"Lake Jackson, TX",city,2025,0,3.4
"Lake Jackson, TX",city,2025,1,3.0
"Lake Jackson, TX",city,2025,2,2.6
"Lake Jackson, TX",city,2025,3,2.3
"Lake Jackson, TX",city,2025,4,2.2
"Lake Jackson, TX",city,2025,5,1.9
"Lake Jackson, TX",city,2025,6,1.7
"Lake Jackson, TX",city,2025,7,1.4
"Lake Jackson, TX",city,2025,8,1.1
"Lake Jackson, TX",city,2025,9,1.0
"Lake Jackson, TX",city,2025,10,1.1
"Lake Jackson, TX",city,2025,11,1.4
"Lake Jackson, TX",city,2025,12,1.6
"Lake Jackson, TX",city,2025,13,1.7
"Lake Jackson, TX",city,2025,14,1.9
"Lake Jackson, TX",city,2025,15,2.3
"Lake Jackson, TX",city,2025,16,2.8
"Lake Jackson, TX",city,2025,17,3.8
"Lake Jackson, TX",city,2025,18,4.3
"Lake Jackson, TX",city,2025,19,4.7
"Lake Jackson, TX",city,2025,20,4.9
"Lake Jackson, TX",city,2025,21,4.8
"Lake Jackson, TX",city,2025,22,4.4
"Lake Jackson, TX",city,2025,23,4.0
"Lane County, OR WA",county,2025,0,1.9
"Lane County, OR WA",county,2025,1,1.7
"Lane County, OR WA",county,2025,2,1.5
"Lane County, OR WA",county,2025,3,1.4
"Lane County, OR WA",county,2025,4,1.2
"Lane County, OR WA",county,2025,5,1.1
"Lane County, OR WA",county,2025,6,1.0
"Lane County, OR WA",county,2025,7,0.8
"Lane County, OR WA",county,2025,8,0.7
"Lane County, OR WA",county,2025,9,0.7
"Lane County, OR WA",county,2025,10,0.7
"Lane County, OR WA",county,2025,11,0.8
"Lane County, OR WA",county,2025,12,0.9
"Lane County, OR WA",county,2025,13,1.0
"Lane County, OR WA",county,2025,14,1.1
"Lane County, OR WA",county,2025,15,1.4
"Lane County, OR WA",county,2025,16,1.7
"Lane County, OR WA",county,2025,17,2.2
"Lane County, OR WA",county,2025,18,2.5
"Lane County, OR WA",county,2025,19,2.7
"Lane County, OR WA",county,2025,20,2.8
"Lane County, OR WA",county,2025,21,2.8
"Lane County, OR WA",county,2025,22,2.6
"Lane County, OR WA",county,2025,23,2.3
"Lawrence, KS MO",city,2025,0,2.8
"Lawrence, KS MO",city,2025,1,2.5
"Lawrence, KS MO",city,2025,2,2.2
"Lawrence, KS MO",city,2025,3,2.0
"Lawrence, KS MO",city,2025,4,1.8
"Lawrence, KS MO",city,2025,5,1.6
"Lawrence, KS MO",city,2025,6,1.5
"Lawrence, KS MO",city,2025,7,1.1
"Lawrence, KS MO",city,2025,8,0.9
"Lawrence, KS MO",city,2025,9,0.9
"Lawrence, KS MO",city,2025,10,1.0
"Lawrence, KS MO",city,2025,11,1.1
"Lawrence, KS MO",city,2025,12,1.4
"Lawrence, KS MO",city,2025,13,1.5
"Lawrence, KS MO",city,2025,14,1.7
"Lawrence, KS MO",city,2025,15,1.9
"Lawrence, KS MO",city,2025,16,2.4
"Lawrence, KS MO",city,2025,17,3.2
"Lawrence, KS MO",city,2025,18,3.8
"Lawrence, KS MO",city,2025,19,4.0
"Lawrence, KS MO",city,2025,20,4.2
"Lawrence, KS MO",city,2025,21,4.1
"Lawrence, KS MO",city,2025,22,3.9
"Lawrence, KS MO",city,2025,23,3.4
"Lebanon, TN",city,2025,0,7.0
"Lebanon, TN",city,2025,1,6.1
"Lebanon, TN",city,2025,2,5.3
"Lebanon, TN",city,2025,3,4.9
"Lebanon, TN",city,2025,4,4.4
"Lebanon, TN",city,2025,5,4.0
"Lebanon, TN",city,2025,6,3.5
"Lebanon, TN",city,2025,7,2.8
"Lebanon, TN",city,2025,8,2.4
"Lebanon, TN",city,2025,9,2.3
"Lebanon, TN",city,2025,10,2.4
"Lebanon, TN",city,2025,11,2.8
"Lebanon, TN",city,2025,12,3.2
"Lebanon, TN",city,2025,13,3.6
"Lebanon, TN",city,2025,14,4.0
"Lebanon, TN",city,2025,15,4.8
"Lebanon, TN",city,2025,16,5.9
"Lebanon, TN",city,2025,17,7.7
"Lebanon, TN",city,2025,18,9.1
"Lebanon, TN",city,2025,19,9.8
"Lebanon, TN",city,2025,20,10.2
"Lebanon, TN",city,2025,21,10.0
"Lebanon, TN",city,2025,22,9.3
"Lebanon, TN",city,2025,23,8.3
"Lee County, AL",county,2025,0,1.8
"Lee County, AL",county,2025,1,1.6
"Lee County, AL",county,2025,2,1.4
"Lee County, AL",county,2025,3,1.2
"Lee County, AL",county,2025,4,1.1
"Lee County, AL",county,2025,5,1.0
"Lee County, AL",county,2025,6,0.9
"Lee County, AL",county,2025,7,0.8
"Lee County, AL",county,2025,8,0.7
"Lee County, AL",county,2025,9,0.6
"Lee County, AL",county,2025,10,0.7
"Lee County, AL",county,2025,11,0.8
"Lee County, AL",county,2025,12,0.9
"Lee County, AL",county,2025,13,0.9
"Lee County, AL",county,2025,14,1.0
"Lee County, AL",county,2025,15,1.2
"Lee County, AL",county,2025,16,1.6
"Lee County, AL",county,2025,17,2.0
"Lee County, AL",county,2025,18,2.4
"Lee County, AL",county,2025,19,2.6
"Lee County, AL",county,2025,20,2.7
"Lee County, AL",county,2025,21,2.6
"Lee County, AL",county,2025,22,2.5
"Lee County, AL",county,2025,23,2.2
"Lee's Summit, KS MO",city,2025,0,18.9
"Lee's Summit, KS MO",city,2025,1,15.2
"Lee's Summit, KS MO",city,2025,2,11.0
"Lee's Summit, KS MO",city,2025,3,7.0
"Lee's Summit, KS MO",city,2025,4,3.9
"Lee's Summit, KS MO",city,2025,5,2.0
"Lee's Summit, KS MO",city,2025,6,1.2
"Lee's Summit, KS MO",city,2025,7,0.9
"Lee's Summit, KS MO",city,2025,8,0.8
"Lee's Summit, KS MO",city,2025,9,0.7
"Lee's Summit, KS MO",city,2025,10,0.7
"Lee's Summit, KS MO",city,2025,11,0.8
"Lee's Summit, KS MO",city,2025,12,0.9
"Lee's Summit, KS MO",city,2025,13,1.0
"Lee's Summit, KS MO",city,2025,14,1.0
"Lee's Summit, KS MO",city,2025,15,1.0
"Lee's Summit, KS MO",city,2025,16,1.2
"Lee's Summit, KS MO",city,2025,17,1.7
"Lee's Summit, KS MO",city,2025,18,1.9
"Lee's Summit, KS MO",city,2025,19,2.2
"Lee's Summit, KS MO",city,2025,20,4.8
"Lee's Summit, KS MO",city,2025,21,9.7
"Lee's Summit, KS MO",city,2025,22,14.2
"Lee's Summit, KS MO",city,2025,23,18.1
"Lehigh County, PA",county,2025,0,11.7
"Lehigh County, PA",county,2025,1,9.4
"Lehigh County, PA",county,2025,2,6.7
"Lehigh County, PA",county,2025,3,4.0
"Lehigh County, PA",county,2025,4,1.9
"Lehigh County, PA",county,2025,5,0.8
"Lehigh County, PA",county,2025,6,0.3
"Lehigh County, PA",county,2025,7,0.2
"Lehigh County, PA",county,2025,8,0.1
"Lehigh County, PA",county,2025,9,0.1
"Lehigh County, PA",county,2025,10,0.1
"Lehigh County, PA",county,2025,11,0.1
"Lehigh County, PA",county,2025,12,0.1
"Lehigh County, PA",county,2025,13,0.1
"Lehigh County, PA",county,2025,14,0.1
"Lehigh County, PA",county,2025,15,0.0
"Lehigh County, PA",county,2025,16,0.0
"Lehigh County, PA",county,2025,17,0.0
"Lehigh County, PA",county,2025,18,0.0
"Lehigh County, PA",county,2025,19,0.0
"Lehigh County, PA",county,2025,20,1.7
"Lehigh County, PA",county,2025,21,5.0
"Lehigh County, PA",county,2025,22,8.2
"Lehigh County, PA",county,2025,23,11.0
"Lewisville, TX",city,2025,0,2.8
"Lewisville, TX",city,2025,1,2.5
"Lewisville, TX",city,2025,2,2.2
"Lewisville, TX",city,2025,3,1.9
"Lewisville, TX",city,2025,4,1.8
"Lewisville, TX",city,2025,5,1.6
"Lewisville, TX",city,2025,6,1.4
"Lewisville, TX",city,2025,7,1.1
"Lewisville, TX",city,2025,8,0.9
"Lewisville, TX",city,2025,9,0.9
"Lewisville, TX",city,2025,10,1.0
"Lewisville, TX",city,2025,11,1.1
"Lewisville, TX",city,2025,12,1.2
"Lewisville, TX",city,2025,13,1.5
"Lewisville, TX",city,2025,14,1.6
"Lewisville, TX",city,2025,15,1.9
"Lewisville, TX",city,2025,16,2.4
"Lewisville, TX",city,2025,17,3.1
"Lewisville, TX",city,2025,18,3.6
"Lewisville, TX",city,2025,19,3.9
"Lewisville, TX",city,2025,20,4.1
"Lewisville, TX",city,2025,21,4.0
"Lewisville, TX",city,2025,22,3.8
"Lewisville, TX",city,2025,23,3.3
"Litchfield County, CT",county,2025,0,13.1
"Litchfield County, CT",county,2025,1,10.9
"Litchfield County, CT",county,2025,2,8.6
"Litchfield County, CT",county,2025,3,6.6
"Litchfield County, CT",county,2025,4,4.9
"Litchfield County, CT",county,2025,5,3.9
"Litchfield County, CT",county,2025,6,3.2
"Litchfield County, CT",county,2025,7,2.5
"Litchfield County, CT",county,2025,8,2.0
"Litchfield County, CT",county,2025,9,1.9
"Litchfield County, CT",county,2025,10,2.2
"Litchfield County, CT",county,2025,11,2.4
"Litchfield County, CT",county,2025,12,2.8
"Litchfield County, CT",county,2025,13,3.2
"Litchfield County, CT",county,2025,14,3.4
"Litchfield County, CT",county,2025,15,4.0
"Litchfield County, CT",county,2025,16,5.0
"Litchfield County, CT",county,2025,17,6.5
"Litchfield County, CT",county,2025,18,7.6
"Litchfield County, CT",county,2025,19,8.2
"Litchfield County, CT",county,2025,20,9.7
"Litchfield County, CT",county,2025,21,11.5
"Litchfield County, CT",county,2025,22,12.8
"Litchfield County, CT",county,2025,23,13.8
"Little Rock, AR",city,2025,0,8.4
"Little Rock, AR",city,2025,1,7.4
"Little Rock, AR",city,2025,2,6.5
"Little Rock, AR",city,2025,3,5.8
"Little Rock, AR",city,2025,4,5.2
"Little Rock, AR",city,2025,5,4.8
"Little Rock, AR",city,2025,6,4.2
"Little Rock, AR",city,2025,7,3.4
"Little Rock, AR",city,2025,8,2.8
"Little Rock, AR",city,2025,9,2.7
"Little Rock, AR",city,2025,10,3.0
"Little Rock, AR",city,2025,11,3.4
"Little Rock, AR",city,2025,12,3.9
"Little Rock, AR",city,2025,13,4.3
"Little Rock, AR",city,2025,14,4.8
"Little Rock, AR",city,2025,15,5.7
"Little Rock, AR",city,2025,16,7.0
"Little Rock, AR",city,2025,17,9.3
"Little Rock, AR",city,2025,18,10.9
"Little Rock, AR",city,2025,19,11.7
"Little Rock, AR",city,2025,20,12.3
"Little Rock, AR",city,2025,21,11.9
"Little Rock, AR",city,2025,22,11.1
"Little Rock, AR",city,2025,23,9.9
"Livermore, CA",city,2025,0,6.2
"Livermore, CA",city,2025,1,5.1
"Livermore, CA",city,2025,2,3.9
"Livermore, CA",city,2025,3,2.7
"Livermore, CA",city,2025,4,1.8
"Livermore, CA",city,2025,5,1.2
"Livermore, CA",city,2025,6,1.0
"Livermore, CA",city,2025,7,0.8
"Livermore, CA",city,2025,8,0.7
"Livermore, CA",city,2025,9,0.6
"Livermore, CA",city,2025,10,0.7
"Livermore, CA",city,2025,11,0.7
"Livermore, CA",city,2025,12,0.8
"Livermore, CA",city,2025,13,0.9
"Livermore, CA",city,2025,14,1.0
"Livermore, CA",city,2025,15,1.1
"Livermore, CA",city,2025,16,1.5
"Livermore, CA",city,2025,17,1.9
"Livermore, CA",city,2025,18,2.3
"Livermore, CA",city,2025,19,2.4
"Livermore, CA",city,2025,20,3.2
"Livermore, CA",city,2025,21,4.4
"Livermore, CA",city,2025,22,5.5
"Livermore, CA",city,2025,23,6.2
"Logan County, CO",county,2025,0,23.4
"Logan County, CO",county,2025,1,20.6
"Logan County, CO",county,2025,2,18.0
"Logan County, CO",county,2025,3,16.1
"Logan County, CO",county,2025,4,14.7
"Logan County, CO",county,2025,5,13.3
"Logan County, CO",county,2025,6,11.7
"Logan County, CO",county,2025,7,9.3
"Logan County, CO",county,2025,8,7.8
"Logan County, CO",county,2025,9,7.5
"Logan County, CO",county,2025,10,8.2
"Logan County, CO",county,2025,11,9.3
"Logan County, CO",county,2025,12,10.8
"Logan County, CO",county,2025,13,11.9
"Logan County, CO",county,2025,14,13.4
"Logan County, CO",county,2025,15,15.8
"Logan County, CO",county,2025,16,19.7
"Logan County, CO",county,2025,17,25.8
"Logan County, CO",county,2025,18,30.2
"Logan County, CO",county,2025,19,32.6
"Logan County, CO",county,2025,20,34.0
"Logan County, CO",county,2025,21,33.3
"Logan County, CO",county,2025,22,30.9
"Logan County, CO",county,2025,23,27.6
"Long Beach, CA",city,2025,0,44.4
"Long Beach, CA",city,2025,1,38.1
"Long Beach, CA",city,2025,2,31.5
"Long Beach, CA",city,2025,3,26.1
"Long Beach, CA",city,2025,4,21.8
"Long Beach, CA",city,2025,5,18.8
"Long Beach, CA",city,2025,6,16.1
"Long Beach, CA",city,2025,7,12.7
"Long Beach, CA",city,2025,8,10.7
"Long Beach, CA",city,2025,9,10.2
"Long Beach, CA",city,2025,10,11.0
"Long Beach, CA",city,2025,11,12.6
"Long Beach, CA",city,2025,12,14.7
"Long Beach, CA",city,2025,13,16.2
"Long Beach, CA",city,2025,14,18.2
"Long Beach, CA",city,2025,15,21.2
"Long Beach, CA",city,2025,16,26.4
"Long Beach, CA",city,2025,17,34.7
"Long Beach, CA",city,2025,18,40.7
"Long Beach, CA",city,2025,19,43.8
"Long Beach, CA",city,2025,20,47.6
"Long Beach, CA",city,2025,21,50.3
"Long Beach, CA",city,2025,22,50.7
"Long Beach, CA",city,2025,23,49.3
"Longmont, CO",city,2025,0,3.5
"Longmont, CO",city,2025,1,3.0
"Longmont, CO",city,2025,2,2.5
"Longmont, CO",city,2025,3,2.2
"Longmont, CO",city,2025,4,1.8
"Longmont, CO",city,2025,5,1.6
"Longmont, CO",city,2025,6,1.4
"Longmont, CO",city,2025,7,1.0
"Longmont, CO",city,2025,8,0.9
"Longmont, CO",city,2025,9,0.9
"Longmont, CO",city,2025,10,0.9
"Longmont, CO",city,2025,11,1.0
"Longmont, CO",city,2025,12,1.2
"Longmont, CO",city,2025,13,1.4
"Longmont, CO",city,2025,14,1.5
"Longmont, CO",city,2025,15,1.8
"Longmont, CO",city,2025,16,2.2
"Longmont, CO",city,2025,17,2.8
"Longmont, CO",city,2025,18,3.4
"Longmont, CO",city,2025,19,3.6
"Longmont, CO",city,2025,20,4.0
"Longmont, CO",city,2025,21,4.1
"Longmont, CO",city,2025,22,4.1
"Longmont, CO",city,2025,23,3.9
"Longview, OR WA",city,2025,0,7.3
"Longview, OR WA",city,2025,1,5.8
"Longview, OR WA",city,2025,2,4.2
"Longview, OR WA",city,2025,3,2.7
"Longview, OR WA",city,2025,4,1.5
"Longview, OR WA",city,2025,5,0.8
"Longview, OR WA",city,2025,6,0.5
"Longview, OR WA",city,2025,7,0.3
"Longview, OR WA",city,2025,8,0.2
"Longview, OR WA",city,2025,9,0.2
"Longview, OR WA",city,2025,10,0.2
"Longview, OR WA",city,2025,11,0.2
"Longview, OR WA",city,2025,12,0.3
"Longview, OR WA",city,2025,13,0.3
"Longview, OR WA",city,2025,14,0.3
"Longview, OR WA",city,2025,15,0.3
"Longview, OR WA",city,2025,16,0.5
"Longview, OR WA",city,2025,17,0.7
"Longview, OR WA",city,2025,18,0.7
"Longview, OR WA",city,2025,19,0.8
"Longview, OR WA",city,2025,20,1.8
"Longview, OR WA",city,2025,21,3.6
"Longview, OR WA",city,2025,22,5.5
"Longview, OR WA",city,2025,23,6.9
"Los Angeles County, CA",county,2025,0,38.9
"Los Angeles County, CA",county,2025,1,31.1
"Los Angeles County, CA",county,2025,2,22.2
"Los Angeles County, CA",county,2025,3,13.4
"Los Angeles County, CA",county,2025,4,6.5
"Los Angeles County, CA",county,2025,5,2.6
"Los Angeles County, CA",county,2025,6,1.1
"Los Angeles County, CA",county,2025,7,0.7
"Los Angeles County, CA",county,2025,8,0.6
"Los Angeles County, CA",county,2025,9,0.3
"Los Angeles County, CA",county,2025,10,0.3
"Los Angeles County, CA",county,2025,11,0.3
"Los Angeles County, CA",county,2025,12,0.5
"Los Angeles County, CA",county,2025,13,0.6
"Los Angeles County, CA",county,2025,14,0.3
"Los Angeles County, CA",county,2025,15,0.1
"Los Angeles County, CA",county,2025,16,0.0
"Los Angeles County, CA",county,2025,17,0.1
"Los Angeles County, CA",county,2025,18,0.0
"Los Angeles County, CA",county,2025,19,0.0
"Los Angeles County, CA",county,2025,20,5.7
"Los Angeles County, CA",county,2025,21,16.7
"Los Angeles County, CA",county,2025,22,27.3
"Los Angeles County, CA",county,2025,23,36.5
"Loveland, CO",city,2025,0,3.4
"Loveland, CO",city,2025,1,3.0
"Loveland, CO",city,2025,2,2.6
"Loveland, CO",city,2025,3,2.4
"Loveland, CO",city,2025,4,2.2
"Loveland, CO",city,2025,5,1.9
"Loveland, CO",city,2025,6,1.7
"Loveland, CO",city,2025,7,1.4
"Loveland, CO",city,2025,8,1.1
"Loveland, CO",city,2025,9,1.1
"Loveland, CO",city,2025,10,1.2
"Loveland, CO",city,2025,11,1.4
"Loveland, CO",city,2025,12,1.6
"Loveland, CO",city,2025,13,1.7
"Loveland, CO",city,2025,14,1.9
"Loveland, CO",city,2025,15,2.3
"Loveland, CO",city,2025,16,2.8
"Loveland, CO",city,2025,17,3.8
"Loveland, CO",city,2025,18,4.4
"Loveland, CO",city,2025,19,4.8
"Loveland, CO",city,2025,20,5.0
"Loveland, CO",city,2025,21,4.9
"Loveland, CO",city,2025,22,4.5
"Loveland, CO",city,2025,23,4.1
"Lynchburg, VA",city,2025,0,4.9
"Lynchburg, VA",city,2025,1,4.3
"Lynchburg, VA",city,2025,2,3.8
"Lynchburg, VA",city,2025,3,3.4
"Lynchburg, VA",city,2025,4,3.1
"Lynchburg, VA",city,2025,5,2.8
"Lynchburg, VA",city,2025,6,2.5
"Lynchburg, VA",city,2025,7,1.9
"Lynchburg, VA",city,2025,8,1.6
"Lynchburg, VA",city,2025,9,1.6
"Lynchburg, VA",city,2025,10,1.7
"Lynchburg, VA",city,2025,11,1.9
"Lynchburg, VA",city,2025,12,2.3
"Lynchburg, VA",city,2025,13,2.5
"Lynchburg, VA",city,2025,14,2.8
"Lynchburg, VA",city,2025,15,3.3
"Lynchburg, VA",city,2025,16,4.1
"Lynchburg, VA",city,2025,17,5.5
"Lynchburg, VA",city,2025,18,6.4
"Lynchburg, VA",city,2025,19,6.8
"Lynchburg, VA",city,2025,20,7.2
"Lynchburg, VA",city,2025,21,7.0
"Lynchburg, VA",city,2025,22,6.6
"Lynchburg, VA",city,2025,23,5.8
"Madison County, AL",county,2025,0,45.0
"Madison County, AL",county,2025,1,39.4
"Madison County, AL",county,2025,2,34.4
"Madison County, AL",county,2025,3,31.0
"Madison County, AL",county,2025,4,28.1
"Madison County, AL",county,2025,5,25.5
"Madison County, AL",county,2025,6,22.5
"Madison County, AL",county,2025,7,18.0
"Madison County, AL",county,2025,8,15.0
"Madison County, AL",county,2025,9,14.4
"Madison County, AL",county,2025,10,15.7
"Madison County, AL",county,2025,11,18.0
"Madison County, AL",county,2025,12,20.7
"Madison County, AL",county,2025,13,23.0
"Madison County, AL",county,2025,14,25.8
"Madison County, AL",county,2025,15,30.2
"Madison County, AL",county,2025,16,37.7
"Madison County, AL",county,2025,17,49.4
"Madison County, AL",county,2025,18,58.1
"Madison County, AL",county,2025,19,62.5
"Madison County, AL",county,2025,20,65.2
"Madison County, AL",county,2025,21,64.0
"Madison County, AL",county,2025,22,59.4
"Madison County, AL",county,2025,23,53.0
"Madison, WI",city,2025,0,2.8
"Madison, WI",city,2025,1,2.5
"Madison, WI",city,2025,2,2.2
"Madison, WI",city,2025,3,1.9
"Madison, WI",city,2025,4,1.8
"Madison, WI",city,2025,5,1.6
"Madison, WI",city,2025,6,1.5
"Madison, WI",city,2025,7,1.1
"Madison, WI",city,2025,8,0.9
"Madison, WI",city,2025,9,0.9
"Madison, WI",city,2025,10,1.0
"Madison, WI",city,2025,11,1.1
"Madison, WI",city,2025,12,1.4
"Madison, WI",city,2025,13,1.5
"Madison, WI",city,2025,14,1.6
"Madison, WI",city,2025,15,1.9
"Madison, WI",city,2025,16,2.4
"Madison, WI",city,2025,17,3.2
"Madison, WI",city,2025,18,3.6
"Madison, WI",city,2025,19,4.0
"Madison, WI",city,2025,20,4.1
"Madison, WI",city,2025,21,4.1
"Madison, WI",city,2025,22,3.8
"Madison, WI",city,2025,23,3.4
"Manchester, NH",city,2025,0,6.0
"Manchester, NH",city,2025,1,4.8
"Manchester, NH",city,2025,2,3.4
"Manchester, NH",city,2025,3,2.0
"Manchester, NH",city,2025,4,1.0
"Manchester, NH",city,2025,5,0.5
"Manchester, NH",city,2025,6,0.2
"Manchester, NH",city,2025,7,0.1
"Manchester, NH",city,2025,8,0.1
"Manchester, NH",city,2025,9,0.1
"Manchester, NH",city,2025,10,0.1
"Manchester, NH",city,2025,11,0.1
"Manchester, NH",city,2025,12,0.1
"Manchester, NH",city,2025,13,0.1
"Manchester, NH",city,2025,14,0.1
"Manchester, NH",city,2025,15,0.1
"Manchester, NH",city,2025,16,0.1
"Manchester, NH",city,2025,17,0.1
"Manchester, NH",city,2025,18,0.1
"Manchester, NH",city,2025,19,0.1
"Manchester, NH",city,2025,20,1.0
"Manchester, NH",city,2025,21,2.6
"Manchester, NH",city,2025,22,4.3
"Manchester, NH",city,2025,23,5.7
"Manteca, CA",city,2025,0,6.4
"Manteca, CA",city,2025,1,5.6
"Manteca, CA",city,2025,2,4.9
"Manteca, CA",city,2025,3,4.4
"Manteca, CA",city,2025,4,4.0
"Manteca, CA",city,2025,5,3.6
"Manteca, CA",city,2025,6,3.2
"Manteca, CA",city,2025,7,2.5
"Manteca, CA",city,2025,8,2.2
"Manteca, CA",city,2025,9,2.0
"Manteca, CA",city,2025,10,2.2
"Manteca, CA",city,2025,11,2.5
"Manteca, CA",city,2025,12,3.0
"Manteca, CA",city,2025,13,3.3
"Manteca, CA",city,2025,14,3.6
"Manteca, CA",city,2025,15,4.3
"Manteca, CA",city,2025,16,5.3
"Manteca, CA",city,2025,17,7.0
"Manteca, CA",city,2025,18,8.3
"Manteca, CA",city,2025,19,8.9
"Manteca, CA",city,2025,20,9.3
"Manteca, CA",city,2025,21,9.1
"Manteca, CA",city,2025,22,8.4
"Manteca, CA",city,2025,23,7.5
"Marietta, GA",city,2025,0,18.3
"Marietta, GA",city,2025,1,15.6
"Marietta, GA",city,2025,2,12.8
"Marietta, GA",city,2025,3,10.7
"Marietta, GA",city,2025,4,8.9
"Marietta, GA",city,2025,5,7.6
"Marietta, GA",city,2025,6,6.6
"Marietta, GA",city,2025,7,5.1
"Marietta, GA",city,2025,8,4.3
"Marietta, GA",city,2025,9,4.1
"Marietta, GA",city,2025,10,4.4
"Marietta, GA",city,2025,11,5.1
"Marietta, GA",city,2025,12,5.9
"Marietta, GA",city,2025,13,6.6
"Marietta, GA",city,2025,14,7.4
"Marietta, GA",city,2025,15,8.5
"Marietta, GA",city,2025,16,10.7
"Marietta, GA",city,2025,17,14.0
"Marietta, GA",city,2025,18,16.5
"Marietta, GA",city,2025,19,17.7
"Marietta, GA",city,2025,20,19.2
"Marietta, GA",city,2025,21,20.5
"Marietta, GA",city,2025,22,20.7
"Marietta, GA",city,2025,23,20.2
"Marion County, FL",county,2025,0,3.2
"Marion County, FL",county,2025,1,2.7
"Marion County, FL",county,2025,2,2.4
"Marion County, FL",county,2025,3,2.2
"Marion County, FL",county,2025,4,1.9
"Marion County, FL",county,2025,5,1.8
"Marion County, FL",county,2025,6,1.6
"Marion County, FL",county,2025,7,1.2
"Marion County, FL",county,2025,8,1.0
"Marion County, FL",county,2025,9,1.0
"Marion County, FL",county,2025,10,1.1
"Marion County, FL",county,2025,11,1.2
"Marion County, FL",county,2025,12,1.5
"Marion County, FL",county,2025,13,1.6
"Marion County, FL",county,2025,14,1.8
"Marion County, FL",county,2025,15,2.2
"Marion County, FL",county,2025,16,2.6
"Marion County, FL",county,2025,17,3.4
"Marion County, FL",county,2025,18,4.1
"Marion County, FL",county,2025,19,4.3
"Marion County, FL",county,2025,20,4.5
"Marion County, FL",county,2025,21,4.4
"Marion County, FL",county,2025,22,4.1
"Marion County, FL",county,2025,23,3.6
"McKinney, TX",city,2025,0,33.4
"McKinney, TX",city,2025,1,29.2
"McKinney, TX",city,2025,2,25.6
"McKinney, TX",city,2025,3,23.0
"McKinney, TX",city,2025,4,20.8
"McKinney, TX",city,2025,5,18.9
"McKinney, TX",city,2025,6,16.7
"McKinney, TX",city,2025,7,13.3
"McKinney, TX",city,2025,8,11.1
"McKinney, TX",city,2025,9,10.7
"McKinney, TX",city,2025,10,11.6
"McKinney, TX",city,2025,11,13.3
"McKinney, TX",city,2025,12,15.3
"McKinney, TX",city,2025,13,17.0
"McKinney, TX",city,2025,14,19.1
"McKinney, TX",city,2025,15,22.5
"McKinney, TX",city,2025,16,28.0
"McKinney, TX",city,2025,17,36.7
"McKinney, TX",city,2025,18,43.1
"McKinney, TX",city,2025,19,46.4
"McKinney, TX",city,2025,20,48.4
"McKinney, TX",city,2025,21,47.4
"McKinney, TX",city,2025,22,44.1
"McKinney, TX",city,2025,23,39.3
"Mecklenburg County, NC",county,2025,0,20.3
"Mecklenburg County, NC",county,2025,1,16.8
"Mecklenburg County, NC",county,2025,2,13.0
"Mecklenburg County, NC",county,2025,3,9.3
"Mecklenburg County, NC",county,2025,4,6.5
"Mecklenburg County, NC",county,2025,5,4.8
"Mecklenburg County, NC",county,2025,6,3.9
"Mecklenburg County, NC",county,2025,7,3.0
"Mecklenburg County, NC",county,2025,8,2.5
"Mecklenburg County, NC",county,2025,9,2.3
"Mecklenburg County, NC",county,2025,10,2.5
"Mecklenburg County, NC",county,2025,11,2.8
"Mecklenburg County, NC",county,2025,12,3.3
"Mecklenburg County, NC",county,2025,13,3.6
"Mecklenburg County, NC",county,2025,14,4.0
"Mecklenburg County, NC",county,2025,15,4.7
"Mecklenburg County, NC",county,2025,16,5.7
"Mecklenburg County, NC",county,2025,17,7.5
"Mecklenburg County, NC",county,2025,18,8.9
"Mecklenburg County, NC",county,2025,19,9.4
"Mecklenburg County, NC",county,2025,20,11.8
"Mecklenburg County, NC",county,2025,21,15.5
"Mecklenburg County, NC",county,2025,22,18.5
"Mecklenburg County, NC",county,2025,23,20.7
"Media, PA",city,2025,0,5.0
"Media, PA",city,2025,1,4.0
"Media, PA",city,2025,2,2.8
"Media, PA",city,2025,3,1.7
"Media, PA",city,2025,4,0.8
"Media, PA",city,2025,5,0.3
"Media, PA",city,2025,6,0.1
"Media, PA",city,2025,7,0.1
"Media, PA",city,2025,8,0.1
"Media, PA",city,2025,9,0.0
"Media, PA",city,2025,10,0.0
"Media, PA",city,2025,11,0.0
"Media, PA",city,2025,12,0.1
"Media, PA",city,2025,13,0.1
"Media, PA",city,2025,14,0.0
"Media, PA",city,2025,15,0.0
"Media, PA",city,2025,16,0.0
"Media, PA",city,2025,17,0.0
"Media, PA",city,2025,18,0.0
"Media, PA",city,2025,19,0.0
"Media, PA",city,2025,20,0.7
"Media, PA",city,2025,21,2.2
"Media, PA",city,2025,22,3.5
"Media, PA",city,2025,23,4.7
"Menlo Park, CA",city,2025,0,3.3
"Menlo Park, CA",city,2025,1,2.7
"Menlo Park, CA",city,2025,2,2.0
"Menlo Park, CA",city,2025,3,1.4
"Menlo Park, CA",city,2025,4,0.9
"Menlo Park, CA",city,2025,5,0.6
"Menlo Park, CA",city,2025,6,0.5
"Menlo Park, CA",city,2025,7,0.3
"Menlo Park, CA",city,2025,8,0.2
"Menlo Park, CA",city,2025,9,0.2
"Menlo Park, CA",city,2025,10,0.2
"Menlo Park, CA",city,2025,11,0.3
"Menlo Park, CA",city,2025,12,0.3
"Menlo Park, CA",city,2025,13,0.5
"Menlo Park, CA",city,2025,14,0.5
"Menlo Park, CA",city,2025,15,0.5
"Menlo Park, CA",city,2025,16,0.7
"Menlo Park, CA",city,2025,17,0.8
"Menlo Park, CA",city,2025,18,0.9
"Menlo Park, CA",city,2025,19,1.0
"Menlo Park, CA",city,2025,20,1.5
"Menlo Park, CA",city,2025,21,2.2
"Menlo Park, CA",city,2025,22,2.7
"Menlo Park, CA",city,2025,23,3.3
"Mercer Island, WA",city,2025,0,2.0
"Mercer Island, WA",city,2025,1,1.7
"Mercer Island, WA",city,2025,2,1.5
"Mercer Island, WA",city,2025,3,1.4
"Mercer Island, WA",city,2025,4,1.2
"Mercer Island, WA",city,2025,5,1.1
"Mercer Island, WA",city,2025,6,0.9
"Mercer Island, WA",city,2025,7,0.8
"Mercer Island, WA",city,2025,8,0.7
"Mercer Island, WA",city,2025,9,0.6
"Mercer Island, WA",city,2025,10,0.7
"Mercer Island, WA",city,2025,11,0.8
"Mercer Island, WA",city,2025,12,0.9
"Mercer Island, WA",city,2025,13,1.0
"Mercer Island, WA",city,2025,14,1.1
"Mercer Island, WA",city,2025,15,1.2
"Mercer Island, WA",city,2025,16,1.6
"Mercer Island, WA",city,2025,17,2.2
"Mercer Island, WA",city,2025,18,2.5
"Mercer Island, WA",city,2025,19,2.6
"Mercer Island, WA",city,2025,20,2.8
"Mercer Island, WA",city,2025,21,2.7
"Mercer Island, WA",city,2025,22,2.6
"Mercer Island, WA",city,2025,23,2.3
"Miami, Dade County, FL",county,2025,0,46.5
"Miami, Dade County, FL",county,2025,1,40.7
"Miami, Dade County, FL",county,2025,2,35.6
"Miami, Dade County, FL",county,2025,3,32.0
"Miami, Dade County, FL",county,2025,4,29.0
"Miami, Dade County, FL",county,2025,5,26.2
"Miami, Dade County, FL",county,2025,6,23.3
"Miami, Dade County, FL",county,2025,7,18.5
"Miami, Dade County, FL",county,2025,8,15.6
"Miami, Dade County, FL",county,2025,9,15.0
"Miami, Dade County, FL",county,2025,10,16.1
"Miami, Dade County, FL",county,2025,11,18.5
"Miami, Dade County, FL",county,2025,12,21.4
"Miami, Dade County, FL",county,2025,13,23.8
"Miami, Dade County, FL",county,2025,14,26.6
"Miami, Dade County, FL",county,2025,15,31.2
"Miami, Dade County, FL",county,2025,16,38.9
"Miami, Dade County, FL",county,2025,17,51.1
"Miami, Dade County, FL",county,2025,18,60.0
"Miami, Dade County, FL",county,2025,19,64.5
"Miami, Dade County, FL",county,2025,20,67.4
"Miami, Dade County, FL",county,2025,21,66.0
"Miami, Dade County, FL",county,2025,22,61.4
"Miami, Dade County, FL",county,2025,23,54.8
"Milwaukee, WI",city,2025,0,13.5
"Milwaukee, WI",city,2025,1,11.8
"Milwaukee, WI",city,2025,2,10.2
"Milwaukee, WI",city,2025,3,9.1
"Milwaukee, WI",city,2025,4,8.2
"Milwaukee, WI",city,2025,5,7.4
"Milwaukee, WI",city,2025,6,6.6
"Milwaukee, WI",city,2025,7,5.2
"Milwaukee, WI",city,2025,8,4.3
"Milwaukee, WI",city,2025,9,4.2
"Milwaukee, WI",city,2025,10,4.5
"Milwaukee, WI",city,2025,11,5.2
"Milwaukee, WI",city,2025,12,6.0
"Milwaukee, WI",city,2025,13,6.7
"Milwaukee, WI",city,2025,14,7.5
"Milwaukee, WI",city,2025,15,8.8
"Milwaukee, WI",city,2025,16,10.9
"Milwaukee, WI",city,2025,17,14.3
"Milwaukee, WI",city,2025,18,16.8
"Milwaukee, WI",city,2025,19,18.1
"Milwaukee, WI",city,2025,20,19.0
"Milwaukee, WI",city,2025,21,18.8
"Milwaukee, WI",city,2025,22,17.5
"Milwaukee, WI",city,2025,23,15.8
"Minneapolis, MN",city,2025,0,113.4
"Minneapolis, MN",city,2025,1,99.4
"Minneapolis, MN",city,2025,2,86.7
"Minneapolis, MN",city,2025,3,78.2
"Minneapolis, MN",city,2025,4,70.8
"Minneapolis, MN",city,2025,5,64.2
"Minneapolis, MN",city,2025,6,56.8
"Minneapolis, MN",city,2025,7,45.2
"Minneapolis, MN",city,2025,8,38.0
"Minneapolis, MN",city,2025,9,36.5
"Minneapolis, MN",city,2025,10,39.4
"Minneapolis, MN",city,2025,11,45.1
"Minneapolis, MN",city,2025,12,52.2
"Minneapolis, MN",city,2025,13,58.0
"Minneapolis, MN",city,2025,14,65.0
"Minneapolis, MN",city,2025,15,76.2
"Minneapolis, MN",city,2025,16,95.0
"Minneapolis, MN",city,2025,17,124.8
"Minneapolis, MN",city,2025,18,146.5
"Minneapolis, MN",city,2025,19,157.6
"Minneapolis, MN",city,2025,20,164.5
"Minneapolis, MN",city,2025,21,161.1
"Minneapolis, MN",city,2025,22,149.9
"Minneapolis, MN",city,2025,23,133.6
"Mobile County, AL",county,2025,0,41.2
"Mobile County, AL",county,2025,1,33.1
"Mobile County, AL",county,2025,2,23.5
"Mobile County, AL",county,2025,3,14.2
"Mobile County, AL",county,2025,4,6.9
"Mobile County, AL",county,2025,5,2.8
"Mobile County, AL",county,2025,6,1.2
"Mobile County, AL",county,2025,7,0.7
"Mobile County, AL",county,2025,8,0.6
"Mobile County, AL",county,2025,9,0.5
"Mobile County, AL",county,2025,10,0.3
"Mobile County, AL",county,2025,11,0.3
"Mobile County, AL",county,2025,12,0.5
"Mobile County, AL",county,2025,13,0.6
"Mobile County, AL",county,2025,14,0.3
"Mobile County, AL",county,2025,15,0.1
"Mobile County, AL",county,2025,16,0.0
"Mobile County, AL",county,2025,17,0.1
"Mobile County, AL",county,2025,18,0.0
"Mobile County, AL",county,2025,19,0.0
"Mobile County, AL",county,2025,20,6.0
"Mobile County, AL",county,2025,21,17.7
"Mobile County, AL",county,2025,22,29.0
"Mobile County, AL",county,2025,23,38.6
"Mobile, AL",city,2025,0,18.8
"Mobile, AL",city,2025,1,16.5
"Mobile, AL",city,2025,2,14.3
"Mobile, AL",city,2025,3,13.0
"Mobile, AL",city,2025,4,11.7
"Mobile, AL",city,2025,5,10.6
"Mobile, AL",city,2025,6,9.4
"Mobile, AL",city,2025,7,7.5
"Mobile, AL",city,2025,8,6.2
"Mobile, AL",city,2025,9,6.0
"Mobile, AL",city,2025,10,6.5
"Mobile, AL",city,2025,11,7.5
"Mobile, AL",city,2025,12,8.6
"Mobile, AL",city,2025,13,9.5
"Mobile, AL",city,2025,14,10.7
"Mobile, AL",city,2025,15,12.6
"Mobile, AL",city,2025,16,15.7
"Mobile, AL",city,2025,17,20.6
"Mobile, AL",city,2025,18,24.2
"Mobile, AL",city,2025,19,26.0
"Mobile, AL",city,2025,20,27.2
"Mobile, AL",city,2025,21,26.6
"Mobile, AL",city,2025,22,24.8
"Mobile, AL",city,2025,23,22.0
"Monroe County, PA",county,2025,0,14.3
"Monroe County, PA",county,2025,1,11.5
"Monroe County, PA",county,2025,2,8.2
"Monroe County, PA",county,2025,3,4.9
"Monroe County, PA",county,2025,4,2.4
"Monroe County, PA",county,2025,5,1.0
"Monroe County, PA",county,2025,6,0.5
"Monroe County, PA",county,2025,7,0.2
"Monroe County, PA",county,2025,8,0.2
"Monroe County, PA",county,2025,9,0.1
"Monroe County, PA",county,2025,10,0.1
"Monroe County, PA",county,2025,11,0.1
"Monroe County, PA",county,2025,12,0.1
"Monroe County, PA",county,2025,13,0.2
"Monroe County, PA",county,2025,14,0.1
"Monroe County, PA",county,2025,15,0.0
"Monroe County, PA",county,2025,16,0.0
"Monroe County, PA",county,2025,17,0.0
"Monroe County, PA",county,2025,18,0.0
"Monroe County, PA",county,2025,19,0.0
"Monroe County, PA",county,2025,20,2.0
"Monroe County, PA",county,2025,21,6.1
"Monroe County, PA",county,2025,22,10.0
"Monroe County, PA",county,2025,23,13.4
"Montgomery County, MD",county,2025,0,2.8
"Montgomery County, MD",county,2025,1,2.3
"Montgomery County, MD",county,2025,2,1.6
"Montgomery County, MD",county,2025,3,1.0
"Montgomery County, MD",county,2025,4,0.5
"Montgomery County, MD",county,2025,5,0.2
"Montgomery County, MD",county,2025,6,0.1
"Montgomery County, MD",county,2025,7,0.0
"Montgomery County, MD",county,2025,8,0.0
"Montgomery County, MD",county,2025,9,0.0
"Montgomery County, MD",county,2025,10,0.0
"Montgomery County, MD",county,2025,11,0.0
"Montgomery County, MD",county,2025,12,0.0
"Montgomery County, MD",county,2025,13,0.0
"Montgomery County, MD",county,2025,14,0.0
"Montgomery County, MD",county,2025,15,0.0
"Montgomery County, MD",county,2025,16,0.0
"Montgomery County, MD",county,2025,17,0.0
"Montgomery County, MD",county,2025,18,0.0
"Montgomery County, MD",county,2025,19,0.0
"Montgomery County, MD",county,2025,20,0.5
"Montgomery County, MD",county,2025,21,1.2
"Montgomery County, MD",county,2025,22,2.0
"Montgomery County, MD",county,2025,23,2.7
"Montgomery County, PA",county,2025,0,37.3
"Montgomery County, PA",county,2025,1,29.8
"Montgomery County, PA",county,2025,2,21.2
"Montgomery County, PA",county,2025,3,12.8
"Montgomery County, PA",county,2025,4,6.2
"Montgomery County, PA",county,2025,5,2.5
"Montgomery County, PA",county,2025,6,1.1
"Montgomery County, PA",county,2025,7,0.7
"Montgomery County, PA",county,2025,8,0.5
"Montgomery County, PA",county,2025,9,0.3
"Montgomery County, PA",county,2025,10,0.3
"Montgomery County, PA",county,2025,11,0.3
"Montgomery County, PA",county,2025,12,0.5
"Montgomery County, PA",county,2025,13,0.6
"Montgomery County, PA",county,2025,14,0.2
"Montgomery County, PA",county,2025,15,0.1
"Montgomery County, PA",county,2025,16,0.0
"Montgomery County, PA",county,2025,17,0.1
"Montgomery County, PA",county,2025,18,0.0
"Montgomery County, PA",county,2025,19,0.0
"Montgomery County, PA",county,2025,20,5.5
"Montgomery County, PA",county,2025,21,16.0
"Montgomery County, PA",county,2025,22,26.1
"Montgomery County, PA",county,2025,23,35.0
"Montgomery County, TN",county,2025,0,10.6
"Montgomery County, TN",county,2025,1,8.5
"Montgomery County, TN",county,2025,2,6.0
"Montgomery County, TN",county,2025,3,3.6
"Montgomery County, TN",county,2025,4,1.8
"Montgomery County, TN",county,2025,5,0.7
"Montgomery County, TN",county,2025,6,0.3
"Montgomery County, TN",county,2025,7,0.2
"Montgomery County, TN",county,2025,8,0.1
"Montgomery County, TN",county,2025,9,0.1
"Montgomery County, TN",county,2025,10,0.1
"Montgomery County, TN",county,2025,11,0.1
"Montgomery County, TN",county,2025,12,0.1
"Montgomery County, TN",county,2025,13,0.1
"Montgomery County, TN",county,2025,14,0.1
"Montgomery County, TN",county,2025,15,0.0
"Montgomery County, TN",county,2025,16,0.0
"Montgomery County, TN",county,2025,17,0.0
"Montgomery County, TN",county,2025,18,0.0
"Montgomery County, TN",county,2025,19,0.0
"Montgomery County, TN",county,2025,20,1.6
"Montgomery County, TN",county,2025,21,4.5
"Montgomery County, TN",county,2025,22,7.5
"Montgomery County, TN",county,2025,23,10.0
"Montgomery County, TX",county,2025,0,2.5
"Montgomery County, TX",county,2025,1,2.2
"Montgomery County, TX",county,2025,2,1.9
"Montgomery County, TX",county,2025,3,1.7
"Montgomery County, TX",county,2025,4,1.6
"Montgomery County, TX",county,2025,5,1.4
"Montgomery County, TX",county,2025,6,1.2
"Montgomery County, TX",county,2025,7,1.0
"Montgomery County, TX",county,2025,8,0.8
"Montgomery County, TX",county,2025,9,0.8
"Montgomery County, TX",county,2025,10,0.9
"Montgomery County, TX",county,2025,11,1.0
"Montgomery County, TX",county,2025,12,1.1
"Montgomery County, TX",county,2025,13,1.2
"Montgomery County, TX",county,2025,14,1.5
"Montgomery County, TX",county,2025,15,1.7
"Montgomery County, TX",county,2025,16,2.2
"Montgomery County, TX",county,2025,17,2.7
"Montgomery County, TX",county,2025,18,3.3
"Montgomery County, TX",county,2025,19,3.5
"Montgomery County, TX",county,2025,20,3.6
"Montgomery County, TX",county,2025,21,3.5
"Montgomery County, TX",county,2025,22,3.3
"Montgomery County, TX",county,2025,23,3.0
"Morgan County, CO",county,2025,0,9.3
"Morgan County, CO",county,2025,1,8.2
"Morgan County, CO",county,2025,2,7.2
"Morgan County, CO",county,2025,3,6.5
"Morgan County, CO",county,2025,4,5.9
"Morgan County, CO",county,2025,5,5.3
"Morgan County, CO",county,2025,6,4.7
"Morgan County, CO",county,2025,7,3.8
"Morgan County, CO",county,2025,8,3.2
"Morgan County, CO",county,2025,9,3.0
"Morgan County, CO",county,2025,10,3.3
"Morgan County, CO",county,2025,11,3.8
"Morgan County, CO",county,2025,12,4.3
"Morgan County, CO",county,2025,13,4.8
"Morgan County, CO",county,2025,14,5.3
"Morgan County, CO",county,2025,15,6.2
"Morgan County, CO",county,2025,16,7.8
"Morgan County, CO",county,2025,17,10.3
"Morgan County, CO",county,2025,18,12.2
"Morgan County, CO",county,2025,19,13.1
"Morgan County, CO",county,2025,20,13.6
"Morgan County, CO",county,2025,21,13.3
"Morgan County, CO",county,2025,22,12.4
"Morgan County, CO",county,2025,23,11.0
"Morrisville, NC",city,2025,0,1.5
"Morrisville, NC",city,2025,1,1.4
"Morrisville, NC",city,2025,2,1.1
"Morrisville, NC",city,2025,3,1.0
"Morrisville, NC",city,2025,4,0.9
"Morrisville, NC",city,2025,5,0.9
"Morrisville, NC",city,2025,6,0.8
"Morrisville, NC",city,2025,7,0.6
"Morrisville, NC",city,2025,8,0.6
"Morrisville, NC",city,2025,9,0.5
"Morrisville, NC",city,2025,10,0.6
"Morrisville, NC",city,2025,11,0.6
"Morrisville, NC",city,2025,12,0.7
"Morrisville, NC",city,2025,13,0.8
"Morrisville, NC",city,2025,14,0.9
"Morrisville, NC",city,2025,15,1.0
"Morrisville, NC",city,2025,16,1.2
"Morrisville, NC",city,2025,17,1.7
"Morrisville, NC",city,2025,18,1.9
"Morrisville, NC",city,2025,19,2.2
"Morrisville, NC",city,2025,20,2.2
"Morrisville, NC",city,2025,21,2.2
"Morrisville, NC",city,2025,22,2.0
"Morrisville, NC",city,2025,23,1.8
"Nashville, Davidson metropolitan government (balance), TN",city,2025,0,121.2
"Nashville, Davidson metropolitan government (balance), TN",city,2025,1,106.2
"Nashville, Davidson metropolitan government (balance), TN",city,2025,2,92.7
"Nashville, Davidson metropolitan government (balance), TN",city,2025,3,83.5
"Nashville, Davidson metropolitan government (balance), TN",city,2025,4,75.6
"Nashville, Davidson metropolitan government (balance), TN",city,2025,5,68.4
"Nashville, Davidson metropolitan government (balance), TN",city,2025,6,60.6
"Nashville, Davidson metropolitan government (balance), TN",city,2025,7,48.2
"Nashville, Davidson metropolitan government (balance), TN",city,2025,8,40.5
"Nashville, Davidson metropolitan government (balance), TN",city,2025,9,38.9
"Nashville, Davidson metropolitan government (balance), TN",city,2025,10,42.0
"Nashville, Davidson metropolitan government (balance), TN",city,2025,11,48.1
"Nashville, Davidson metropolitan government (balance), TN",city,2025,12,55.6
"Nashville, Davidson metropolitan government (balance), TN",city,2025,13,61.8
"Nashville, Davidson metropolitan government (balance), TN",city,2025,14,69.3
"Nashville, Davidson metropolitan government (balance), TN",city,2025,15,81.4
"Nashville, Davidson metropolitan government (balance), TN",city,2025,16,101.4
"Nashville, Davidson metropolitan government (balance), TN",city,2025,17,133.1
"Nashville, Davidson metropolitan government (balance), TN",city,2025,18,156.4
"Nashville, Davidson metropolitan government (balance), TN",city,2025,19,168.1
"Nashville, Davidson metropolitan government (balance), TN",city,2025,20,175.5
"Nashville, Davidson metropolitan government (balance), TN",city,2025,21,172.0
"Nashville, Davidson metropolitan government (balance), TN",city,2025,22,160.0
"Nashville, Davidson metropolitan government (balance), TN",city,2025,23,142.8
"Nassau County, NY",county,2025,0,10.1
"Nassau County, NY",county,2025,1,8.6
"Nassau County, NY",county,2025,2,7.3
"Nassau County, NY",county,2025,3,6.2
"Nassau County, NY",county,2025,4,5.5
"Nassau County, NY",county,2025,5,4.8
"Nassau County, NY",county,2025,6,4.1
"Nassau County, NY",county,2025,7,3.3
"Nassau County, NY",county,2025,8,2.7
"Nassau County, NY",county,2025,9,2.6
"Nassau County, NY",county,2025,10,2.8
"Nassau County, NY",county,2025,11,3.3
"Nassau County, NY",county,2025,12,3.8
"Nassau County, NY",county,2025,13,4.2
"Nassau County, NY",county,2025,14,4.7
"Nassau County, NY",county,2025,15,5.5
"Nassau County, NY",county,2025,16,6.8
"Nassau County, NY",county,2025,17,9.0
"Nassau County, NY",county,2025,18,10.5
"Nassau County, NY",county,2025,19,11.2
"Nassau County, NY",county,2025,20,12.0
"Nassau County, NY",county,2025,21,12.4
"Nassau County, NY",county,2025,22,12.2
"Nassau County, NY",county,2025,23,11.4
"New York, NY",city,2025,0,32.0
"New York, NY",city,2025,1,25.7
"New York, NY",city,2025,2,18.3
"New York, NY",city,2025,3,11.0
"New York, NY",city,2025,4,5.3
"New York, NY",city,2025,5,2.2
"New York, NY",city,2025,6,0.9
"New York, NY",city,2025,7,0.6
"New York, NY",city,2025,8,0.5
"New York, NY",city,2025,9,0.3
"New York, NY",city,2025,10,0.2
"New York, NY",city,2025,11,0.2
"New York, NY",city,2025,12,0.3
"New York, NY",city,2025,13,0.5
"New York, NY",city,2025,14,0.2
"New York, NY",city,2025,15,0.1
"New York, NY",city,2025,16,0.0
"New York, NY",city,2025,17,0.1
"New York, NY",city,2025,18,0.0
"New York, NY",city,2025,19,0.0
"New York, NY",city,2025,20,4.7
"New York, NY",city,2025,21,13.8
"New York, NY",city,2025,22,22.5
"New York, NY",city,2025,23,30.0
"Newport News, VA",city,2025,0,54.1
"Newport News, VA",city,2025,1,47.4
"Newport News, VA",city,2025,2,41.4
"Newport News, VA",city,2025,3,37.3
"Newport News, VA",city,2025,4,33.8
"Newport News, VA",city,2025,5,30.6
"Newport News, VA",city,2025,6,27.0
"Newport News, VA",city,2025,7,21.6
"Newport News, VA",city,2025,8,18.1
"Newport News, VA",city,2025,9,17.4
"Newport News, VA",city,2025,10,18.8
"Newport News, VA",city,2025,11,21.5
"Newport News, VA",city,2025,12,24.9
"Newport News, VA",city,2025,13,27.6
"Newport News, VA",city,2025,14,31.0
"Newport News, VA",city,2025,15,36.4
"Newport News, VA",city,2025,16,45.3
"Newport News, VA",city,2025,17,59.4
"Newport News, VA",city,2025,18,69.9
"Newport News, VA",city,2025,19,75.1
"Newport News, VA",city,2025,20,78.4
"Newport News, VA",city,2025,21,76.8
"Newport News, VA",city,2025,22,71.5
"Newport News, VA",city,2025,23,63.8
"Newton County, KS MO",county,2025,0,2.4
"Newton County, KS MO",county,2025,1,1.8
"Newton County, KS MO",county,2025,2,1.4
"Newton County, KS MO",county,2025,3,0.8
"Newton County, KS MO",county,2025,4,0.3
"Newton County, KS MO",county,2025,5,0.1
"Newton County, KS MO",county,2025,6,0.1
"Newton County, KS MO",county,2025,7,0.0
"Newton County, KS MO",county,2025,8,0.0
"Newton County, KS MO",county,2025,9,0.0
"Newton County, KS MO",county,2025,10,0.0
"Newton County, KS MO",county,2025,11,0.0
"Newton County, KS MO",county,2025,12,0.0
"Newton County, KS MO",county,2025,13,0.0
"Newton County, KS MO",county,2025,14,0.0
"Newton County, KS MO",county,2025,15,0.0
"Newton County, KS MO",county,2025,16,0.0
"Newton County, KS MO",county,2025,17,0.0
"Newton County, KS MO",county,2025,18,0.0
"Newton County, KS MO",county,2025,19,0.0
"Newton County, KS MO",county,2025,20,0.3
"Newton County, KS MO",county,2025,21,1.0
"Newton County, KS MO",county,2025,22,1.6
"Newton County, KS MO",county,2025,23,2.2
"Norfolk city, VA",county,2025,0,3.1
"Norfolk city, VA",county,2025,1,2.6
"Norfolk city, VA",county,2025,2,2.2
"Norfolk city, VA",county,2025,3,1.7
"Norfolk city, VA",county,2025,4,1.4
"Norfolk city, VA",county,2025,5,1.2
"Norfolk city, VA",county,2025,6,1.0
"Norfolk city, VA",county,2025,7,0.8
"Norfolk city, VA",county,2025,8,0.7
"Norfolk city, VA",county,2025,9,0.7
"Norfolk city, VA",county,2025,10,0.7
"Norfolk city, VA",county,2025,11,0.8
"Norfolk city, VA",county,2025,12,0.9
"Norfolk city, VA",county,2025,13,1.0
"Norfolk city, VA",county,2025,14,1.1
"Norfolk city, VA",county,2025,15,1.4
"Norfolk city, VA",county,2025,16,1.7
"Norfolk city, VA",county,2025,17,2.2
"Norfolk city, VA",county,2025,18,2.5
"Norfolk city, VA",county,2025,19,2.7
"Norfolk city, VA",county,2025,20,3.1
"Norfolk city, VA",county,2025,21,3.3
"Norfolk city, VA",county,2025,22,3.4
"Norfolk city, VA",county,2025,23,3.3
"Norfolk, VA",city,2025,0,15.5
"Norfolk, VA",city,2025,1,13.6
"Norfolk, VA",city,2025,2,11.8
"Norfolk, VA",city,2025,3,10.7
"Norfolk, VA",city,2025,4,9.7
"Norfolk, VA",city,2025,5,8.8
"Norfolk, VA",city,2025,6,7.7
"Norfolk, VA",city,2025,7,6.1
"Norfolk, VA",city,2025,8,5.2
"Norfolk, VA",city,2025,9,5.0
"Norfolk, VA",city,2025,10,5.3
"Norfolk, VA",city,2025,11,6.1
"Norfolk, VA",city,2025,12,7.2
"Norfolk, VA",city,2025,13,8.0
"Norfolk, VA",city,2025,14,8.9
"Norfolk, VA",city,2025,15,10.5
"Norfolk, VA",city,2025,16,13.0
"Norfolk, VA",city,2025,17,17.0
"Norfolk, VA",city,2025,18,20.0
"Norfolk, VA",city,2025,19,21.5
"Norfolk, VA",city,2025,20,22.5
"Norfolk, VA",city,2025,21,22.0
"Norfolk, VA",city,2025,22,20.5
"Norfolk, VA",city,2025,23,18.3
"Norman, OK",city,2025,0,2.8
"Norman, OK",city,2025,1,2.5
"Norman, OK",city,2025,2,2.2
"Norman, OK",city,2025,3,1.9
"Norman, OK",city,2025,4,1.7
"Norman, OK",city,2025,5,1.6
"Norman, OK",city,2025,6,1.4
"Norman, OK",city,2025,7,1.1
"Norman, OK",city,2025,8,0.9
"Norman, OK",city,2025,9,0.9
"Norman, OK",city,2025,10,1.0
"Norman, OK",city,2025,11,1.1
"Norman, OK",city,2025,12,1.2
"Norman, OK",city,2025,13,1.5
"Norman, OK",city,2025,14,1.6
"Norman, OK",city,2025,15,1.9
"Norman, OK",city,2025,16,2.4
"Norman, OK",city,2025,17,3.1
"Norman, OK",city,2025,18,3.6
"Norman, OK",city,2025,19,3.9
"Norman, OK",city,2025,20,4.1
"Norman, OK",city,2025,21,4.0
"Norman, OK",city,2025,22,3.8
"Norman, OK",city,2025,23,3.3
"North Kansas City, KS MO",city,2025,0,17.5
"North Kansas City, KS MO",city,2025,1,14.0
"North Kansas City, KS MO",city,2025,2,10.0
"North Kansas City, KS MO",city,2025,3,6.0
"North Kansas City, KS MO",city,2025,4,3.0
"North Kansas City, KS MO",city,2025,5,1.2
"North Kansas City, KS MO",city,2025,6,0.6
"North Kansas City, KS MO",city,2025,7,0.3
"North Kansas City, KS MO",city,2025,8,0.2
"North Kansas City, KS MO",city,2025,9,0.1
"North Kansas City, KS MO",city,2025,10,0.1
"North Kansas City, KS MO",city,2025,11,0.1
"North Kansas City, KS MO",city,2025,12,0.2
"North Kansas City, KS MO",city,2025,13,0.2
"North Kansas City, KS MO",city,2025,14,0.1
"North Kansas City, KS MO",city,2025,15,0.1
"North Kansas City, KS MO",city,2025,16,0.0
"North Kansas City, KS MO",city,2025,17,0.0
"North Kansas City, KS MO",city,2025,18,0.0
"North Kansas City, KS MO",city,2025,19,0.0
"North Kansas City, KS MO",city,2025,20,2.5
"North Kansas City, KS MO",city,2025,21,7.5
"North Kansas City, KS MO",city,2025,22,12.3
"North Kansas City, KS MO",city,2025,23,16.5
"North Little Rock, AR",city,2025,0,8.2
"North Little Rock, AR",city,2025,1,7.2
"North Little Rock, AR",city,2025,2,6.2
"North Little Rock, AR",city,2025,3,5.6
"North Little Rock, AR",city,2025,4,5.1
"North Little Rock, AR",city,2025,5,4.5
"North Little Rock, AR",city,2025,6,4.1
"North Little Rock, AR",city,2025,7,3.3
"North Little Rock, AR",city,2025,8,2.7
"North Little Rock, AR",city,2025,9,2.6
"North Little Rock, AR",city,2025,10,2.8
"North Little Rock, AR",city,2025,11,3.2
"North Little Rock, AR",city,2025,12,3.8
"North Little Rock, AR",city,2025,13,4.2
"North Little Rock, AR",city,2025,14,4.7
"North Little Rock, AR",city,2025,15,5.5
"North Little Rock, AR",city,2025,16,6.8
"North Little Rock, AR",city,2025,17,9.0
"North Little Rock, AR",city,2025,18,10.5
"North Little Rock, AR",city,2025,19,11.2
"North Little Rock, AR",city,2025,20,11.8
"North Little Rock, AR",city,2025,21,11.6
"North Little Rock, AR",city,2025,22,10.7
"North Little Rock, AR",city,2025,23,9.5
"North Richland Hills, TX",city,2025,0,7.4
"North Richland Hills, TX",city,2025,1,6.5
"North Richland Hills, TX",city,2025,2,5.7
"North Richland Hills, TX",city,2025,3,5.1
"North Richland Hills, TX",city,2025,4,4.5
"North Richland Hills, TX",city,2025,5,4.2
"North Richland Hills, TX",city,2025,6,3.6
"North Richland Hills, TX",city,2025,7,3.0
"North Richland Hills, TX",city,2025,8,2.5
"North Richland Hills, TX",city,2025,9,2.4
"North Richland Hills, TX",city,2025,10,2.5
"North Richland Hills, TX",city,2025,11,3.0
"North Richland Hills, TX",city,2025,12,3.4
"North Richland Hills, TX",city,2025,13,3.8
"North Richland Hills, TX",city,2025,14,4.2
"North Richland Hills, TX",city,2025,15,4.9
"North Richland Hills, TX",city,2025,16,6.1
"North Richland Hills, TX",city,2025,17,8.1
"North Richland Hills, TX",city,2025,18,9.5
"North Richland Hills, TX",city,2025,19,10.2
"North Richland Hills, TX",city,2025,20,10.7
"North Richland Hills, TX",city,2025,21,10.5
"North Richland Hills, TX",city,2025,22,9.8
"North Richland Hills, TX",city,2025,23,8.6
"Norwalk, CT",city,2025,0,2.5
"Norwalk, CT",city,2025,1,2.2
"Norwalk, CT",city,2025,2,1.9
"Norwalk, CT",city,2025,3,1.7
"Norwalk, CT",city,2025,4,1.6
"Norwalk, CT",city,2025,5,1.5
"Norwalk, CT",city,2025,6,1.2
"Norwalk, CT",city,2025,7,1.0
"Norwalk, CT",city,2025,8,0.9
"Norwalk, CT",city,2025,9,0.8
"Norwalk, CT",city,2025,10,0.9
"Norwalk, CT",city,2025,11,1.0
"Norwalk, CT",city,2025,12,1.1
"Norwalk, CT",city,2025,13,1.2
"Norwalk, CT",city,2025,14,1.5
"Norwalk, CT",city,2025,15,1.7
"Norwalk, CT",city,2025,16,2.2
"Norwalk, CT",city,2025,17,2.8
"Norwalk, CT",city,2025,18,3.3
"Norwalk, CT",city,2025,19,3.5
"Norwalk, CT",city,2025,20,3.6
"Norwalk, CT",city,2025,21,3.6
"Norwalk, CT",city,2025,22,3.4
"Norwalk, CT",city,2025,23,3.0
"Novi, MI",city,2025,0,2.3
"Novi, MI",city,2025,1,1.9
"Novi, MI",city,2025,2,1.7
"Novi, MI",city,2025,3,1.6
"Novi, MI",city,2025,4,1.4
"Novi, MI",city,2025,5,1.2
"Novi, MI",city,2025,6,1.1
"Novi, MI",city,2025,7,0.9
"Novi, MI",city,2025,8,0.8
"Novi, MI",city,2025,9,0.7
"Novi, MI",city,2025,10,0.8
"Novi, MI",city,2025,11,0.9
"Novi, MI",city,2025,12,1.0
"Novi, MI",city,2025,13,1.1
"Novi, MI",city,2025,14,1.2
"Novi, MI",city,2025,15,1.5
"Novi, MI",city,2025,16,1.9
"Novi, MI",city,2025,17,2.5
"Novi, MI",city,2025,18,3.0
"Novi, MI",city,2025,19,3.2
"Novi, MI",city,2025,20,3.3
"Novi, MI",city,2025,21,3.2
"Novi, MI",city,2025,22,3.0
"Novi, MI",city,2025,23,2.6
"Oak Harbor, WA",city,2025,0,1.9
"Oak Harbor, WA",city,2025,1,1.6
"Oak Harbor, WA",city,2025,2,1.1
"Oak Harbor, WA",city,2025,3,0.7
"Oak Harbor, WA",city,2025,4,0.3
"Oak Harbor, WA",city,2025,5,0.1
"Oak Harbor, WA",city,2025,6,0.1
"Oak Harbor, WA",city,2025,7,0.0
"Oak Harbor, WA",city,2025,8,0.0
"Oak Harbor, WA",city,2025,9,0.0
"Oak Harbor, WA",city,2025,10,0.0
"Oak Harbor, WA",city,2025,11,0.0
"Oak Harbor, WA",city,2025,12,0.0
"Oak Harbor, WA",city,2025,13,0.0
"Oak Harbor, WA",city,2025,14,0.0
"Oak Harbor, WA",city,2025,15,0.0
"Oak Harbor, WA",city,2025,16,0.0
"Oak Harbor, WA",city,2025,17,0.0
"Oak Harbor, WA",city,2025,18,0.0
"Oak Harbor, WA",city,2025,19,0.0
"Oak Harbor, WA",city,2025,20,0.2
"Oak Harbor, WA",city,2025,21,0.8
"Oak Harbor, WA",city,2025,22,1.4
"Oak Harbor, WA",city,2025,23,1.8
"Oak Park, IL",city,2025,0,8.3
"Oak Park, IL",city,2025,1,7.3
"Oak Park, IL",city,2025,2,6.4
"Oak Park, IL",city,2025,3,5.7
"Oak Park, IL",city,2025,4,5.2
"Oak Park, IL",city,2025,5,4.7
"Oak Park, IL",city,2025,6,4.2
"Oak Park, IL",city,2025,7,3.3
"Oak Park, IL",city,2025,8,2.7
"Oak Park, IL",city,2025,9,2.7
"Oak Park, IL",city,2025,10,2.8
"Oak Park, IL",city,2025,11,3.3
"Oak Park, IL",city,2025,12,3.9
"Oak Park, IL",city,2025,13,4.2
"Oak Park, IL",city,2025,14,4.8
"Oak Park, IL",city,2025,15,5.6
"Oak Park, IL",city,2025,16,6.9
"Oak Park, IL",city,2025,17,9.1
"Oak Park, IL",city,2025,18,10.7
"Oak Park, IL",city,2025,19,11.6
"Oak Park, IL",city,2025,20,12.0
"Oak Park, IL",city,2025,21,11.8
"Oak Park, IL",city,2025,22,11.0
"Oak Park, IL",city,2025,23,9.8
"Oakland, CA",city,2025,0,79.0
"Oakland, CA",city,2025,1,68.1
"Oakland, CA",city,2025,2,57.4
"Oakland, CA",city,2025,3,49.1
"Oakland, CA",city,2025,4,42.3
"Oakland, CA",city,2025,5,37.0
"Oakland, CA",city,2025,6,32.3
"Oakland, CA",city,2025,7,25.6
"Oakland, CA",city,2025,8,21.5
"Oakland, CA",city,2025,9,20.6
"Oakland, CA",city,2025,10,22.3
"Oakland, CA",city,2025,11,25.5
"Oakland, CA",city,2025,12,29.4
"Oakland, CA",city,2025,13,32.7
"Oakland, CA",city,2025,14,36.6
"Oakland, CA",city,2025,15,42.8
"Oakland, CA",city,2025,16,53.3
"Oakland, CA",city,2025,17,70.0
"Oakland, CA",city,2025,18,82.2
"Oakland, CA",city,2025,19,88.4
"Oakland, CA",city,2025,20,94.4
"Oakland, CA",city,2025,21,97.0
"Oakland, CA",city,2025,22,94.9
"Oakland, CA",city,2025,23,89.4
"Ocala, FL",city,2025,0,12.2
"Ocala, FL",city,2025,1,10.7
"Ocala, FL",city,2025,2,9.3
"Ocala, FL",city,2025,3,8.4
"Ocala, FL",city,2025,4,7.6
"Ocala, FL",city,2025,5,6.9
"Ocala, FL",city,2025,6,6.1
"Ocala, FL",city,2025,7,4.9
"Ocala, FL",city,2025,8,4.1
"Ocala, FL",city,2025,9,4.0
"Ocala, FL",city,2025,10,4.2
"Ocala, FL",city,2025,11,4.9
"Ocala, FL",city,2025,12,5.6
"Ocala, FL",city,2025,13,6.2
"Ocala, FL",city,2025,14,7.0
"Ocala, FL",city,2025,15,8.2
"Ocala, FL",city,2025,16,10.2
"Ocala, FL",city,2025,17,13.4
"Ocala, FL",city,2025,18,15.8
"Ocala, FL",city,2025,19,16.9
"Ocala, FL",city,2025,20,17.7
"Ocala, FL",city,2025,21,17.4
"Ocala, FL",city,2025,22,16.1
"Ocala, FL",city,2025,23,14.4
"Oklahoma City, OK",city,2025,0,23.0
"Oklahoma City, OK",city,2025,1,18.5
"Oklahoma City, OK",city,2025,2,13.5
"Oklahoma City, OK",city,2025,3,8.6
"Oklahoma City, OK",city,2025,4,4.8
"Oklahoma City, OK",city,2025,5,2.6
"Oklahoma City, OK",city,2025,6,1.7
"Oklahoma City, OK",city,2025,7,1.2
"Oklahoma City, OK",city,2025,8,1.0
"Oklahoma City, OK",city,2025,9,0.9
"Oklahoma City, OK",city,2025,10,0.9
"Oklahoma City, OK",city,2025,11,1.0
"Oklahoma City, OK",city,2025,12,1.2
"Oklahoma City, OK",city,2025,13,1.4
"Oklahoma City, OK",city,2025,14,1.4
"Oklahoma City, OK",city,2025,15,1.5
"Oklahoma City, OK",city,2025,16,1.8
"Oklahoma City, OK",city,2025,17,2.4
"Oklahoma City, OK",city,2025,18,2.7
"Oklahoma City, OK",city,2025,19,3.0
"Oklahoma City, OK",city,2025,20,6.1
"Oklahoma City, OK",city,2025,21,11.9
"Oklahoma City, OK",city,2025,22,17.4
"Oklahoma City, OK",city,2025,23,22.0
"Olathe, KS MO",city,2025,0,2.0
"Olathe, KS MO",city,2025,1,1.7
"Olathe, KS MO",city,2025,2,1.5
"Olathe, KS MO",city,2025,3,1.2
"Olathe, KS MO",city,2025,4,1.0
"Olathe, KS MO",city,2025,5,0.9
"Olathe, KS MO",city,2025,6,0.8
"Olathe, KS MO",city,2025,7,0.7
"Olathe, KS MO",city,2025,8,0.6
"Olathe, KS MO",city,2025,9,0.5
"Olathe, KS MO",city,2025,10,0.6
"Olathe, KS MO",city,2025,11,0.7
"Olathe, KS MO",city,2025,12,0.7
"Olathe, KS MO",city,2025,13,0.8
"Olathe, KS MO",city,2025,14,0.9
"Olathe, KS MO",city,2025,15,1.0
"Olathe, KS MO",city,2025,16,1.2
"Olathe, KS MO",city,2025,17,1.7
"Olathe, KS MO",city,2025,18,2.0
"Olathe, KS MO",city,2025,19,2.2
"Olathe, KS MO",city,2025,20,2.3
"Olathe, KS MO",city,2025,21,2.4
"Olathe, KS MO",city,2025,22,2.4
"Olathe, KS MO",city,2025,23,2.3
"Olympia, WA",city,2025,0,6.6
"Olympia, WA",city,2025,1,5.6
"Olympia, WA",city,2025,2,4.4
"Olympia, WA",city,2025,3,3.4
"Olympia, WA",city,2025,4,2.6
"Olympia, WA",city,2025,5,2.0
"Olympia, WA",city,2025,6,1.7
"Olympia, WA",city,2025,7,1.4
"Olympia, WA",city,2025,8,1.1
"Olympia, WA",city,2025,9,1.0
"Olympia, WA",city,2025,10,1.1
"Olympia, WA",city,2025,11,1.2
"Olympia, WA",city,2025,12,1.5
"Olympia, WA",city,2025,13,1.7
"Olympia, WA",city,2025,14,1.8
"Olympia, WA",city,2025,15,2.2
"Olympia, WA",city,2025,16,2.7
"Olympia, WA",city,2025,17,3.5
"Olympia, WA",city,2025,18,4.2
"Olympia, WA",city,2025,19,4.4
"Olympia, WA",city,2025,20,5.1
"Olympia, WA",city,2025,21,6.0
"Olympia, WA",city,2025,22,6.7
"Olympia, WA",city,2025,23,7.0
"Orange County, FL",county,2025,0,52.4
"Orange County, FL",county,2025,1,45.9
"Orange County, FL",county,2025,2,40.1
"Orange County, FL",county,2025,3,36.1
"Orange County, FL",county,2025,4,32.7
"Orange County, FL",county,2025,5,29.7
"Orange County, FL",county,2025,6,26.2
"Orange County, FL",county,2025,7,20.9
"Orange County, FL",county,2025,8,17.5
"Orange County, FL",county,2025,9,16.8
"Orange County, FL",county,2025,10,18.2
"Orange County, FL",county,2025,11,20.8
"Orange County, FL",county,2025,12,24.1
"Orange County, FL",county,2025,13,26.8
"Orange County, FL",county,2025,14,30.0
"Orange County, FL",county,2025,15,35.2
"Orange County, FL",county,2025,16,43.9
"Orange County, FL",county,2025,17,57.6
"Orange County, FL",county,2025,18,67.7
"Orange County, FL",county,2025,19,72.8
"Orange County, FL",county,2025,20,76.0
"Orange County, FL",county,2025,21,74.4
"Orange County, FL",county,2025,22,69.2
"Orange County, FL",county,2025,23,61.7
"Orlando, FL",city,2025,0,176.9
"Orlando, FL",city,2025,1,155.2
"Orlando, FL",city,2025,2,135.5
"Orlando, FL",city,2025,3,122.0
"Orlando, FL",city,2025,4,110.5
"Orlando, FL",city,2025,5,100.1
"Orlando, FL",city,2025,6,88.6
"Orlando, FL",city,2025,7,70.6
"Orlando, FL",city,2025,8,59.2
"Orlando, FL",city,2025,9,56.9
"Orlando, FL",city,2025,10,61.5
"Orlando, FL",city,2025,11,70.5
"Orlando, FL",city,2025,12,81.4
"Orlando, FL",city,2025,13,90.5
"Orlando, FL",city,2025,14,101.5
"Orlando, FL",city,2025,15,119.1
"Orlando, FL",city,2025,16,148.4
"Orlando, FL",city,2025,17,194.8
"Orlando, FL",city,2025,18,228.8
"Orlando, FL",city,2025,19,246.0
"Orlando, FL",city,2025,20,256.8
"Orlando, FL",city,2025,21,251.6
"Orlando, FL",city,2025,22,233.9
"Orlando, FL",city,2025,23,208.6
"Osceola County, FL",county,2025,0,48.3
"Osceola County, FL",county,2025,1,40.2
"Osceola County, FL",county,2025,2,31.6
"Osceola County, FL",county,2025,3,23.8
"Osceola County, FL",county,2025,4,17.5
"Osceola County, FL",county,2025,5,13.6
"Osceola County, FL",county,2025,6,11.1
"Osceola County, FL",county,2025,7,8.8
"Osceola County, FL",county,2025,8,7.3
"Osceola County, FL",county,2025,9,6.9
"Osceola County, FL",county,2025,10,7.4
"Osceola County, FL",county,2025,11,8.4
"Osceola County, FL",county,2025,12,9.9
"Osceola County, FL",county,2025,13,11.0
"Osceola County, FL",county,2025,14,12.0
"Osceola County, FL",county,2025,15,14.0
"Osceola County, FL",county,2025,16,17.4
"Osceola County, FL",county,2025,17,22.8
"Osceola County, FL",county,2025,18,26.8
"Osceola County, FL",county,2025,19,28.8
"Osceola County, FL",county,2025,20,34.1
"Osceola County, FL",county,2025,21,41.2
"Osceola County, FL",county,2025,22,46.7
"Osceola County, FL",county,2025,23,50.2
"Overland Park, KS MO",city,2025,0,9.4
"Overland Park, KS MO",city,2025,1,8.3
"Overland Park, KS MO",city,2025,2,7.2
"Overland Park, KS MO",city,2025,3,6.5
"Overland Park, KS MO",city,2025,4,5.9
"Overland Park, KS MO",city,2025,5,5.3
"Overland Park, KS MO",city,2025,6,4.8
"Overland Park, KS MO",city,2025,7,3.8
"Overland Park, KS MO",city,2025,8,3.2
"Overland Park, KS MO",city,2025,9,3.1
"Overland Park, KS MO",city,2025,10,3.3
"Overland Park, KS MO",city,2025,11,3.8
"Overland Park, KS MO",city,2025,12,4.3
"Overland Park, KS MO",city,2025,13,4.8
"Overland Park, KS MO",city,2025,14,5.5
"Overland Park, KS MO",city,2025,15,6.4
"Overland Park, KS MO",city,2025,16,8.0
"Overland Park, KS MO",city,2025,17,10.3
"Overland Park, KS MO",city,2025,18,12.2
"Overland Park, KS MO",city,2025,19,13.2
"Overland Park, KS MO",city,2025,20,13.8
"Overland Park, KS MO",city,2025,21,13.4
"Overland Park, KS MO",city,2025,22,12.5
"Overland Park, KS MO",city,2025,23,11.1
"Ozaukee County, WI",county,2025,0,4.5
"Ozaukee County, WI",county,2025,1,4.0
"Ozaukee County, WI",county,2025,2,3.5
"Ozaukee County, WI",county,2025,3,3.2
"Ozaukee County, WI",county,2025,4,2.8
"Ozaukee County, WI",county,2025,5,2.6
"Ozaukee County, WI",county,2025,6,2.3
"Ozaukee County, WI",county,2025,7,1.8
"Ozaukee County, WI",county,2025,8,1.6
"Ozaukee County, WI",county,2025,9,1.5
"Ozaukee County, WI",county,2025,10,1.6
"Ozaukee County, WI",county,2025,11,1.8
"Ozaukee County, WI",county,2025,12,2.2
"Ozaukee County, WI",county,2025,13,2.4
"Ozaukee County, WI",county,2025,14,2.6
"Ozaukee County, WI",county,2025,15,3.1
"Ozaukee County, WI",county,2025,16,3.9
"Ozaukee County, WI",county,2025,17,5.1
"Ozaukee County, WI",county,2025,18,5.9
"Ozaukee County, WI",county,2025,19,6.4
"Ozaukee County, WI",county,2025,20,6.7
"Ozaukee County, WI",county,2025,21,6.6
"Ozaukee County, WI",county,2025,22,6.0
"Ozaukee County, WI",county,2025,23,5.5
"Palm Beach County, FL",county,2025,0,19.4
"Palm Beach County, FL",county,2025,1,15.6
"Palm Beach County, FL",county,2025,2,11.0
"Palm Beach County, FL",county,2025,3,6.7
"Palm Beach County, FL",county,2025,4,3.3
"Palm Beach County, FL",county,2025,5,1.4
"Palm Beach County, FL",county,2025,6,0.6
"Palm Beach County, FL",county,2025,7,0.3
"Palm Beach County, FL",county,2025,8,0.2
"Palm Beach County, FL",county,2025,9,0.2
"Palm Beach County, FL",county,2025,10,0.1
"Palm Beach County, FL",county,2025,11,0.1
"Palm Beach County, FL",county,2025,12,0.2
"Palm Beach County, FL",county,2025,13,0.3
"Palm Beach County, FL",county,2025,14,0.1
"Palm Beach County, FL",county,2025,15,0.1
"Palm Beach County, FL",county,2025,16,0.0
"Palm Beach County, FL",county,2025,17,0.1
"Palm Beach County, FL",county,2025,18,0.0
"Palm Beach County, FL",county,2025,19,0.0
"Palm Beach County, FL",county,2025,20,2.8
"Palm Beach County, FL",county,2025,21,8.4
"Palm Beach County, FL",county,2025,22,13.6
"Palm Beach County, FL",county,2025,23,18.2
"Palm Springs, CA",city,2025,0,4.7
"Palm Springs, CA",city,2025,1,3.8
"Palm Springs, CA",city,2025,2,2.6
"Palm Springs, CA",city,2025,3,1.6
"Palm Springs, CA",city,2025,4,0.8
"Palm Springs, CA",city,2025,5,0.3
"Palm Springs, CA",city,2025,6,0.1
"Palm Springs, CA",city,2025,7,0.1
"Palm Springs, CA",city,2025,8,0.1
"Palm Springs, CA",city,2025,9,0.1
"Palm Springs, CA",city,2025,10,0.1
"Palm Springs, CA",city,2025,11,0.1
"Palm Springs, CA",city,2025,12,0.1
"Palm Springs, CA",city,2025,13,0.1
"Palm Springs, CA",city,2025,14,0.1
"Palm Springs, CA",city,2025,15,0.1
"Palm Springs, CA",city,2025,16,0.1
"Palm Springs, CA",city,2025,17,0.1
"Palm Springs, CA",city,2025,18,0.1
"Palm Springs, CA",city,2025,19,0.1
"Palm Springs, CA",city,2025,20,0.8
"Palm Springs, CA",city,2025,21,2.0
"Palm Springs, CA",city,2025,22,3.3
"Palm Springs, CA",city,2025,23,4.4
"Palo Alto, CA",city,2025,0,3.0
"Palo Alto, CA",city,2025,1,2.6
"Palo Alto, CA",city,2025,2,2.2
"Palo Alto, CA",city,2025,3,1.9
"Palo Alto, CA",city,2025,4,1.7
"Palo Alto, CA",city,2025,5,1.6
"Palo Alto, CA",city,2025,6,1.4
"Palo Alto, CA",city,2025,7,1.1
"Palo Alto, CA",city,2025,8,0.9
"Palo Alto, CA",city,2025,9,0.9
"Palo Alto, CA",city,2025,10,0.9
"Palo Alto, CA",city,2025,11,1.0
"Palo Alto, CA",city,2025,12,1.2
"Palo Alto, CA",city,2025,13,1.4
"Palo Alto, CA",city,2025,14,1.6
"Palo Alto, CA",city,2025,15,1.8
"Palo Alto, CA",city,2025,16,2.3
"Palo Alto, CA",city,2025,17,3.0
"Palo Alto, CA",city,2025,18,3.5
"Palo Alto, CA",city,2025,19,3.8
"Palo Alto, CA",city,2025,20,4.0
"Palo Alto, CA",city,2025,21,4.0
"Palo Alto, CA",city,2025,22,3.8
"Palo Alto, CA",city,2025,23,3.4
"Parsons, TN",city,2025,0,6.1
"Parsons, TN",city,2025,1,5.3
"Parsons, TN",city,2025,2,4.7
"Parsons, TN",city,2025,3,4.2
"Parsons, TN",city,2025,4,3.9
"Parsons, TN",city,2025,5,3.4
"Parsons, TN",city,2025,6,3.1
"Parsons, TN",city,2025,7,2.4
"Parsons, TN",city,2025,8,2.0
"Parsons, TN",city,2025,9,1.9
"Parsons, TN",city,2025,10,2.2
"Parsons, TN",city,2025,11,2.4
"Parsons, TN",city,2025,12,2.8
"Parsons, TN",city,2025,13,3.1
"Parsons, TN",city,2025,14,3.5
"Parsons, TN",city,2025,15,4.1
"Parsons, TN",city,2025,16,5.1
"Parsons, TN",city,2025,17,6.7
"Parsons, TN",city,2025,18,7.8
"Parsons, TN",city,2025,19,8.5
"Parsons, TN",city,2025,20,8.9
"Parsons, TN",city,2025,21,8.6
"Parsons, TN",city,2025,22,8.1
"Parsons, TN",city,2025,23,7.2
"Pasco County, FL",county,2025,0,21.9
"Pasco County, FL",county,2025,1,17.5
"Pasco County, FL",county,2025,2,12.5
"Pasco County, FL",county,2025,3,7.5
"Pasco County, FL",county,2025,4,3.6
"Pasco County, FL",county,2025,5,1.5
"Pasco County, FL",county,2025,6,0.7
"Pasco County, FL",county,2025,7,0.3
"Pasco County, FL",county,2025,8,0.3
"Pasco County, FL",county,2025,9,0.2
"Pasco County, FL",county,2025,10,0.2
"Pasco County, FL",county,2025,11,0.1
"Pasco County, FL",county,2025,12,0.2
"Pasco County, FL",county,2025,13,0.3
"Pasco County, FL",county,2025,14,0.1
"Pasco County, FL",county,2025,15,0.1
"Pasco County, FL",county,2025,16,0.0
"Pasco County, FL",county,2025,17,0.0
"Pasco County, FL",county,2025,18,0.0
"Pasco County, FL",county,2025,19,0.0
"Pasco County, FL",county,2025,20,3.2
"Pasco County, FL",county,2025,21,9.4
"Pasco County, FL",county,2025,22,15.3
"Pasco County, FL",county,2025,23,20.6
"Petersburg, VA",city,2025,0,3.5
"Petersburg, VA",city,2025,1,3.1
"Petersburg, VA",city,2025,2,2.7
"Petersburg, VA",city,2025,3,2.4
"Petersburg, VA",city,2025,4,2.2
"Petersburg, VA",city,2025,5,2.0
"Petersburg, VA",city,2025,6,1.8
"Petersburg, VA",city,2025,7,1.4
"Petersburg, VA",city,2025,8,1.1
"Petersburg, VA",city,2025,9,1.1
"Petersburg, VA",city,2025,10,1.2
"Petersburg, VA",city,2025,11,1.4
"Petersburg, VA",city,2025,12,1.6
"Petersburg, VA",city,2025,13,1.8
"Petersburg, VA",city,2025,14,2.0
"Petersburg, VA",city,2025,15,2.4
"Petersburg, VA",city,2025,16,3.0
"Petersburg, VA",city,2025,17,3.9
"Petersburg, VA",city,2025,18,4.5
"Petersburg, VA",city,2025,19,4.9
"Petersburg, VA",city,2025,20,5.1
"Petersburg, VA",city,2025,21,5.0
"Petersburg, VA",city,2025,22,4.7
"Petersburg, VA",city,2025,23,4.2
"Philadelphia, PA",city,2025,0,84.2
"Philadelphia, PA",city,2025,1,73.9
"Philadelphia, PA",city,2025,2,64.4
"Philadelphia, PA",city,2025,3,58.1
"Philadelphia, PA",city,2025,4,52.5
"Philadelphia, PA",city,2025,5,47.6
"Philadelphia, PA",city,2025,6,42.2
"Philadelphia, PA",city,2025,7,33.5
"Philadelphia, PA",city,2025,8,28.2
"Philadelphia, PA",city,2025,9,27.0
"Philadelphia, PA",city,2025,10,29.2
"Philadelphia, PA",city,2025,11,33.5
"Philadelphia, PA",city,2025,12,38.8
"Philadelphia, PA",city,2025,13,43.1
"Philadelphia, PA",city,2025,14,48.3
"Philadelphia, PA",city,2025,15,56.7
"Philadelphia, PA",city,2025,16,70.6
"Philadelphia, PA",city,2025,17,92.6
"Philadelphia, PA",city,2025,18,108.9
"Philadelphia, PA",city,2025,19,117.0
"Philadelphia, PA",city,2025,20,122.2
"Philadelphia, PA",city,2025,21,119.7
"Philadelphia, PA",city,2025,22,111.2
"Philadelphia, PA",city,2025,23,99.2
"Pierce County, WA",county,2025,0,32.0
"Pierce County, WA",county,2025,1,26.8
"Pierce County, WA",county,2025,2,21.1
"Pierce County, WA",county,2025,3,16.1
"Pierce County, WA",county,2025,4,12.2
"Pierce County, WA",county,2025,5,9.5
"Pierce County, WA",county,2025,6,8.0
"Pierce County, WA",county,2025,7,6.2
"Pierce County, WA",county,2025,8,5.2
"Pierce County, WA",county,2025,9,4.9
"Pierce County, WA",county,2025,10,5.3
"Pierce County, WA",county,2025,11,6.0
"Pierce County, WA",county,2025,12,7.0
"Pierce County, WA",county,2025,13,7.8
"Pierce County, WA",county,2025,14,8.6
"Pierce County, WA",county,2025,15,10.0
"Pierce County, WA",county,2025,16,12.5
"Pierce County, WA",county,2025,17,16.4
"Pierce County, WA",county,2025,18,19.2
"Pierce County, WA",county,2025,19,20.6
"Pierce County, WA",county,2025,20,24.0
"Pierce County, WA",county,2025,21,28.5
"Pierce County, WA",county,2025,22,31.7
"Pierce County, WA",county,2025,23,33.6
"Pinellas County, FL",county,2025,0,39.7
"Pinellas County, FL",county,2025,1,31.7
"Pinellas County, FL",county,2025,2,22.6
"Pinellas County, FL",county,2025,3,13.6
"Pinellas County, FL",county,2025,4,6.6
"Pinellas County, FL",county,2025,5,2.7
"Pinellas County, FL",county,2025,6,1.1
"Pinellas County, FL",county,2025,7,0.7
"Pinellas County, FL",county,2025,8,0.6
"Pinellas County, FL",county,2025,9,0.3
"Pinellas County, FL",county,2025,10,0.3
"Pinellas County, FL",county,2025,11,0.3
"Pinellas County, FL",county,2025,12,0.5
"Pinellas County, FL",county,2025,13,0.6
"Pinellas County, FL",county,2025,14,0.3
"Pinellas County, FL",county,2025,15,0.1
"Pinellas County, FL",county,2025,16,0.0
"Pinellas County, FL",county,2025,17,0.1
"Pinellas County, FL",county,2025,18,0.0
"Pinellas County, FL",county,2025,19,0.0
"Pinellas County, FL",county,2025,20,5.8
"Pinellas County, FL",county,2025,21,17.0
"Pinellas County, FL",county,2025,22,27.8
"Pinellas County, FL",county,2025,23,37.2
"Pittsburg, CA",city,2025,0,4.8
"Pittsburg, CA",city,2025,1,3.9
"Pittsburg, CA",city,2025,2,3.0
"Pittsburg, CA",city,2025,3,2.2
"Pittsburg, CA",city,2025,4,1.5
"Pittsburg, CA",city,2025,5,1.0
"Pittsburg, CA",city,2025,6,0.8
"Pittsburg, CA",city,2025,7,0.6
"Pittsburg, CA",city,2025,8,0.6
"Pittsburg, CA",city,2025,9,0.5
"Pittsburg, CA",city,2025,10,0.6
"Pittsburg, CA",city,2025,11,0.6
"Pittsburg, CA",city,2025,12,0.7
"Pittsburg, CA",city,2025,13,0.8
"Pittsburg, CA",city,2025,14,0.8
"Pittsburg, CA",city,2025,15,0.9
"Pittsburg, CA",city,2025,16,1.1
"Pittsburg, CA",city,2025,17,1.6
"Pittsburg, CA",city,2025,18,1.8
"Pittsburg, CA",city,2025,19,1.9
"Pittsburg, CA",city,2025,20,2.5
"Pittsburg, CA",city,2025,21,3.4
"Pittsburg, CA",city,2025,22,4.2
"Pittsburg, CA",city,2025,23,4.8
"Pittsburgh, PA",city,2025,0,13.2
"Pittsburgh, PA",city,2025,1,11.6
"Pittsburgh, PA",city,2025,2,10.1
"Pittsburgh, PA",city,2025,3,9.1
"Pittsburgh, PA",city,2025,4,8.2
"Pittsburgh, PA",city,2025,5,7.5
"Pittsburgh, PA",city,2025,6,6.6
"Pittsburgh, PA",city,2025,7,5.2
"Pittsburgh, PA",city,2025,8,4.4
"Pittsburgh, PA",city,2025,9,4.2
"Pittsburgh, PA",city,2025,10,4.5
"Pittsburgh, PA",city,2025,11,5.2
"Pittsburgh, PA",city,2025,12,6.0
"Pittsburgh, PA",city,2025,13,6.7
"Pittsburgh, PA",city,2025,14,7.6
"Pittsburgh, PA",city,2025,15,8.9
"Pittsburgh, PA",city,2025,16,11.0
"Pittsburgh, PA",city,2025,17,14.5
"Pittsburgh, PA",city,2025,18,17.0
"Pittsburgh, PA",city,2025,19,18.3
"Pittsburgh, PA",city,2025,20,19.1
"Pittsburgh, PA",city,2025,21,18.8
"Pittsburgh, PA",city,2025,22,17.4
"Pittsburgh, PA",city,2025,23,15.6
"Plano, TX",city,2025,0,1.6
"Plano, TX",city,2025,1,1.5
"Plano, TX",city,2025,2,1.2
"Plano, TX",city,2025,3,1.0
"Plano, TX",city,2025,4,0.9
"Plano, TX",city,2025,5,0.8
"Plano, TX",city,2025,6,0.7
"Plano, TX",city,2025,7,0.6
"Plano, TX",city,2025,8,0.5
"Plano, TX",city,2025,9,0.5
"Plano, TX",city,2025,10,0.5
"Plano, TX",city,2025,11,0.6
"Plano, TX",city,2025,12,0.7
"Plano, TX",city,2025,13,0.7
"Plano, TX",city,2025,14,0.8
"Plano, TX",city,2025,15,0.9
"Plano, TX",city,2025,16,1.1
"Plano, TX",city,2025,17,1.5
"Plano, TX",city,2025,18,1.8
"Plano, TX",city,2025,19,1.9
"Plano, TX",city,2025,20,2.0
"Plano, TX",city,2025,21,2.0
"Plano, TX",city,2025,22,2.0
"Plano, TX",city,2025,23,1.8
"Polk County, FL",county,2025,0,48.1
"Polk County, FL",county,2025,1,41.9
"Polk County, FL",county,2025,2,36.2
"Polk County, FL",county,2025,3,32.2
"Polk County, FL",county,2025,4,28.6
"Polk County, FL",county,2025,5,25.8
"Polk County, FL",county,2025,6,22.7
"Polk County, FL",county,2025,7,18.1
"Polk County, FL",county,2025,8,15.1
"Polk County, FL",county,2025,9,14.5
"Polk County, FL",county,2025,10,15.7
"Polk County, FL",county,2025,11,18.0
"Polk County, FL",county,2025,12,20.8
"Polk County, FL",county,2025,13,23.2
"Polk County, FL",county,2025,14,25.9
"Polk County, FL",county,2025,15,30.5
"Polk County, FL",county,2025,16,37.8
"Polk County, FL",county,2025,17,49.8
"Polk County, FL",county,2025,18,58.4
"Polk County, FL",county,2025,19,62.8
"Polk County, FL",county,2025,20,66.0
"Polk County, FL",county,2025,21,65.5
"Polk County, FL",county,2025,22,61.8
"Polk County, FL",county,2025,23,56.0
"Porterville, CA",city,2025,0,1.2
"Porterville, CA",city,2025,1,1.0
"Porterville, CA",city,2025,2,0.9
"Porterville, CA",city,2025,3,0.9
"Porterville, CA",city,2025,4,0.8
"Porterville, CA",city,2025,5,0.7
"Porterville, CA",city,2025,6,0.7
"Porterville, CA",city,2025,7,0.5
"Porterville, CA",city,2025,8,0.5
"Porterville, CA",city,2025,9,0.3
"Porterville, CA",city,2025,10,0.5
"Porterville, CA",city,2025,11,0.5
"Porterville, CA",city,2025,12,0.6
"Porterville, CA",city,2025,13,0.7
"Porterville, CA",city,2025,14,0.7
"Porterville, CA",city,2025,15,0.8
"Porterville, CA",city,2025,16,1.0
"Porterville, CA",city,2025,17,1.4
"Porterville, CA",city,2025,18,1.6
"Porterville, CA",city,2025,19,1.7
"Porterville, CA",city,2025,20,1.8
"Porterville, CA",city,2025,21,1.8
"Porterville, CA",city,2025,22,1.6
"Porterville, CA",city,2025,23,1.5
"Portland, ME",city,2025,0,8.9
"Portland, ME",city,2025,1,7.2
"Portland, ME",city,2025,2,5.1
"Portland, ME",city,2025,3,3.1
"Portland, ME",city,2025,4,1.5
"Portland, ME",city,2025,5,0.6
"Portland, ME",city,2025,6,0.2
"Portland, ME",city,2025,7,0.1
"Portland, ME",city,2025,8,0.1
"Portland, ME",city,2025,9,0.1
"Portland, ME",city,2025,10,0.1
"Portland, ME",city,2025,11,0.1
"Portland, ME",city,2025,12,0.1
"Portland, ME",city,2025,13,0.1
"Portland, ME",city,2025,14,0.1
"Portland, ME",city,2025,15,0.0
"Portland, ME",city,2025,16,0.0
"Portland, ME",city,2025,17,0.0
"Portland, ME",city,2025,18,0.0
"Portland, ME",city,2025,19,0.0
"Portland, ME",city,2025,20,1.2
"Portland, ME",city,2025,21,3.9
"Portland, ME",city,2025,22,6.2
"Portland, ME",city,2025,23,8.3
"Portland, OR WA",city,2025,0,16.9
"Portland, OR WA",city,2025,1,14.8
"Portland, OR WA",city,2025,2,12.8
"Portland, OR WA",city,2025,3,11.4
"Portland, OR WA",city,2025,4,10.1
"Portland, OR WA",city,2025,5,9.1
"Portland, OR WA",city,2025,6,8.1
"Portland, OR WA",city,2025,7,6.4
"Portland, OR WA",city,2025,8,5.3
"Portland, OR WA",city,2025,9,5.1
"Portland, OR WA",city,2025,10,5.6
"Portland, OR WA",city,2025,11,6.4
"Portland, OR WA",city,2025,12,7.4
"Portland, OR WA",city,2025,13,8.2
"Portland, OR WA",city,2025,14,9.2
"Portland, OR WA",city,2025,15,10.8
"Portland, OR WA",city,2025,16,13.4
"Portland, OR WA",city,2025,17,17.6
"Portland, OR WA",city,2025,18,20.7
"Portland, OR WA",city,2025,19,22.3
"Portland, OR WA",city,2025,20,23.3
"Portland, OR WA",city,2025,21,23.2
"Portland, OR WA",city,2025,22,21.8
"Portland, OR WA",city,2025,23,19.8
"Portsmouth, NH",city,2025,0,2.0
"Portsmouth, NH",city,2025,1,1.8
"Portsmouth, NH",city,2025,2,1.6
"Portsmouth, NH",city,2025,3,1.4
"Portsmouth, NH",city,2025,4,1.2
"Portsmouth, NH",city,2025,5,1.1
"Portsmouth, NH",city,2025,6,1.0
"Portsmouth, NH",city,2025,7,0.8
"Portsmouth, NH",city,2025,8,0.7
"Portsmouth, NH",city,2025,9,0.7
"Portsmouth, NH",city,2025,10,0.7
"Portsmouth, NH",city,2025,11,0.8
"Portsmouth, NH",city,2025,12,0.9
"Portsmouth, NH",city,2025,13,1.0
"Portsmouth, NH",city,2025,14,1.1
"Portsmouth, NH",city,2025,15,1.4
"Portsmouth, NH",city,2025,16,1.7
"Portsmouth, NH",city,2025,17,2.3
"Portsmouth, NH",city,2025,18,2.6
"Portsmouth, NH",city,2025,19,2.8
"Portsmouth, NH",city,2025,20,3.0
"Portsmouth, NH",city,2025,21,3.0
"Portsmouth, NH",city,2025,22,2.7
"Portsmouth, NH",city,2025,23,2.4
"Prince George's County, DC VA",county,2025,0,9.4
"Prince George's County, DC VA",county,2025,1,8.3
"Prince George's County, DC VA",county,2025,2,7.3
"Prince George's County, DC VA",county,2025,3,6.5
"Prince George's County, DC VA",county,2025,4,5.9
"Prince George's County, DC VA",county,2025,5,5.3
"Prince George's County, DC VA",county,2025,6,4.8
"Prince George's County, DC VA",county,2025,7,3.8
"Prince George's County, DC VA",county,2025,8,3.2
"Prince George's County, DC VA",county,2025,9,3.1
"Prince George's County, DC VA",county,2025,10,3.3
"Prince George's County, DC VA",county,2025,11,3.8
"Prince George's County, DC VA",county,2025,12,4.3
"Prince George's County, DC VA",county,2025,13,4.8
"Prince George's County, DC VA",county,2025,14,5.5
"Prince George's County, DC VA",county,2025,15,6.4
"Prince George's County, DC VA",county,2025,16,8.0
"Prince George's County, DC VA",county,2025,17,10.3
"Prince George's County, DC VA",county,2025,18,12.2
"Prince George's County, DC VA",county,2025,19,13.2
"Prince George's County, DC VA",county,2025,20,13.8
"Prince George's County, DC VA",county,2025,21,13.4
"Prince George's County, DC VA",county,2025,22,12.5
"Prince George's County, DC VA",county,2025,23,11.1
"Prince William County, DC VA",county,2025,0,2.7
"Prince William County, DC VA",county,2025,1,2.4
"Prince William County, DC VA",county,2025,2,2.2
"Prince William County, DC VA",county,2025,3,1.9
"Prince William County, DC VA",county,2025,4,1.7
"Prince William County, DC VA",county,2025,5,1.6
"Prince William County, DC VA",county,2025,6,1.4
"Prince William County, DC VA",county,2025,7,1.1
"Prince William County, DC VA",county,2025,8,0.9
"Prince William County, DC VA",county,2025,9,0.9
"Prince William County, DC VA",county,2025,10,0.9
"Prince William County, DC VA",county,2025,11,1.1
"Prince William County, DC VA",county,2025,12,1.2
"Prince William County, DC VA",county,2025,13,1.4
"Prince William County, DC VA",county,2025,14,1.6
"Prince William County, DC VA",county,2025,15,1.8
"Prince William County, DC VA",county,2025,16,2.3
"Prince William County, DC VA",county,2025,17,3.1
"Prince William County, DC VA",county,2025,18,3.5
"Prince William County, DC VA",county,2025,19,3.9
"Prince William County, DC VA",county,2025,20,4.0
"Prince William County, DC VA",county,2025,21,4.0
"Prince William County, DC VA",county,2025,22,3.6
"Prince William County, DC VA",county,2025,23,3.3
"Prince William County, VA",county,2025,0,45.2
"Prince William County, VA",county,2025,1,39.7
"Prince William County, VA",county,2025,2,34.5
"Prince William County, VA",county,2025,3,31.1
"Prince William County, VA",county,2025,4,28.2
"Prince William County, VA",county,2025,5,25.6
"Prince William County, VA",county,2025,6,22.6
"Prince William County, VA",county,2025,7,18.1
"Prince William County, VA",county,2025,8,15.1
"Prince William County, VA",county,2025,9,14.5
"Prince William County, VA",county,2025,10,15.7
"Prince William County, VA",county,2025,11,18.0
"Prince William County, VA",county,2025,12,20.8
"Prince William County, VA",county,2025,13,23.1
"Prince William County, VA",county,2025,14,25.9
"Prince William County, VA",county,2025,15,30.5
"Prince William County, VA",county,2025,16,37.8
"Prince William County, VA",county,2025,17,49.8
"Prince William County, VA",county,2025,18,58.4
"Prince William County, VA",county,2025,19,62.8
"Prince William County, VA",county,2025,20,65.6
"Prince William County, VA",county,2025,21,64.2
"Prince William County, VA",county,2025,22,59.8
"Prince William County, VA",county,2025,23,53.3
"Raleigh, NC",city,2025,0,118.9
"Raleigh, NC",city,2025,1,104.2
"Raleigh, NC",city,2025,2,90.9
"Raleigh, NC",city,2025,3,81.8
"Raleigh, NC",city,2025,4,74.1
"Raleigh, NC",city,2025,5,67.2
"Raleigh, NC",city,2025,6,59.4
"Raleigh, NC",city,2025,7,47.3
"Raleigh, NC",city,2025,8,39.7
"Raleigh, NC",city,2025,9,38.2
"Raleigh, NC",city,2025,10,41.2
"Raleigh, NC",city,2025,11,47.2
"Raleigh, NC",city,2025,12,54.5
"Raleigh, NC",city,2025,13,60.6
"Raleigh, NC",city,2025,14,68.0
"Raleigh, NC",city,2025,15,79.8
"Raleigh, NC",city,2025,16,99.4
"Raleigh, NC",city,2025,17,130.5
"Raleigh, NC",city,2025,18,153.3
"Raleigh, NC",city,2025,19,164.9
"Raleigh, NC",city,2025,20,172.0
"Raleigh, NC",city,2025,21,168.6
"Raleigh, NC",city,2025,22,156.9
"Raleigh, NC",city,2025,23,140.0
"Ramsey County, MN",county,2025,0,7.7
"Ramsey County, MN",county,2025,1,6.2
"Ramsey County, MN",county,2025,2,4.8
"Ramsey County, MN",county,2025,3,3.3
"Ramsey County, MN",county,2025,4,2.0
"Ramsey County, MN",county,2025,5,1.4
"Ramsey County, MN",county,2025,6,1.0
"Ramsey County, MN",county,2025,7,0.8
"Ramsey County, MN",county,2025,8,0.7
"Ramsey County, MN",county,2025,9,0.6
"Ramsey County, MN",county,2025,10,0.7
"Ramsey County, MN",county,2025,11,0.7
"Ramsey County, MN",county,2025,12,0.9
"Ramsey County, MN",county,2025,13,0.9
"Ramsey County, MN",county,2025,14,1.0
"Ramsey County, MN",county,2025,15,1.1
"Ramsey County, MN",county,2025,16,1.5
"Ramsey County, MN",county,2025,17,1.9
"Ramsey County, MN",county,2025,18,2.2
"Ramsey County, MN",county,2025,19,2.4
"Ramsey County, MN",county,2025,20,3.3
"Ramsey County, MN",county,2025,21,5.0
"Ramsey County, MN",county,2025,22,6.5
"Ramsey County, MN",county,2025,23,7.6
"Redmond, WA",city,2025,0,2.6
"Redmond, WA",city,2025,1,2.3
"Redmond, WA",city,2025,2,1.9
"Redmond, WA",city,2025,3,1.8
"Redmond, WA",city,2025,4,1.6
"Redmond, WA",city,2025,5,1.5
"Redmond, WA",city,2025,6,1.2
"Redmond, WA",city,2025,7,1.0
"Redmond, WA",city,2025,8,0.9
"Redmond, WA",city,2025,9,0.8
"Redmond, WA",city,2025,10,0.9
"Redmond, WA",city,2025,11,1.0
"Redmond, WA",city,2025,12,1.1
"Redmond, WA",city,2025,13,1.4
"Redmond, WA",city,2025,14,1.5
"Redmond, WA",city,2025,15,1.7
"Redmond, WA",city,2025,16,2.2
"Redmond, WA",city,2025,17,2.8
"Redmond, WA",city,2025,18,3.3
"Redmond, WA",city,2025,19,3.5
"Redmond, WA",city,2025,20,3.8
"Redmond, WA",city,2025,21,3.6
"Redmond, WA",city,2025,22,3.4
"Redmond, WA",city,2025,23,3.1
"Richmond, VA",city,2025,0,45.3
"Richmond, VA",city,2025,1,39.8
"Richmond, VA",city,2025,2,34.8
"Richmond, VA",city,2025,3,31.2
"Richmond, VA",city,2025,4,28.3
"Richmond, VA",city,2025,5,25.7
"Richmond, VA",city,2025,6,22.7
"Richmond, VA",city,2025,7,18.1
"Richmond, VA",city,2025,8,15.1
"Richmond, VA",city,2025,9,14.5
"Richmond, VA",city,2025,10,15.8
"Richmond, VA",city,2025,11,18.1
"Richmond, VA",city,2025,12,20.9
"Richmond, VA",city,2025,13,23.2
"Richmond, VA",city,2025,14,26.0
"Richmond, VA",city,2025,15,30.6
"Richmond, VA",city,2025,16,38.1
"Richmond, VA",city,2025,17,49.9
"Richmond, VA",city,2025,18,58.6
"Richmond, VA",city,2025,19,63.1
"Richmond, VA",city,2025,20,65.8
"Richmond, VA",city,2025,21,64.5
"Richmond, VA",city,2025,22,60.0
"Richmond, VA",city,2025,23,53.5
"Riverside County, CA",county,2025,0,10.0
"Riverside County, CA",county,2025,1,8.8
"Riverside County, CA",county,2025,2,7.6
"Riverside County, CA",county,2025,3,6.9
"Riverside County, CA",county,2025,4,6.2
"Riverside County, CA",county,2025,5,5.7
"Riverside County, CA",county,2025,6,5.0
"Riverside County, CA",county,2025,7,4.0
"Riverside County, CA",county,2025,8,3.3
"Riverside County, CA",county,2025,9,3.2
"Riverside County, CA",county,2025,10,3.4
"Riverside County, CA",county,2025,11,4.0
"Riverside County, CA",county,2025,12,4.5
"Riverside County, CA",county,2025,13,5.1
"Riverside County, CA",county,2025,14,5.7
"Riverside County, CA",county,2025,15,6.7
"Riverside County, CA",county,2025,16,8.4
"Riverside County, CA",county,2025,17,11.0
"Riverside County, CA",county,2025,18,13.0
"Riverside County, CA",county,2025,19,13.9
"Riverside County, CA",county,2025,20,14.5
"Riverside County, CA",county,2025,21,14.2
"Riverside County, CA",county,2025,22,13.2
"Riverside County, CA",county,2025,23,11.8
"Roanoke, VA",city,2025,0,63.6
"Roanoke, VA",city,2025,1,55.8
"Roanoke, VA",city,2025,2,48.6
"Roanoke, VA",city,2025,3,43.9
"Roanoke, VA",city,2025,4,39.7
"Roanoke, VA",city,2025,5,36.0
"Roanoke, VA",city,2025,6,31.8
"Roanoke, VA",city,2025,7,25.3
"Roanoke, VA",city,2025,8,21.2
"Roanoke, VA",city,2025,9,20.5
"Roanoke, VA",city,2025,10,22.0
"Roanoke, VA",city,2025,11,25.3
"Roanoke, VA",city,2025,12,29.2
"Roanoke, VA",city,2025,13,32.5
"Roanoke, VA",city,2025,14,36.5
"Roanoke, VA",city,2025,15,42.8
"Roanoke, VA",city,2025,16,53.3
"Roanoke, VA",city,2025,17,70.0
"Roanoke, VA",city,2025,18,82.2
"Roanoke, VA",city,2025,19,88.4
"Roanoke, VA",city,2025,20,92.3
"Roanoke, VA",city,2025,21,90.5
"Roanoke, VA",city,2025,22,84.1
"Roanoke, VA",city,2025,23,75.0
"Roseville, CA",city,2025,0,5.1
"Roseville, CA",city,2025,1,4.5
"Roseville, CA",city,2025,2,4.0
"Roseville, CA",city,2025,3,3.5
"Roseville, CA",city,2025,4,3.2
"Roseville, CA",city,2025,5,3.0
"Roseville, CA",city,2025,6,2.6
"Roseville, CA",city,2025,7,2.0
"Roseville, CA",city,2025,8,1.7
"Roseville, CA",city,2025,9,1.7
"Roseville, CA",city,2025,10,1.8
"Roseville, CA",city,2025,11,2.0
"Roseville, CA",city,2025,12,2.4
"Roseville, CA",city,2025,13,2.6
"Roseville, CA",city,2025,14,3.0
"Roseville, CA",city,2025,15,3.5
"Roseville, CA",city,2025,16,4.3
"Roseville, CA",city,2025,17,5.7
"Roseville, CA",city,2025,18,6.7
"Roseville, CA",city,2025,19,7.2
"Roseville, CA",city,2025,20,7.5
"Roseville, CA",city,2025,21,7.4
"Roseville, CA",city,2025,22,6.8
"Roseville, CA",city,2025,23,6.1
"Sacramento County, CA",county,2025,0,120.5
"Sacramento County, CA",county,2025,1,102.5
"Sacramento County, CA",county,2025,2,84.1
"Sacramento County, CA",county,2025,3,68.6
"Sacramento County, CA",county,2025,4,56.1
"Sacramento County, CA",county,2025,5,47.4
"Sacramento County, CA",county,2025,6,40.7
"Sacramento County, CA",county,2025,7,32.2
"Sacramento County, CA",county,2025,8,26.9
"Sacramento County, CA",county,2025,9,25.8
"Sacramento County, CA",county,2025,10,27.7
"Sacramento County, CA",county,2025,11,31.7
"Sacramento County, CA",county,2025,12,36.7
"Sacramento County, CA",county,2025,13,40.9
"Sacramento County, CA",county,2025,14,45.5
"Sacramento County, CA",county,2025,15,53.2
"Sacramento County, CA",county,2025,16,66.1
"Sacramento County, CA",county,2025,17,86.7
"Sacramento County, CA",county,2025,18,101.8
"Sacramento County, CA",county,2025,19,109.5
"Sacramento County, CA",county,2025,20,120.3
"Sacramento County, CA",county,2025,21,129.9
"Sacramento County, CA",county,2025,22,133.4
"Sacramento County, CA",county,2025,23,131.9
"Sacramento, CA",city,2025,0,93.6
"Sacramento, CA",city,2025,1,77.2
"Sacramento, CA",city,2025,2,59.0
"Sacramento, CA",city,2025,3,42.3
"Sacramento, CA",city,2025,4,29.0
"Sacramento, CA",city,2025,5,20.9
"Sacramento, CA",city,2025,6,16.5
"Sacramento, CA",city,2025,7,12.7
"Sacramento, CA",city,2025,8,10.6
"Sacramento, CA",city,2025,9,10.0
"Sacramento, CA",city,2025,10,10.7
"Sacramento, CA",city,2025,11,12.2
"Sacramento, CA",city,2025,12,14.2
"Sacramento, CA",city,2025,13,15.9
"Sacramento, CA",city,2025,14,17.3
"Sacramento, CA",city,2025,15,19.9
"Sacramento, CA",city,2025,16,24.5
"Sacramento, CA",city,2025,17,32.3
"Sacramento, CA",city,2025,18,37.7
"Sacramento, CA",city,2025,19,40.6
"Sacramento, CA",city,2025,20,51.7
"Sacramento, CA",city,2025,21,69.2
"Sacramento, CA",city,2025,22,83.8
"Sacramento, CA",city,2025,23,94.8
"Salem, OR WA",city,2025,0,4.9
"Salem, OR WA",city,2025,1,3.9
"Salem, OR WA",city,2025,2,2.7
"Salem, OR WA",city,2025,3,1.7
"Salem, OR WA",city,2025,4,0.8
"Salem, OR WA",city,2025,5,0.3
"Salem, OR WA",city,2025,6,0.1
"Salem, OR WA",city,2025,7,0.1
"Salem, OR WA",city,2025,8,0.1
"Salem, OR WA",city,2025,9,0.0
"Salem, OR WA",city,2025,10,0.0
"Salem, OR WA",city,2025,11,0.0
"Salem, OR WA",city,2025,12,0.1
"Salem, OR WA",city,2025,13,0.1
"Salem, OR WA",city,2025,14,0.0
"Salem, OR WA",city,2025,15,0.0
"Salem, OR WA",city,2025,16,0.0
"Salem, OR WA",city,2025,17,0.0
"Salem, OR WA",city,2025,18,0.0
"Salem, OR WA",city,2025,19,0.0
"Salem, OR WA",city,2025,20,0.7
"Salem, OR WA",city,2025,21,2.0
"Salem, OR WA",city,2025,22,3.4
"Salem, OR WA",city,2025,23,4.5
"Salinas, CA",city,2025,0,9.3
"Salinas, CA",city,2025,1,8.2
"Salinas, CA",city,2025,2,7.2
"Salinas, CA",city,2025,3,6.4
"Salinas, CA",city,2025,4,5.8
"Salinas, CA",city,2025,5,5.2
"Salinas, CA",city,2025,6,4.7
"Salinas, CA",city,2025,7,3.6
"Salinas, CA",city,2025,8,3.1
"Salinas, CA",city,2025,9,3.0
"Salinas, CA",city,2025,10,3.2
"Salinas, CA",city,2025,11,3.6
"Salinas, CA",city,2025,12,4.3
"Salinas, CA",city,2025,13,4.8
"Salinas, CA",city,2025,14,5.3
"Salinas, CA",city,2025,15,6.2
"Salinas, CA",city,2025,16,7.7
"Salinas, CA",city,2025,17,10.2
"Salinas, CA",city,2025,18,12.0
"Salinas, CA",city,2025,19,12.8
"Salinas, CA",city,2025,20,13.4
"Salinas, CA",city,2025,21,13.2
"Salinas, CA",city,2025,22,12.3
"Salinas, CA",city,2025,23,10.9
"Salt Lake City, UT",city,2025,0,318.6
"Salt Lake City, UT",city,2025,1,279.4
"Salt Lake City, UT",city,2025,2,243.8
"Salt Lake City, UT",city,2025,3,219.7
"Salt Lake City, UT",city,2025,4,198.9
"Salt Lake City, UT",city,2025,5,180.3
"Salt Lake City, UT",city,2025,6,159.7
"Salt Lake City, UT",city,2025,7,127.0
"Salt Lake City, UT",city,2025,8,106.5
"Salt Lake City, UT",city,2025,9,102.5
"Salt Lake City, UT",city,2025,10,110.7
"Salt Lake City, UT",city,2025,11,126.7
"Salt Lake City, UT",city,2025,12,146.5
"Salt Lake City, UT",city,2025,13,162.8
"Salt Lake City, UT",city,2025,14,182.7
"Salt Lake City, UT",city,2025,15,214.4
"Salt Lake City, UT",city,2025,16,267.2
"Salt Lake City, UT",city,2025,17,350.6
"Salt Lake City, UT",city,2025,18,411.8
"Salt Lake City, UT",city,2025,19,443.0
"Salt Lake City, UT",city,2025,20,462.3
"Salt Lake City, UT",city,2025,21,453.0
"Salt Lake City, UT",city,2025,22,421.1
"Salt Lake City, UT",city,2025,23,375.6
"Salt Lake County, UT",county,2025,0,50.0
"Salt Lake County, UT",county,2025,1,40.6
"Salt Lake County, UT",county,2025,2,29.9
"Salt Lake County, UT",county,2025,3,19.7
"Salt Lake County, UT",county,2025,4,11.6
"Salt Lake County, UT",county,2025,5,6.9
"Salt Lake County, UT",county,2025,6,4.8
"Salt Lake County, UT",county,2025,7,3.5
"Salt Lake County, UT",county,2025,8,3.0
"Salt Lake County, UT",county,2025,9,2.7
"Salt Lake County, UT",county,2025,10,2.8
"Salt Lake County, UT",county,2025,11,3.2
"Salt Lake County, UT",county,2025,12,3.8
"Salt Lake County, UT",county,2025,13,4.2
"Salt Lake County, UT",county,2025,14,4.4
"Salt Lake County, UT",county,2025,15,4.9
"Salt Lake County, UT",county,2025,16,6.0
"Salt Lake County, UT",county,2025,17,7.8
"Salt Lake County, UT",county,2025,18,9.2
"Salt Lake County, UT",county,2025,19,9.9
"Salt Lake County, UT",county,2025,20,16.5
"Salt Lake County, UT",county,2025,21,28.5
"Salt Lake County, UT",county,2025,22,39.4
"Salt Lake County, UT",county,2025,23,48.5
"San Antonio, TX",city,2025,0,37.4
"San Antonio, TX",city,2025,1,32.4
"San Antonio, TX",city,2025,2,27.6
"San Antonio, TX",city,2025,3,24.0
"San Antonio, TX",city,2025,4,21.0
"San Antonio, TX",city,2025,5,18.6
"San Antonio, TX",city,2025,6,16.4
"San Antonio, TX",city,2025,7,13.0
"San Antonio, TX",city,2025,8,10.9
"San Antonio, TX",city,2025,9,10.5
"San Antonio, TX",city,2025,10,11.2
"San Antonio, TX",city,2025,11,12.8
"San Antonio, TX",city,2025,12,14.9
"San Antonio, TX",city,2025,13,16.6
"San Antonio, TX",city,2025,14,18.5
"San Antonio, TX",city,2025,15,21.7
"San Antonio, TX",city,2025,16,27.0
"San Antonio, TX",city,2025,17,35.6
"San Antonio, TX",city,2025,18,41.7
"San Antonio, TX",city,2025,19,44.9
"San Antonio, TX",city,2025,20,47.6
"San Antonio, TX",city,2025,21,48.1
"San Antonio, TX",city,2025,22,46.2
"San Antonio, TX",city,2025,23,42.7
"San Diego County, CA",county,2025,0,67.6
"San Diego County, CA",county,2025,1,56.8
"San Diego County, CA",county,2025,2,45.5
"San Diego County, CA",county,2025,3,35.5
"San Diego County, CA",county,2025,4,27.4
"San Diego County, CA",county,2025,5,22.2
"San Diego County, CA",county,2025,6,18.6
"San Diego County, CA",county,2025,7,14.5
"San Diego County, CA",county,2025,8,12.2
"San Diego County, CA",county,2025,9,11.6
"San Diego County, CA",county,2025,10,12.5
"San Diego County, CA",county,2025,11,14.3
"San Diego County, CA",county,2025,12,16.6
"San Diego County, CA",county,2025,13,18.4
"San Diego County, CA",county,2025,14,20.5
"San Diego County, CA",county,2025,15,23.8
"San Diego County, CA",county,2025,16,29.5
"San Diego County, CA",county,2025,17,38.8
"San Diego County, CA",county,2025,18,45.5
"San Diego County, CA",county,2025,19,49.0
"San Diego County, CA",county,2025,20,55.8
"San Diego County, CA",county,2025,21,64.0
"San Diego County, CA",county,2025,22,69.3
"San Diego County, CA",county,2025,23,71.9
"San Diego, CA",city,2025,0,3.5
"San Diego, CA",city,2025,1,3.1
"San Diego, CA",city,2025,2,2.7
"San Diego, CA",city,2025,3,2.4
"San Diego, CA",city,2025,4,2.2
"San Diego, CA",city,2025,5,2.0
"San Diego, CA",city,2025,6,1.8
"San Diego, CA",city,2025,7,1.4
"San Diego, CA",city,2025,8,1.1
"San Diego, CA",city,2025,9,1.1
"San Diego, CA",city,2025,10,1.2
"San Diego, CA",city,2025,11,1.4
"San Diego, CA",city,2025,12,1.6
"San Diego, CA",city,2025,13,1.8
"San Diego, CA",city,2025,14,2.0
"San Diego, CA",city,2025,15,2.4
"San Diego, CA",city,2025,16,3.0
"San Diego, CA",city,2025,17,3.9
"San Diego, CA",city,2025,18,4.5
"San Diego, CA",city,2025,19,4.9
"San Diego, CA",city,2025,20,5.1
"San Diego, CA",city,2025,21,5.0
"San Diego, CA",city,2025,22,4.7
"San Diego, CA",city,2025,23,4.2
"San Francisco, CA",city,2025,0,81.0
"San Francisco, CA",city,2025,1,71.0
"San Francisco, CA",city,2025,2,61.9
"San Francisco, CA",city,2025,3,55.8
"San Francisco, CA",city,2025,4,50.6
"San Francisco, CA",city,2025,5,45.8
"San Francisco, CA",city,2025,6,40.6
"San Francisco, CA",city,2025,7,32.3
"San Francisco, CA",city,2025,8,27.0
"San Francisco, CA",city,2025,9,26.0
"San Francisco, CA",city,2025,10,28.2
"San Francisco, CA",city,2025,11,32.2
"San Francisco, CA",city,2025,12,37.3
"San Francisco, CA",city,2025,13,41.4
"San Francisco, CA",city,2025,14,46.4
"San Francisco, CA",city,2025,15,54.4
"San Francisco, CA",city,2025,16,67.8
"San Francisco, CA",city,2025,17,89.1
"San Francisco, CA",city,2025,18,104.7
"San Francisco, CA",city,2025,19,112.5
"San Francisco, CA",city,2025,20,117.5
"San Francisco, CA",city,2025,21,115.1
"San Francisco, CA",city,2025,22,107.0
"San Francisco, CA",city,2025,23,95.5
"San Jose, CA",city,2025,0,337.3
"San Jose, CA",city,2025,1,290.1
"San Jose, CA",city,2025,2,243.6
"San Jose, CA",city,2025,3,207.0
"San Jose, CA",city,2025,4,176.8
"San Jose, CA",city,2025,5,154.1
"San Jose, CA",city,2025,6,134.2
"San Jose, CA",city,2025,7,106.4
"San Jose, CA",city,2025,8,89.1
"San Jose, CA",city,2025,9,85.5
"San Jose, CA",city,2025,10,92.2
"San Jose, CA",city,2025,11,105.5
"San Jose, CA",city,2025,12,122.0
"San Jose, CA",city,2025,13,135.8
"San Jose, CA",city,2025,14,151.6
"San Jose, CA",city,2025,15,177.5
"San Jose, CA",city,2025,16,221.0
"San Jose, CA",city,2025,17,290.0
"San Jose, CA",city,2025,18,340.6
"San Jose, CA",city,2025,19,366.4
"San Jose, CA",city,2025,20,393.1
"San Jose, CA",city,2025,21,406.4
"San Jose, CA",city,2025,22,400.1
"San Jose, CA",city,2025,23,379.8
"San Mateo, CA",city,2025,0,3.5
"San Mateo, CA",city,2025,1,3.1
"San Mateo, CA",city,2025,2,2.7
"San Mateo, CA",city,2025,3,2.4
"San Mateo, CA",city,2025,4,2.2
"San Mateo, CA",city,2025,5,1.9
"San Mateo, CA",city,2025,6,1.7
"San Mateo, CA",city,2025,7,1.4
"San Mateo, CA",city,2025,8,1.1
"San Mateo, CA",city,2025,9,1.1
"San Mateo, CA",city,2025,10,1.2
"San Mateo, CA",city,2025,11,1.4
"San Mateo, CA",city,2025,12,1.6
"San Mateo, CA",city,2025,13,1.8
"San Mateo, CA",city,2025,14,2.0
"San Mateo, CA",city,2025,15,2.4
"San Mateo, CA",city,2025,16,3.0
"San Mateo, CA",city,2025,17,3.9
"San Mateo, CA",city,2025,18,4.5
"San Mateo, CA",city,2025,19,4.9
"San Mateo, CA",city,2025,20,5.1
"San Mateo, CA",city,2025,21,5.0
"San Mateo, CA",city,2025,22,4.7
"San Mateo, CA",city,2025,23,4.1
"Santa Clara County, CA",county,2025,0,74.4
"Santa Clara County, CA",county,2025,1,64.1
"Santa Clara County, CA",county,2025,2,53.9
"Santa Clara County, CA",county,2025,3,45.9
"Santa Clara County, CA",county,2025,4,39.2
"Santa Clara County, CA",county,2025,5,34.2
"Santa Clara County, CA",county,2025,6,29.8
"Santa Clara County, CA",county,2025,7,23.6
"Santa Clara County, CA",county,2025,8,19.8
"Santa Clara County, CA",county,2025,9,19.0
"Santa Clara County, CA",county,2025,10,20.5
"Santa Clara County, CA",county,2025,11,23.4
"Santa Clara County, CA",county,2025,12,27.2
"Santa Clara County, CA",county,2025,13,30.2
"Santa Clara County, CA",county,2025,14,33.8
"Santa Clara County, CA",county,2025,15,39.5
"Santa Clara County, CA",county,2025,16,49.2
"Santa Clara County, CA",county,2025,17,64.5
"Santa Clara County, CA",county,2025,18,75.8
"Santa Clara County, CA",county,2025,19,81.5
"Santa Clara County, CA",county,2025,20,87.4
"Santa Clara County, CA",county,2025,21,90.1
"Santa Clara County, CA",county,2025,22,88.6
"Santa Clara County, CA",county,2025,23,84.0
"Santa Clara, CA",city,2025,0,16.1
"Santa Clara, CA",city,2025,1,13.2
"Santa Clara, CA",city,2025,2,9.9
"Santa Clara, CA",city,2025,3,6.8
"Santa Clara, CA",city,2025,4,4.4
"Santa Clara, CA",city,2025,5,3.0
"Santa Clara, CA",city,2025,6,2.2
"Santa Clara, CA",city,2025,7,1.7
"Santa Clara, CA",city,2025,8,1.4
"Santa Clara, CA",city,2025,9,1.2
"Santa Clara, CA",city,2025,10,1.4
"Santa Clara, CA",city,2025,11,1.6
"Santa Clara, CA",city,2025,12,1.8
"Santa Clara, CA",city,2025,13,2.0
"Santa Clara, CA",city,2025,14,2.2
"Santa Clara, CA",city,2025,15,2.5
"Santa Clara, CA",city,2025,16,3.1
"Santa Clara, CA",city,2025,17,4.1
"Santa Clara, CA",city,2025,18,4.8
"Santa Clara, CA",city,2025,19,5.1
"Santa Clara, CA",city,2025,20,7.2
"Santa Clara, CA",city,2025,21,10.6
"Santa Clara, CA",city,2025,22,13.5
"Santa Clara, CA",city,2025,23,16.0
"Santa Cruz, CA",city,2025,0,1.4
"Santa Cruz, CA",city,2025,1,1.1
"Santa Cruz, CA",city,2025,2,1.0
"Santa Cruz, CA",city,2025,3,0.9
"Santa Cruz, CA",city,2025,4,0.8
"Santa Cruz, CA",city,2025,5,0.8
"Santa Cruz, CA",city,2025,6,0.7
"Santa Cruz, CA",city,2025,7,0.6
"Santa Cruz, CA",city,2025,8,0.5
"Santa Cruz, CA",city,2025,9,0.5
"Santa Cruz, CA",city,2025,10,0.5
"Santa Cruz, CA",city,2025,11,0.6
"Santa Cruz, CA",city,2025,12,0.6
"Santa Cruz, CA",city,2025,13,0.7
"Santa Cruz, CA",city,2025,14,0.8
"Santa Cruz, CA",city,2025,15,0.9
"Santa Cruz, CA",city,2025,16,1.1
"Santa Cruz, CA",city,2025,17,1.5
"Santa Cruz, CA",city,2025,18,1.7
"Santa Cruz, CA",city,2025,19,1.8
"Santa Cruz, CA",city,2025,20,1.9
"Santa Cruz, CA",city,2025,21,1.9
"Santa Cruz, CA",city,2025,22,1.8
"Santa Cruz, CA",city,2025,23,1.6
"Santa Maria, CA",city,2025,0,2.6
"Santa Maria, CA",city,2025,1,2.3
"Santa Maria, CA",city,2025,2,2.0
"Santa Maria, CA",city,2025,3,1.8
"Santa Maria, CA",city,2025,4,1.6
"Santa Maria, CA",city,2025,5,1.5
"Santa Maria, CA",city,2025,6,1.4
"Santa Maria, CA",city,2025,7,1.0
"Santa Maria, CA",city,2025,8,0.9
"Santa Maria, CA",city,2025,9,0.8
"Santa Maria, CA",city,2025,10,0.9
"Santa Maria, CA",city,2025,11,1.0
"Santa Maria, CA",city,2025,12,1.2
"Santa Maria, CA",city,2025,13,1.4
"Santa Maria, CA",city,2025,14,1.5
"Santa Maria, CA",city,2025,15,1.8
"Santa Maria, CA",city,2025,16,2.2
"Santa Maria, CA",city,2025,17,2.8
"Santa Maria, CA",city,2025,18,3.4
"Santa Maria, CA",city,2025,19,3.6
"Santa Maria, CA",city,2025,20,3.9
"Santa Maria, CA",city,2025,21,3.8
"Santa Maria, CA",city,2025,22,3.4
"Santa Maria, CA",city,2025,23,3.1
"Seattle, WA",city,2025,0,138.9
"Seattle, WA",city,2025,1,120.8
"Seattle, WA",city,2025,2,103.9
"Seattle, WA",city,2025,3,91.6
"Seattle, WA",city,2025,4,81.2
"Seattle, WA",city,2025,5,72.7
"Seattle, WA",city,2025,6,64.0
"Seattle, WA",city,2025,7,50.9
"Seattle, WA",city,2025,8,42.6
"Seattle, WA",city,2025,9,41.0
"Seattle, WA",city,2025,10,44.2
"Seattle, WA",city,2025,11,50.7
"Seattle, WA",city,2025,12,58.5
"Seattle, WA",city,2025,13,65.1
"Seattle, WA",city,2025,14,73.0
"Seattle, WA",city,2025,15,85.6
"Seattle, WA",city,2025,16,106.5
"Seattle, WA",city,2025,17,139.8
"Seattle, WA",city,2025,18,164.2
"Seattle, WA",city,2025,19,176.6
"Seattle, WA",city,2025,20,186.0
"Seattle, WA",city,2025,21,185.7
"Seattle, WA",city,2025,22,176.1
"Seattle, WA",city,2025,23,160.8
"Seminole County, FL",county,2025,0,18.0
"Seminole County, FL",county,2025,1,14.3
"Seminole County, FL",county,2025,2,10.2
"Seminole County, FL",county,2025,3,6.1
"Seminole County, FL",county,2025,4,3.0
"Seminole County, FL",county,2025,5,1.2
"Seminole County, FL",county,2025,6,0.6
"Seminole County, FL",county,2025,7,0.3
"Seminole County, FL",county,2025,8,0.2
"Seminole County, FL",county,2025,9,0.2
"Seminole County, FL",county,2025,10,0.1
"Seminole County, FL",county,2025,11,0.1
"Seminole County, FL",county,2025,12,0.2
"Seminole County, FL",county,2025,13,0.2
"Seminole County, FL",county,2025,14,0.1
"Seminole County, FL",county,2025,15,0.1
"Seminole County, FL",county,2025,16,0.0
"Seminole County, FL",county,2025,17,0.0
"Seminole County, FL",county,2025,18,0.0
"Seminole County, FL",county,2025,19,0.0
"Seminole County, FL",county,2025,20,2.6
"Seminole County, FL",county,2025,21,7.7
"Seminole County, FL",county,2025,22,12.6
"Seminole County, FL",county,2025,23,16.8
"Sevier County, TN",county,2025,0,3.0
"Sevier County, TN",county,2025,1,2.6
"Sevier County, TN",county,2025,2,2.3
"Sevier County, TN",county,2025,3,2.0
"Sevier County, TN",county,2025,4,1.8
"Sevier County, TN",county,2025,5,1.7
"Sevier County, TN",county,2025,6,1.5
"Sevier County, TN",county,2025,7,1.1
"Sevier County, TN",county,2025,8,1.0
"Sevier County, TN",county,2025,9,0.9
"Sevier County, TN",county,2025,10,1.0
"Sevier County, TN",county,2025,11,1.1
"Sevier County, TN",county,2025,12,1.4
"Sevier County, TN",county,2025,13,1.5
"Sevier County, TN",county,2025,14,1.7
"Sevier County, TN",county,2025,15,1.9
"Sevier County, TN",county,2025,16,2.5
"Sevier County, TN",county,2025,17,3.3
"Sevier County, TN",county,2025,18,3.9
"Sevier County, TN",county,2025,19,4.1
"Sevier County, TN",county,2025,20,4.3
"Sevier County, TN",county,2025,21,4.2
"Sevier County, TN",county,2025,22,3.9
"Sevier County, TN",county,2025,23,3.5
"Snohomish County, WA",county,2025,0,29.2
"Snohomish County, WA",county,2025,1,23.8
"Snohomish County, WA",county,2025,2,17.5
"Snohomish County, WA",county,2025,3,11.7
"Snohomish County, WA",county,2025,4,7.0
"Snohomish County, WA",county,2025,5,4.3
"Snohomish County, WA",county,2025,6,3.1
"Snohomish County, WA",county,2025,7,2.3
"Snohomish County, WA",county,2025,8,1.9
"Snohomish County, WA",county,2025,9,1.7
"Snohomish County, WA",county,2025,10,1.8
"Snohomish County, WA",county,2025,11,2.0
"Snohomish County, WA",county,2025,12,2.5
"Snohomish County, WA",county,2025,13,2.7
"Snohomish County, WA",county,2025,14,2.8
"Snohomish County, WA",county,2025,15,3.2
"Snohomish County, WA",county,2025,16,4.0
"Snohomish County, WA",county,2025,17,5.2
"Snohomish County, WA",county,2025,18,6.0
"Snohomish County, WA",county,2025,19,6.5
"Snohomish County, WA",county,2025,20,10.3
"Snohomish County, WA",county,2025,21,17.2
"Snohomish County, WA",county,2025,22,23.4
"Snohomish County, WA",county,2025,23,28.5
"Southlake, TX",city,2025,0,9.2
"Southlake, TX",city,2025,1,7.5
"Southlake, TX",city,2025,2,5.8
"Southlake, TX",city,2025,3,4.1
"Southlake, TX",city,2025,4,2.8
"Southlake, TX",city,2025,5,1.9
"Southlake, TX",city,2025,6,1.6
"Southlake, TX",city,2025,7,1.2
"Southlake, TX",city,2025,8,1.0
"Southlake, TX",city,2025,9,0.9
"Southlake, TX",city,2025,10,1.0
"Southlake, TX",city,2025,11,1.1
"Southlake, TX",city,2025,12,1.4
"Southlake, TX",city,2025,13,1.5
"Southlake, TX",city,2025,14,1.6
"Southlake, TX",city,2025,15,1.8
"Southlake, TX",city,2025,16,2.3
"Southlake, TX",city,2025,17,3.0
"Southlake, TX",city,2025,18,3.5
"Southlake, TX",city,2025,19,3.8
"Southlake, TX",city,2025,20,4.9
"Southlake, TX",city,2025,21,6.6
"Southlake, TX",city,2025,22,8.1
"Southlake, TX",city,2025,23,9.2
"Spotsylvania County, VA",county,2025,0,12.7
"Spotsylvania County, VA",county,2025,1,11.1
"Spotsylvania County, VA",county,2025,2,9.8
"Spotsylvania County, VA",county,2025,3,8.8
"Spotsylvania County, VA",county,2025,4,8.0
"Spotsylvania County, VA",county,2025,5,7.2
"Spotsylvania County, VA",county,2025,6,6.4
"Spotsylvania County, VA",county,2025,7,5.1
"Spotsylvania County, VA",county,2025,8,4.2
"Spotsylvania County, VA",county,2025,9,4.1
"Spotsylvania County, VA",county,2025,10,4.4
"Spotsylvania County, VA",county,2025,11,5.1
"Spotsylvania County, VA",county,2025,12,5.8
"Spotsylvania County, VA",county,2025,13,6.5
"Spotsylvania County, VA",county,2025,14,7.3
"Spotsylvania County, VA",county,2025,15,8.5
"Spotsylvania County, VA",county,2025,16,10.7
"Spotsylvania County, VA",county,2025,17,14.0
"Spotsylvania County, VA",county,2025,18,16.5
"Spotsylvania County, VA",county,2025,19,17.7
"Spotsylvania County, VA",county,2025,20,18.4
"Spotsylvania County, VA",county,2025,21,18.1
"Spotsylvania County, VA",county,2025,22,16.8
"Spotsylvania County, VA",county,2025,23,15.0
"Springfield, MO",city,2025,0,9.4
"Springfield, MO",city,2025,1,8.3
"Springfield, MO",city,2025,2,7.2
"Springfield, MO",city,2025,3,6.5
"Springfield, MO",city,2025,4,5.9
"Springfield, MO",city,2025,5,5.3
"Springfield, MO",city,2025,6,4.8
"Springfield, MO",city,2025,7,3.8
"Springfield, MO",city,2025,8,3.2
"Springfield, MO",city,2025,9,3.1
"Springfield, MO",city,2025,10,3.3
"Springfield, MO",city,2025,11,3.8
"Springfield, MO",city,2025,12,4.3
"Springfield, MO",city,2025,13,4.8
"Springfield, MO",city,2025,14,5.5
"Springfield, MO",city,2025,15,6.4
"Springfield, MO",city,2025,16,8.0
"Springfield, MO",city,2025,17,10.3
"Springfield, MO",city,2025,18,12.2
"Springfield, MO",city,2025,19,13.1
"Springfield, MO",city,2025,20,13.6
"Springfield, MO",city,2025,21,13.4
"Springfield, MO",city,2025,22,12.5
"Springfield, MO",city,2025,23,11.1
"St. Johns County, FL",county,2025,0,5.9
"St. Johns County, FL",county,2025,1,5.2
"St. Johns County, FL",county,2025,2,4.5
"St. Johns County, FL",county,2025,3,4.1
"St. Johns County, FL",county,2025,4,3.8
"St. Johns County, FL",county,2025,5,3.4
"St. Johns County, FL",county,2025,6,3.0
"St. Johns County, FL",county,2025,7,2.4
"St. Johns County, FL",county,2025,8,1.9
"St. Johns County, FL",county,2025,9,1.9
"St. Johns County, FL",county,2025,10,2.0
"St. Johns County, FL",county,2025,11,2.4
"St. Johns County, FL",county,2025,12,2.7
"St. Johns County, FL",county,2025,13,3.1
"St. Johns County, FL",county,2025,14,3.4
"St. Johns County, FL",county,2025,15,4.0
"St. Johns County, FL",county,2025,16,5.0
"St. Johns County, FL",county,2025,17,6.5
"St. Johns County, FL",county,2025,18,7.6
"St. Johns County, FL",county,2025,19,8.2
"St. Johns County, FL",county,2025,20,8.6
"St. Johns County, FL",county,2025,21,8.4
"St. Johns County, FL",county,2025,22,7.8
"St. Johns County, FL",county,2025,23,7.0
"St. Louis, MO",city,2025,0,72.6
"St. Louis, MO",city,2025,1,58.2
"St. Louis, MO",city,2025,2,41.5
"St. Louis, MO",city,2025,3,25.2
"St. Louis, MO",city,2025,4,12.5
"St. Louis, MO",city,2025,5,5.3
"St. Louis, MO",city,2025,6,2.5
"St. Louis, MO",city,2025,7,1.6
"St. Louis, MO",city,2025,8,1.2
"St. Louis, MO",city,2025,9,0.9
"St. Louis, MO",city,2025,10,0.9
"St. Louis, MO",city,2025,11,0.9
"St. Louis, MO",city,2025,12,1.2
"St. Louis, MO",city,2025,13,1.5
"St. Louis, MO",city,2025,14,1.0
"St. Louis, MO",city,2025,15,0.8
"St. Louis, MO",city,2025,16,0.8
"St. Louis, MO",city,2025,17,1.0
"St. Louis, MO",city,2025,18,1.0
"St. Louis, MO",city,2025,19,1.1
"St. Louis, MO",city,2025,20,11.6
"St. Louis, MO",city,2025,21,31.9
"St. Louis, MO",city,2025,22,51.4
"St. Louis, MO",city,2025,23,68.3
"St. Paul, MN",city,2025,0,54.2
"St. Paul, MN",city,2025,1,43.6
"St. Paul, MN",city,2025,2,31.7
"St. Paul, MN",city,2025,3,20.1
"St. Paul, MN",city,2025,4,11.0
"St. Paul, MN",city,2025,5,5.8
"St. Paul, MN",city,2025,6,3.5
"St. Paul, MN",city,2025,7,2.5
"St. Paul, MN",city,2025,8,2.0
"St. Paul, MN",city,2025,9,1.8
"St. Paul, MN",city,2025,10,1.9
"St. Paul, MN",city,2025,11,2.0
"St. Paul, MN",city,2025,12,2.5
"St. Paul, MN",city,2025,13,2.8
"St. Paul, MN",city,2025,14,2.8
"St. Paul, MN",city,2025,15,3.0
"St. Paul, MN",city,2025,16,3.5
"St. Paul, MN",city,2025,17,4.7
"St. Paul, MN",city,2025,18,5.5
"St. Paul, MN",city,2025,19,5.8
"St. Paul, MN",city,2025,20,13.4
"St. Paul, MN",city,2025,21,27.4
"St. Paul, MN",city,2025,22,40.6
"St. Paul, MN",city,2025,23,51.8
"Stamford, CT",city,2025,0,2.6
"Stamford, CT",city,2025,1,2.3
"Stamford, CT",city,2025,2,2.0
"Stamford, CT",city,2025,3,1.8
"Stamford, CT",city,2025,4,1.7
"Stamford, CT",city,2025,5,1.5
"Stamford, CT",city,2025,6,1.4
"Stamford, CT",city,2025,7,1.0
"Stamford, CT",city,2025,8,0.9
"Stamford, CT",city,2025,9,0.9
"Stamford, CT",city,2025,10,0.9
"Stamford, CT",city,2025,11,1.0
"Stamford, CT",city,2025,12,1.2
"Stamford, CT",city,2025,13,1.4
"Stamford, CT",city,2025,14,1.5
"Stamford, CT",city,2025,15,1.8
"Stamford, CT",city,2025,16,2.3
"Stamford, CT",city,2025,17,3.0
"Stamford, CT",city,2025,18,3.4
"Stamford, CT",city,2025,19,3.8
"Stamford, CT",city,2025,20,3.9
"Stamford, CT",city,2025,21,3.8
"Stamford, CT",city,2025,22,3.5
"Stamford, CT",city,2025,23,3.2
"Staunton, VA",city,2025,0,5.6
"Staunton, VA",city,2025,1,4.9
"Staunton, VA",city,2025,2,4.3
"Staunton, VA",city,2025,3,3.9
"Staunton, VA",city,2025,4,3.5
"Staunton, VA",city,2025,5,3.2
"Staunton, VA",city,2025,6,2.8
"Staunton, VA",city,2025,7,2.3
"Staunton, VA",city,2025,8,1.8
"Staunton, VA",city,2025,9,1.8
"Staunton, VA",city,2025,10,1.9
"Staunton, VA",city,2025,11,2.3
"Staunton, VA",city,2025,12,2.6
"Staunton, VA",city,2025,13,2.8
"Staunton, VA",city,2025,14,3.2
"Staunton, VA",city,2025,15,3.8
"Staunton, VA",city,2025,16,4.7
"Staunton, VA",city,2025,17,6.1
"Staunton, VA",city,2025,18,7.3
"Staunton, VA",city,2025,19,7.7
"Staunton, VA",city,2025,20,8.1
"Staunton, VA",city,2025,21,8.0
"Staunton, VA",city,2025,22,7.4
"Staunton, VA",city,2025,23,6.6
"Suffolk County, NY",county,2025,0,43.0
"Suffolk County, NY",county,2025,1,36.1
"Suffolk County, NY",county,2025,2,29.0
"Suffolk County, NY",county,2025,3,22.8
"Suffolk County, NY",county,2025,4,17.8
"Suffolk County, NY",county,2025,5,14.5
"Suffolk County, NY",county,2025,6,12.3
"Suffolk County, NY",county,2025,7,9.7
"Suffolk County, NY",county,2025,8,8.1
"Suffolk County, NY",county,2025,9,7.7
"Suffolk County, NY",county,2025,10,8.3
"Suffolk County, NY",county,2025,11,9.4
"Suffolk County, NY",county,2025,12,10.9
"Suffolk County, NY",county,2025,13,12.2
"Suffolk County, NY",county,2025,14,13.5
"Suffolk County, NY",county,2025,15,15.7
"Suffolk County, NY",county,2025,16,19.5
"Suffolk County, NY",county,2025,17,25.7
"Suffolk County, NY",county,2025,18,30.1
"Suffolk County, NY",county,2025,19,32.4
"Suffolk County, NY",county,2025,20,36.6
"Suffolk County, NY",county,2025,21,41.5
"Suffolk County, NY",county,2025,22,44.5
"Suffolk County, NY",county,2025,23,45.8
"Sullivan County, TN",county,2025,0,53.8
"Sullivan County, TN",county,2025,1,47.0
"Sullivan County, TN",county,2025,2,40.9
"Sullivan County, TN",county,2025,3,36.8
"Sullivan County, TN",county,2025,4,33.2
"Sullivan County, TN",county,2025,5,30.0
"Sullivan County, TN",county,2025,6,26.6
"Sullivan County, TN",county,2025,7,21.1
"Sullivan County, TN",county,2025,8,17.7
"Sullivan County, TN",county,2025,9,17.0
"Sullivan County, TN",county,2025,10,18.4
"Sullivan County, TN",county,2025,11,21.1
"Sullivan County, TN",county,2025,12,24.3
"Sullivan County, TN",county,2025,13,27.2
"Sullivan County, TN",county,2025,14,30.3
"Sullivan County, TN",county,2025,15,35.7
"Sullivan County, TN",county,2025,16,44.4
"Sullivan County, TN",county,2025,17,58.3
"Sullivan County, TN",county,2025,18,68.5
"Sullivan County, TN",county,2025,19,73.6
"Sullivan County, TN",county,2025,20,77.0
"Sullivan County, TN",county,2025,21,75.7
"Sullivan County, TN",county,2025,22,70.6
"Sullivan County, TN",county,2025,23,63.2
"Sunnyvale, CA",city,2025,0,2.7
"Sunnyvale, CA",city,2025,1,2.2
"Sunnyvale, CA",city,2025,2,1.6
"Sunnyvale, CA",city,2025,3,1.0
"Sunnyvale, CA",city,2025,4,0.6
"Sunnyvale, CA",city,2025,5,0.3
"Sunnyvale, CA",city,2025,6,0.2
"Sunnyvale, CA",city,2025,7,0.1
"Sunnyvale, CA",city,2025,8,0.1
"Sunnyvale, CA",city,2025,9,0.1
"Sunnyvale, CA",city,2025,10,0.1
"Sunnyvale, CA",city,2025,11,0.1
"Sunnyvale, CA",city,2025,12,0.1
"Sunnyvale, CA",city,2025,13,0.2
"Sunnyvale, CA",city,2025,14,0.2
"Sunnyvale, CA",city,2025,15,0.2
"Sunnyvale, CA",city,2025,16,0.2
"Sunnyvale, CA",city,2025,17,0.3
"Sunnyvale, CA",city,2025,18,0.3
"Sunnyvale, CA",city,2025,19,0.5
"Sunnyvale, CA",city,2025,20,0.8
"Sunnyvale, CA",city,2025,21,1.5
"Sunnyvale, CA",city,2025,22,2.0
"Sunnyvale, CA",city,2025,23,2.6
"Tacoma, WA",city,2025,0,2.0
"Tacoma, WA",city,2025,1,1.8
"Tacoma, WA",city,2025,2,1.6
"Tacoma, WA",city,2025,3,1.4
"Tacoma, WA",city,2025,4,1.2
"Tacoma, WA",city,2025,5,1.1
"Tacoma, WA",city,2025,6,1.0
"Tacoma, WA",city,2025,7,0.8
"Tacoma, WA",city,2025,8,0.7
"Tacoma, WA",city,2025,9,0.7
"Tacoma, WA",city,2025,10,0.7
"Tacoma, WA",city,2025,11,0.8
"Tacoma, WA",city,2025,12,0.9
"Tacoma, WA",city,2025,13,1.0
"Tacoma, WA",city,2025,14,1.1
"Tacoma, WA",city,2025,15,1.4
"Tacoma, WA",city,2025,16,1.7
"Tacoma, WA",city,2025,17,2.3
"Tacoma, WA",city,2025,18,2.6
"Tacoma, WA",city,2025,19,2.8
"Tacoma, WA",city,2025,20,3.0
"Tacoma, WA",city,2025,21,3.0
"Tacoma, WA",city,2025,22,2.7
"Tacoma, WA",city,2025,23,2.4
"Talladega County, AL",county,2025,0,5.7
"Talladega County, AL",county,2025,1,4.9
"Talladega County, AL",county,2025,2,4.3
"Talladega County, AL",county,2025,3,3.9
"Talladega County, AL",county,2025,4,3.5
"Talladega County, AL",county,2025,5,3.2
"Talladega County, AL",county,2025,6,2.8
"Talladega County, AL",county,2025,7,2.3
"Talladega County, AL",county,2025,8,1.8
"Talladega County, AL",county,2025,9,1.8
"Talladega County, AL",county,2025,10,1.9
"Talladega County, AL",county,2025,11,2.3
"Talladega County, AL",county,2025,12,2.6
"Talladega County, AL",county,2025,13,2.8
"Talladega County, AL",county,2025,14,3.2
"Talladega County, AL",county,2025,15,3.8
"Talladega County, AL",county,2025,16,4.8
"Talladega County, AL",county,2025,17,6.1
"Talladega County, AL",county,2025,18,7.3
"Talladega County, AL",county,2025,19,7.8
"Talladega County, AL",county,2025,20,8.2
"Talladega County, AL",county,2025,21,8.0
"Talladega County, AL",county,2025,22,7.4
"Talladega County, AL",county,2025,23,6.6
"Tarrant County, TX",county,2025,0,5.1
"Tarrant County, TX",county,2025,1,4.5
"Tarrant County, TX",county,2025,2,4.0
"Tarrant County, TX",county,2025,3,3.5
"Tarrant County, TX",county,2025,4,3.2
"Tarrant County, TX",county,2025,5,3.0
"Tarrant County, TX",county,2025,6,2.6
"Tarrant County, TX",county,2025,7,2.0
"Tarrant County, TX",county,2025,8,1.7
"Tarrant County, TX",county,2025,9,1.7
"Tarrant County, TX",county,2025,10,1.8
"Tarrant County, TX",county,2025,11,2.0
"Tarrant County, TX",county,2025,12,2.4
"Tarrant County, TX",county,2025,13,2.6
"Tarrant County, TX",county,2025,14,3.0
"Tarrant County, TX",county,2025,15,3.5
"Tarrant County, TX",county,2025,16,4.3
"Tarrant County, TX",county,2025,17,5.7
"Tarrant County, TX",county,2025,18,6.7
"Tarrant County, TX",county,2025,19,7.2
"Tarrant County, TX",county,2025,20,7.5
"Tarrant County, TX",county,2025,21,7.4
"Tarrant County, TX",county,2025,22,6.8
"Tarrant County, TX",county,2025,23,6.1
"Thornton, CO",city,2025,0,2.7
"Thornton, CO",city,2025,1,2.4
"Thornton, CO",city,2025,2,2.0
"Thornton, CO",city,2025,3,1.8
"Thornton, CO",city,2025,4,1.7
"Thornton, CO",city,2025,5,1.6
"Thornton, CO",city,2025,6,1.4
"Thornton, CO",city,2025,7,1.1
"Thornton, CO",city,2025,8,0.9
"Thornton, CO",city,2025,9,0.9
"Thornton, CO",city,2025,10,0.9
"Thornton, CO",city,2025,11,1.0
"Thornton, CO",city,2025,12,1.2
"Thornton, CO",city,2025,13,1.4
"Thornton, CO",city,2025,14,1.6
"Thornton, CO",city,2025,15,1.8
"Thornton, CO",city,2025,16,2.3
"Thornton, CO",city,2025,17,3.0
"Thornton, CO",city,2025,18,3.5
"Thornton, CO",city,2025,19,3.8
"Thornton, CO",city,2025,20,4.0
"Thornton, CO",city,2025,21,3.9
"Thornton, CO",city,2025,22,3.6
"Thornton, CO",city,2025,23,3.2
"Thurston County, WA",county,2025,0,2.2
"Thurston County, WA",county,2025,1,1.8
"Thurston County, WA",county,2025,2,1.4
"Thurston County, WA",county,2025,3,1.0
"Thurston County, WA",county,2025,4,0.7
"Thurston County, WA",county,2025,5,0.6
"Thurston County, WA",county,2025,6,0.5
"Thurston County, WA",county,2025,7,0.3
"Thurston County, WA",county,2025,8,0.2
"Thurston County, WA",county,2025,9,0.2
"Thurston County, WA",county,2025,10,0.2
"Thurston County, WA",county,2025,11,0.3
"Thurston County, WA",county,2025,12,0.3
"Thurston County, WA",county,2025,13,0.3
"Thurston County, WA",county,2025,14,0.5
"Thurston County, WA",county,2025,15,0.5
"Thurston County, WA",county,2025,16,0.6
"Thurston County, WA",county,2025,17,0.8
"Thurston County, WA",county,2025,18,0.9
"Thurston County, WA",county,2025,19,1.0
"Thurston County, WA",county,2025,20,1.2
"Thurston County, WA",county,2025,21,1.6
"Thurston County, WA",county,2025,22,1.9
"Thurston County, WA",county,2025,23,2.2
"Tomball, TX",city,2025,0,20.0
"Tomball, TX",city,2025,1,16.0
"Tomball, TX",city,2025,2,11.4
"Tomball, TX",city,2025,3,6.8
"Tomball, TX",city,2025,4,3.4
"Tomball, TX",city,2025,5,1.4
"Tomball, TX",city,2025,6,0.6
"Tomball, TX",city,2025,7,0.3
"Tomball, TX",city,2025,8,0.2
"Tomball, TX",city,2025,9,0.2
"Tomball, TX",city,2025,10,0.1
"Tomball, TX",city,2025,11,0.1
"Tomball, TX",city,2025,12,0.2
"Tomball, TX",city,2025,13,0.3
"Tomball, TX",city,2025,14,0.1
"Tomball, TX",city,2025,15,0.1
"Tomball, TX",city,2025,16,0.0
"Tomball, TX",city,2025,17,0.0
"Tomball, TX",city,2025,18,0.0
"Tomball, TX",city,2025,19,0.0
"Tomball, TX",city,2025,20,3.0
"Tomball, TX",city,2025,21,8.6
"Tomball, TX",city,2025,22,14.0
"Tomball, TX",city,2025,23,18.8
"Torrington, CT",city,2025,0,7.0
"Torrington, CT",city,2025,1,5.7
"Torrington, CT",city,2025,2,4.0
"Torrington, CT",city,2025,3,2.4
"Torrington, CT",city,2025,4,1.1
"Torrington, CT",city,2025,5,0.5
"Torrington, CT",city,2025,6,0.2
"Torrington, CT",city,2025,7,0.1
"Torrington, CT",city,2025,8,0.1
"Torrington, CT",city,2025,9,0.1
"Torrington, CT",city,2025,10,0.1
"Torrington, CT",city,2025,11,0.1
"Torrington, CT",city,2025,12,0.1
"Torrington, CT",city,2025,13,0.1
"Torrington, CT",city,2025,14,0.1
"Torrington, CT",city,2025,15,0.0
"Torrington, CT",city,2025,16,0.0
"Torrington, CT",city,2025,17,0.0
"Torrington, CT",city,2025,18,0.0
"Torrington, CT",city,2025,19,0.0
"Torrington, CT",city,2025,20,1.0
"Torrington, CT",city,2025,21,3.1
"Torrington, CT",city,2025,22,4.9
"Torrington, CT",city,2025,23,6.6
"Tracy, CA",city,2025,0,4.2
"Tracy, CA",city,2025,1,3.4
"Tracy, CA",city,2025,2,2.6
"Tracy, CA",city,2025,3,1.8
"Tracy, CA",city,2025,4,1.2
"Tracy, CA",city,2025,5,0.9
"Tracy, CA",city,2025,6,0.7
"Tracy, CA",city,2025,7,0.6
"Tracy, CA",city,2025,8,0.5
"Tracy, CA",city,2025,9,0.5
"Tracy, CA",city,2025,10,0.5
"Tracy, CA",city,2025,11,0.5
"Tracy, CA",city,2025,12,0.6
"Tracy, CA",city,2025,13,0.7
"Tracy, CA",city,2025,14,0.7
"Tracy, CA",city,2025,15,0.8
"Tracy, CA",city,2025,16,1.0
"Tracy, CA",city,2025,17,1.2
"Tracy, CA",city,2025,18,1.5
"Tracy, CA",city,2025,19,1.6
"Tracy, CA",city,2025,20,2.2
"Tracy, CA",city,2025,21,3.0
"Tracy, CA",city,2025,22,3.6
"Tracy, CA",city,2025,23,4.2
"Travis County, TX",county,2025,0,30.8
"Travis County, TX",county,2025,1,26.5
"Travis County, TX",county,2025,2,22.2
"Travis County, TX",county,2025,3,18.8
"Travis County, TX",county,2025,4,16.0
"Travis County, TX",county,2025,5,13.9
"Travis County, TX",county,2025,6,12.0
"Travis County, TX",county,2025,7,9.5
"Travis County, TX",county,2025,8,8.1
"Travis County, TX",county,2025,9,7.7
"Travis County, TX",county,2025,10,8.3
"Travis County, TX",county,2025,11,9.5
"Travis County, TX",county,2025,12,11.0
"Travis County, TX",county,2025,13,12.3
"Travis County, TX",county,2025,14,13.6
"Travis County, TX",county,2025,15,16.0
"Travis County, TX",county,2025,16,19.9
"Travis County, TX",county,2025,17,26.1
"Travis County, TX",county,2025,18,30.7
"Travis County, TX",county,2025,19,33.0
"Travis County, TX",county,2025,20,35.5
"Travis County, TX",county,2025,21,36.8
"Travis County, TX",county,2025,22,36.4
"Travis County, TX",county,2025,23,34.7
"Travis County, Williamson County, TX",county,2025,0,19.7
"Travis County, Williamson County, TX",county,2025,1,15.8
"Travis County, Williamson County, TX",county,2025,2,11.2
"Travis County, Williamson County, TX",county,2025,3,6.8
"Travis County, Williamson County, TX",county,2025,4,3.3
"Travis County, Williamson County, TX",county,2025,5,1.4
"Travis County, Williamson County, TX",county,2025,6,0.6
"Travis County, Williamson County, TX",county,2025,7,0.3
"Travis County, Williamson County, TX",county,2025,8,0.2
"Travis County, Williamson County, TX",county,2025,9,0.2
"Travis County, Williamson County, TX",county,2025,10,0.1
"Travis County, Williamson County, TX",county,2025,11,0.1
"Travis County, Williamson County, TX",county,2025,12,0.2
"Travis County, Williamson County, TX",county,2025,13,0.2
"Travis County, Williamson County, TX",county,2025,14,0.1
"Travis County, Williamson County, TX",county,2025,15,0.1
"Travis County, Williamson County, TX",county,2025,16,0.0
"Travis County, Williamson County, TX",county,2025,17,0.0
"Travis County, Williamson County, TX",county,2025,18,0.0
"Travis County, Williamson County, TX",county,2025,19,0.0
"Travis County, Williamson County, TX",county,2025,20,2.8
"Travis County, Williamson County, TX",county,2025,21,8.4
"Travis County, Williamson County, TX",county,2025,22,13.9
"Travis County, Williamson County, TX",county,2025,23,18.4
"Tulsa, OK",city,2025,0,13.6
"Tulsa, OK",city,2025,1,11.5
"Tulsa, OK",city,2025,2,9.1
"Tulsa, OK",city,2025,3,7.2
"Tulsa, OK",city,2025,4,5.5
"Tulsa, OK",city,2025,5,4.4
"Tulsa, OK",city,2025,6,3.8
"Tulsa, OK",city,2025,7,3.0
"Tulsa, OK",city,2025,8,2.5
"Tulsa, OK",city,2025,9,2.4
"Tulsa, OK",city,2025,10,2.5
"Tulsa, OK",city,2025,11,2.8
"Tulsa, OK",city,2025,12,3.3
"Tulsa, OK",city,2025,13,3.8
"Tulsa, OK",city,2025,14,4.1
"Tulsa, OK",city,2025,15,4.8
"Tulsa, OK",city,2025,16,5.9
"Tulsa, OK",city,2025,17,7.8
"Tulsa, OK",city,2025,18,9.2
"Tulsa, OK",city,2025,19,9.9
"Tulsa, OK",city,2025,20,11.2
"Tulsa, OK",city,2025,21,12.8
"Tulsa, OK",city,2025,22,14.0
"Tulsa, OK",city,2025,23,14.4
"Tuscaloosa, AL",city,2025,0,14.1
"Tuscaloosa, AL",city,2025,1,11.2
"Tuscaloosa, AL",city,2025,2,8.1
"Tuscaloosa, AL",city,2025,3,5.0
"Tuscaloosa, AL",city,2025,4,2.6
"Tuscaloosa, AL",city,2025,5,1.2
"Tuscaloosa, AL",city,2025,6,0.7
"Tuscaloosa, AL",city,2025,7,0.5
"Tuscaloosa, AL",city,2025,8,0.3
"Tuscaloosa, AL",city,2025,9,0.3
"Tuscaloosa, AL",city,2025,10,0.3
"Tuscaloosa, AL",city,2025,11,0.3
"Tuscaloosa, AL",city,2025,12,0.5
"Tuscaloosa, AL",city,2025,13,0.5
"Tuscaloosa, AL",city,2025,14,0.5
"Tuscaloosa, AL",city,2025,15,0.3
"Tuscaloosa, AL",city,2025,16,0.5
"Tuscaloosa, AL",city,2025,17,0.6
"Tuscaloosa, AL",city,2025,18,0.7
"Tuscaloosa, AL",city,2025,19,0.8
"Tuscaloosa, AL",city,2025,20,2.7
"Tuscaloosa, AL",city,2025,21,6.6
"Tuscaloosa, AL",city,2025,22,10.2
"Tuscaloosa, AL",city,2025,23,13.3
"Uintah County, UT",county,2025,0,3.2
"Uintah County, UT",county,2025,1,2.5
"Uintah County, UT",county,2025,2,1.8
"Uintah County, UT",county,2025,3,1.1
"Uintah County, UT",county,2025,4,0.6
"Uintah County, UT",county,2025,5,0.2
"Uintah County, UT",county,2025,6,0.1
"Uintah County, UT",county,2025,7,0.1
"Uintah County, UT",county,2025,8,0.0
"Uintah County, UT",county,2025,9,0.0
"Uintah County, UT",county,2025,10,0.0
"Uintah County, UT",county,2025,11,0.0
"Uintah County, UT",county,2025,12,0.0
"Uintah County, UT",county,2025,13,0.0
"Uintah County, UT",county,2025,14,0.0
"Uintah County, UT",county,2025,15,0.0
"Uintah County, UT",county,2025,16,0.0
"Uintah County, UT",county,2025,17,0.0
"Uintah County, UT",county,2025,18,0.0
"Uintah County, UT",county,2025,19,0.0
"Uintah County, UT",county,2025,20,0.5
"Uintah County, UT",county,2025,21,1.4
"Uintah County, UT",county,2025,22,2.3
"Uintah County, UT",county,2025,23,3.0
"Vancouver, OR WA",city,2025,0,24.5
"Vancouver, OR WA",city,2025,1,21.6
"Vancouver, OR WA",city,2025,2,18.9
"Vancouver, OR WA",city,2025,3,16.9
"Vancouver, OR WA",city,2025,4,15.3
"Vancouver, OR WA",city,2025,5,13.9
"Vancouver, OR WA",city,2025,6,12.3
"Vancouver, OR WA",city,2025,7,9.8
"Vancouver, OR WA",city,2025,8,8.2
"Vancouver, OR WA",city,2025,9,8.0
"Vancouver, OR WA",city,2025,10,8.5
"Vancouver, OR WA",city,2025,11,9.8
"Vancouver, OR WA",city,2025,12,11.2
"Vancouver, OR WA",city,2025,13,12.6
"Vancouver, OR WA",city,2025,14,14.1
"Vancouver, OR WA",city,2025,15,16.6
"Vancouver, OR WA",city,2025,16,20.6
"Vancouver, OR WA",city,2025,17,27.0
"Vancouver, OR WA",city,2025,18,31.8
"Vancouver, OR WA",city,2025,19,34.2
"Vancouver, OR WA",city,2025,20,35.7
"Vancouver, OR WA",city,2025,21,35.0
"Vancouver, OR WA",city,2025,22,32.5
"Vancouver, OR WA",city,2025,23,29.0
"Virginia Beach city, VA",county,2025,0,9.9
"Virginia Beach city, VA",county,2025,1,8.0
"Virginia Beach city, VA",county,2025,2,5.7
"Virginia Beach city, VA",county,2025,3,3.4
"Virginia Beach city, VA",county,2025,4,1.7
"Virginia Beach city, VA",county,2025,5,0.7
"Virginia Beach city, VA",county,2025,6,0.3
"Virginia Beach city, VA",county,2025,7,0.1
"Virginia Beach city, VA",county,2025,8,0.1
"Virginia Beach city, VA",county,2025,9,0.1
"Virginia Beach city, VA",county,2025,10,0.1
"Virginia Beach city, VA",county,2025,11,0.1
"Virginia Beach city, VA",county,2025,12,0.1
"Virginia Beach city, VA",county,2025,13,0.1
"Virginia Beach city, VA",county,2025,14,0.1
"Virginia Beach city, VA",county,2025,15,0.0
"Virginia Beach city, VA",county,2025,16,0.0
"Virginia Beach city, VA",county,2025,17,0.0
"Virginia Beach city, VA",county,2025,18,0.0
"Virginia Beach city, VA",county,2025,19,0.0
"Virginia Beach city, VA",county,2025,20,1.5
"Virginia Beach city, VA",county,2025,21,4.3
"Virginia Beach city, VA",county,2025,22,6.9
"Virginia Beach city, VA",county,2025,23,9.3
"Virginia Beach, VA",city,2025,0,53.1
"Virginia Beach, VA",city,2025,1,46.5
"Virginia Beach, VA",city,2025,2,40.6
"Virginia Beach, VA",city,2025,3,36.6
"Virginia Beach, VA",city,2025,4,33.1
"Virginia Beach, VA",city,2025,5,30.0
"Virginia Beach, VA",city,2025,6,26.6
"Virginia Beach, VA",city,2025,7,21.1
"Virginia Beach, VA",city,2025,8,17.7
"Virginia Beach, VA",city,2025,9,17.0
"Virginia Beach, VA",city,2025,10,18.4
"Virginia Beach, VA",city,2025,11,21.1
"Virginia Beach, VA",city,2025,12,24.4
"Virginia Beach, VA",city,2025,13,27.2
"Virginia Beach, VA",city,2025,14,30.5
"Virginia Beach, VA",city,2025,15,35.7
"Virginia Beach, VA",city,2025,16,44.4
"Virginia Beach, VA",city,2025,17,58.4
"Virginia Beach, VA",city,2025,18,68.6
"Virginia Beach, VA",city,2025,19,73.8
"Virginia Beach, VA",city,2025,20,77.0
"Virginia Beach, VA",city,2025,21,75.5
"Virginia Beach, VA",city,2025,22,70.1
"Virginia Beach, VA",city,2025,23,62.5
"Visalia, CA",city,2025,0,5.9
"Visalia, CA",city,2025,1,4.7
"Visalia, CA",city,2025,2,3.4
"Visalia, CA",city,2025,3,2.0
"Visalia, CA",city,2025,4,1.0
"Visalia, CA",city,2025,5,0.5
"Visalia, CA",city,2025,6,0.2
"Visalia, CA",city,2025,7,0.1
"Visalia, CA",city,2025,8,0.1
"Visalia, CA",city,2025,9,0.1
"Visalia, CA",city,2025,10,0.1
"Visalia, CA",city,2025,11,0.1
"Visalia, CA",city,2025,12,0.1
"Visalia, CA",city,2025,13,0.1
"Visalia, CA",city,2025,14,0.1
"Visalia, CA",city,2025,15,0.1
"Visalia, CA",city,2025,16,0.1
"Visalia, CA",city,2025,17,0.2
"Visalia, CA",city,2025,18,0.2
"Visalia, CA",city,2025,19,0.2
"Visalia, CA",city,2025,20,1.0
"Visalia, CA",city,2025,21,2.7
"Visalia, CA",city,2025,22,4.2
"Visalia, CA",city,2025,23,5.6
"Warrenton, VA",city,2025,0,1.4
"Warrenton, VA",city,2025,1,1.2
"Warrenton, VA",city,2025,2,1.0
"Warrenton, VA",city,2025,3,1.0
"Warrenton, VA",city,2025,4,0.9
"Warrenton, VA",city,2025,5,0.8
"Warrenton, VA",city,2025,6,0.7
"Warrenton, VA",city,2025,7,0.6
"Warrenton, VA",city,2025,8,0.5
"Warrenton, VA",city,2025,9,0.5
"Warrenton, VA",city,2025,10,0.5
"Warrenton, VA",city,2025,11,0.6
"Warrenton, VA",city,2025,12,0.7
"Warrenton, VA",city,2025,13,0.7
"Warrenton, VA",city,2025,14,0.8
"Warrenton, VA",city,2025,15,0.9
"Warrenton, VA",city,2025,16,1.1
"Warrenton, VA",city,2025,17,1.6
"Warrenton, VA",city,2025,18,1.8
"Warrenton, VA",city,2025,19,1.9
"Warrenton, VA",city,2025,20,2.0
"Warrenton, VA",city,2025,21,2.0
"Warrenton, VA",city,2025,22,1.8
"Warrenton, VA",city,2025,23,1.7
"Washington County, TN",county,2025,0,2.4
"Washington County, TN",county,2025,1,1.8
"Washington County, TN",county,2025,2,1.4
"Washington County, TN",county,2025,3,0.8
"Washington County, TN",county,2025,4,0.3
"Washington County, TN",county,2025,5,0.1
"Washington County, TN",county,2025,6,0.1
"Washington County, TN",county,2025,7,0.0
"Washington County, TN",county,2025,8,0.0
"Washington County, TN",county,2025,9,0.0
"Washington County, TN",county,2025,10,0.0
"Washington County, TN",county,2025,11,0.0
"Washington County, TN",county,2025,12,0.0
"Washington County, TN",county,2025,13,0.0
"Washington County, TN",county,2025,14,0.0
"Washington County, TN",county,2025,15,0.0
"Washington County, TN",county,2025,16,0.0
"Washington County, TN",county,2025,17,0.0
"Washington County, TN",county,2025,18,0.0
"Washington County, TN",county,2025,19,0.0
"Washington County, TN",county,2025,20,0.3
"Washington County, TN",county,2025,21,1.0
"Washington County, TN",county,2025,22,1.6
"Washington County, TN",county,2025,23,2.2
"Washington, DC VA",city,2025,0,54.0
"Washington, DC VA",city,2025,1,47.4
"Washington, DC VA",city,2025,2,41.4
"Washington, DC VA",city,2025,3,37.3
"Washington, DC VA",city,2025,4,33.8
"Washington, DC VA",city,2025,5,30.6
"Washington, DC VA",city,2025,6,27.0
"Washington, DC VA",city,2025,7,21.5
"Washington, DC VA",city,2025,8,18.1
"Washington, DC VA",city,2025,9,17.4
"Washington, DC VA",city,2025,10,18.8
"Washington, DC VA",city,2025,11,21.5
"Washington, DC VA",city,2025,12,24.8
"Washington, DC VA",city,2025,13,27.6
"Washington, DC VA",city,2025,14,30.9
"Washington, DC VA",city,2025,15,36.4
"Washington, DC VA",city,2025,16,45.2
"Washington, DC VA",city,2025,17,59.4
"Washington, DC VA",city,2025,18,69.8
"Washington, DC VA",city,2025,19,75.1
"Washington, DC VA",city,2025,20,78.4
"Washington, DC VA",city,2025,21,76.8
"Washington, DC VA",city,2025,22,71.4
"Washington, DC VA",city,2025,23,63.6
"Washington, UT",city,2025,0,1.2
"Washington, UT",city,2025,1,1.1
"Washington, UT",city,2025,2,1.0
"Washington, UT",city,2025,3,0.9
"Washington, UT",city,2025,4,0.8
"Washington, UT",city,2025,5,0.7
"Washington, UT",city,2025,6,0.7
"Washington, UT",city,2025,7,0.6
"Washington, UT",city,2025,8,0.5
"Washington, UT",city,2025,9,0.5
"Washington, UT",city,2025,10,0.5
"Washington, UT",city,2025,11,0.6
"Washington, UT",city,2025,12,0.6
"Washington, UT",city,2025,13,0.7
"Washington, UT",city,2025,14,0.8
"Washington, UT",city,2025,15,0.9
"Washington, UT",city,2025,16,1.0
"Washington, UT",city,2025,17,1.4
"Washington, UT",city,2025,18,1.7
"Washington, UT",city,2025,19,1.8
"Washington, UT",city,2025,20,1.8
"Washington, UT",city,2025,21,1.8
"Washington, UT",city,2025,22,1.7
"Washington, UT",city,2025,23,1.5
"Weakley County, TN",county,2025,0,1.9
"Weakley County, TN",county,2025,1,1.6
"Weakley County, TN",county,2025,2,1.1
"Weakley County, TN",county,2025,3,0.7
"Weakley County, TN",county,2025,4,0.3
"Weakley County, TN",county,2025,5,0.1
"Weakley County, TN",county,2025,6,0.1
"Weakley County, TN",county,2025,7,0.0
"Weakley County, TN",county,2025,8,0.0
"Weakley County, TN",county,2025,9,0.0
"Weakley County, TN",county,2025,10,0.0
"Weakley County, TN",county,2025,11,0.0
"Weakley County, TN",county,2025,12,0.0
"Weakley County, TN",county,2025,13,0.0
"Weakley County, TN",county,2025,14,0.0
"Weakley County, TN",county,2025,15,0.0
"Weakley County, TN",county,2025,16,0.0
"Weakley County, TN",county,2025,17,0.0
"Weakley County, TN",county,2025,18,0.0
"Weakley County, TN",county,2025,19,0.0
"Weakley County, TN",county,2025,20,0.2
"Weakley County, TN",county,2025,21,0.8
"Weakley County, TN",county,2025,22,1.4
"Weakley County, TN",county,2025,23,1.8
"Weld County, CO",county,2025,0,8.6
"Weld County, CO",county,2025,1,7.4
"Weld County, CO",county,2025,2,6.2
"Weld County, CO",county,2025,3,5.2
"Weld County, CO",county,2025,4,4.4
"Weld County, CO",county,2025,5,3.9
"Weld County, CO",county,2025,6,3.4
"Weld County, CO",county,2025,7,2.6
"Weld County, CO",county,2025,8,2.3
"Weld County, CO",county,2025,9,2.2
"Weld County, CO",county,2025,10,2.3
"Weld County, CO",county,2025,11,2.6
"Weld County, CO",county,2025,12,3.1
"Weld County, CO",county,2025,13,3.4
"Weld County, CO",county,2025,14,3.8
"Weld County, CO",county,2025,15,4.4
"Weld County, CO",county,2025,16,5.6
"Weld County, CO",county,2025,17,7.3
"Weld County, CO",county,2025,18,8.5
"Weld County, CO",county,2025,19,9.2
"Weld County, CO",county,2025,20,9.9
"Weld County, CO",county,2025,21,10.2
"Weld County, CO",county,2025,22,10.1
"Weld County, CO",county,2025,23,9.8
"West Palm Beach, FL",city,2025,0,9.5
"West Palm Beach, FL",city,2025,1,8.2
"West Palm Beach, FL",city,2025,2,6.9
"West Palm Beach, FL",city,2025,3,5.9
"West Palm Beach, FL",city,2025,4,5.1
"West Palm Beach, FL",city,2025,5,4.4
"West Palm Beach, FL",city,2025,6,3.9
"West Palm Beach, FL",city,2025,7,3.1
"West Palm Beach, FL",city,2025,8,2.6
"West Palm Beach, FL",city,2025,9,2.5
"West Palm Beach, FL",city,2025,10,2.7
"West Palm Beach, FL",city,2025,11,3.1
"West Palm Beach, FL",city,2025,12,3.5
"West Palm Beach, FL",city,2025,13,4.0
"West Palm Beach, FL",city,2025,14,4.4
"West Palm Beach, FL",city,2025,15,5.1
"West Palm Beach, FL",city,2025,16,6.5
"West Palm Beach, FL",city,2025,17,8.4
"West Palm Beach, FL",city,2025,18,9.9
"West Palm Beach, FL",city,2025,19,10.7
"West Palm Beach, FL",city,2025,20,11.4
"West Palm Beach, FL",city,2025,21,11.7
"West Palm Beach, FL",city,2025,22,11.5
"West Palm Beach, FL",city,2025,23,10.8
"Westminster, CO",city,2025,0,3.9
"Westminster, CO",city,2025,1,3.4
"Westminster, CO",city,2025,2,3.0
"Westminster, CO",city,2025,3,2.6
"Westminster, CO",city,2025,4,2.4
"Westminster, CO",city,2025,5,2.2
"Westminster, CO",city,2025,6,1.9
"Westminster, CO",city,2025,7,1.6
"Westminster, CO",city,2025,8,1.2
"Westminster, CO",city,2025,9,1.2
"Westminster, CO",city,2025,10,1.4
"Westminster, CO",city,2025,11,1.6
"Westminster, CO",city,2025,12,1.8
"Westminster, CO",city,2025,13,1.9
"Westminster, CO",city,2025,14,2.2
"Westminster, CO",city,2025,15,2.6
"Westminster, CO",city,2025,16,3.3
"Westminster, CO",city,2025,17,4.2
"Westminster, CO",city,2025,18,5.0
"Westminster, CO",city,2025,19,5.3
"Westminster, CO",city,2025,20,5.6
"Westminster, CO",city,2025,21,5.5
"Westminster, CO",city,2025,22,5.1
"Westminster, CO",city,2025,23,4.5
"Whittier, CA",city,2025,0,14.4
"Whittier, CA",city,2025,1,12.6
"Whittier, CA",city,2025,2,11.0
"Whittier, CA",city,2025,3,9.9
"Whittier, CA",city,2025,4,9.0
"Whittier, CA",city,2025,5,8.2
"Whittier, CA",city,2025,6,7.2
"Whittier, CA",city,2025,7,5.7
"Whittier, CA",city,2025,8,4.8
"Whittier, CA",city,2025,9,4.7
"Whittier, CA",city,2025,10,5.0
"Whittier, CA",city,2025,11,5.7
"Whittier, CA",city,2025,12,6.6
"Whittier, CA",city,2025,13,7.4
"Whittier, CA",city,2025,14,8.3
"Whittier, CA",city,2025,15,9.7
"Whittier, CA",city,2025,16,12.0
"Whittier, CA",city,2025,17,15.8
"Whittier, CA",city,2025,18,18.6
"Whittier, CA",city,2025,19,20.0
"Whittier, CA",city,2025,20,20.9
"Whittier, CA",city,2025,21,20.5
"Whittier, CA",city,2025,22,19.0
"Whittier, CA",city,2025,23,16.9
"Windsor, CO",city,2025,0,2.4
"Windsor, CO",city,2025,1,2.0
"Windsor, CO",city,2025,2,1.8
"Windsor, CO",city,2025,3,1.6
"Windsor, CO",city,2025,4,1.5
"Windsor, CO",city,2025,5,1.4
"Windsor, CO",city,2025,6,1.2
"Windsor, CO",city,2025,7,0.9
"Windsor, CO",city,2025,8,0.8
"Windsor, CO",city,2025,9,0.8
"Windsor, CO",city,2025,10,0.8
"Windsor, CO",city,2025,11,0.9
"Windsor, CO",city,2025,12,1.1
"Windsor, CO",city,2025,13,1.2
"Windsor, CO",city,2025,14,1.4
"Windsor, CO",city,2025,15,1.6
"Windsor, CO",city,2025,16,2.0
"Windsor, CO",city,2025,17,2.6
"Windsor, CO",city,2025,18,3.1
"Windsor, CO",city,2025,19,3.3
"Windsor, CO",city,2025,20,3.4
"Windsor, CO",city,2025,21,3.4
"Windsor, CO",city,2025,22,3.2
"Windsor, CO",city,2025,23,2.8
"Winnebago County, WI",county,2025,0,7.8
"Winnebago County, WI",county,2025,1,6.8
"Winnebago County, WI",county,2025,2,6.0
"Winnebago County, WI",county,2025,3,5.3
"Winnebago County, WI",county,2025,4,4.9
"Winnebago County, WI",county,2025,5,4.4
"Winnebago County, WI",county,2025,6,3.9
"Winnebago County, WI",county,2025,7,3.1
"Winnebago County, WI",county,2025,8,2.6
"Winnebago County, WI",county,2025,9,2.5
"Winnebago County, WI",county,2025,10,2.7
"Winnebago County, WI",county,2025,11,3.1
"Winnebago County, WI",county,2025,12,3.6
"Winnebago County, WI",county,2025,13,4.0
"Winnebago County, WI",county,2025,14,4.4
"Winnebago County, WI",county,2025,15,5.2
"Winnebago County, WI",county,2025,16,6.6
"Winnebago County, WI",county,2025,17,8.6
"Winnebago County, WI",county,2025,18,10.1
"Winnebago County, WI",county,2025,19,10.9
"Winnebago County, WI",county,2025,20,11.4
"Winnebago County, WI",county,2025,21,11.1
"Winnebago County, WI",county,2025,22,10.3
"Winnebago County, WI",county,2025,23,9.2
"Wyandotte County, KS MO",county,2025,0,21.1
"Wyandotte County, KS MO",county,2025,1,16.9
"Wyandotte County, KS MO",county,2025,2,12.2
"Wyandotte County, KS MO",county,2025,3,7.4
"Wyandotte County, KS MO",county,2025,4,3.8
"Wyandotte County, KS MO",county,2025,5,1.6
"Wyandotte County, KS MO",county,2025,6,0.8
"Wyandotte County, KS MO",county,2025,7,0.5
"Wyandotte County, KS MO",county,2025,8,0.3
"Wyandotte County, KS MO",county,2025,9,0.3
"Wyandotte County, KS MO",county,2025,10,0.3
"Wyandotte County, KS MO",county,2025,11,0.3
"Wyandotte County, KS MO",county,2025,12,0.5
"Wyandotte County, KS MO",county,2025,13,0.5
"Wyandotte County, KS MO",county,2025,14,0.3
"Wyandotte County, KS MO",county,2025,15,0.3
"Wyandotte County, KS MO",county,2025,16,0.3
"Wyandotte County, KS MO",county,2025,17,0.5
"Wyandotte County, KS MO",county,2025,18,0.5
"Wyandotte County, KS MO",county,2025,19,0.6
"Wyandotte County, KS MO",county,2025,20,3.5
"Wyandotte County, KS MO",county,2025,21,9.4
"Wyandotte County, KS MO",county,2025,22,15.0
"Wyandotte County, KS MO",county,2025,23,19.9
"Yolo County, CA",county,2025,0,5.8
"Yolo County, CA",county,2025,1,5.1
"Yolo County, CA",county,2025,2,4.4
"Yolo County, CA",county,2025,3,4.0
"Yolo County, CA",county,2025,4,3.6
"Yolo County, CA",county,2025,5,3.3
"Yolo County, CA",county,2025,6,3.0
"Yolo County, CA",county,2025,7,2.3
"Yolo County, CA",county,2025,8,1.9
"Yolo County, CA",county,2025,9,1.8
"Yolo County, CA",county,2025,10,2.0
"Yolo County, CA",county,2025,11,2.3
"Yolo County, CA",county,2025,12,2.7
"Yolo County, CA",county,2025,13,3.0
"Yolo County, CA",county,2025,14,3.4
"Yolo County, CA",county,2025,15,4.0
"Yolo County, CA",county,2025,16,4.9
"Yolo County, CA",county,2025,17,6.5
"Yolo County, CA",county,2025,18,7.6
"Yolo County, CA",county,2025,19,8.2
"Yolo County, CA",county,2025,20,8.5
"Yolo County, CA",county,2025,21,8.3
"Yolo County, CA",county,2025,22,7.7
"Yolo County, CA",county,2025,23,6.9
"York County, VA",county,2025,0,1.6
"York County, VA",county,2025,1,1.5
"York County, VA",county,2025,2,1.2
"York County, VA",county,2025,3,1.1
"York County, VA",county,2025,4,1.0
"York County, VA",county,2025,5,0.9
"York County, VA",county,2025,6,0.8
"York County, VA",county,2025,7,0.7
"York County, VA",county,2025,8,0.6
"York County, VA",county,2025,9,0.6
"York County, VA",county,2025,10,0.6
"York County, VA",county,2025,11,0.7
"York County, VA",county,2025,12,0.8
"York County, VA",county,2025,13,0.8
"York County, VA",county,2025,14,0.9
"York County, VA",county,2025,15,1.1
"York County, VA",county,2025,16,1.4
"York County, VA",county,2025,17,1.8
"York County, VA",county,2025,18,2.2
"York County, VA",county,2025,19,2.3
"York County, VA",county,2025,20,2.4
"York County, VA",county,2025,21,2.4
"York County, VA",county,2025,22,2.2
"York County, VA",county,2025,23,1.9
"Yuma County, AZ",county,2025,0,2.5
"Yuma County, AZ",county,2025,1,2.0
"Yuma County, AZ",county,2025,2,1.4
"Yuma County, AZ",county,2025,3,0.9
"Yuma County, AZ",county,2025,4,0.5
"Yuma County, AZ",county,2025,5,0.1
"Yuma County, AZ",county,2025,6,0.1
"Yuma County, AZ",county,2025,7,0.0
"Yuma County, AZ",county,2025,8,0.0
"Yuma County, AZ",county,2025,9,0.0
"Yuma County, AZ",county,2025,10,0.0
"Yuma County, AZ",county,2025,11,0.0
"Yuma County, AZ",county,2025,12,0.0
"Yuma County, AZ",county,2025,13,0.0
"Yuma County, AZ",county,2025,14,0.0
"Yuma County, AZ",county,2025,15,0.0
"Yuma County, AZ",county,2025,16,0.0
"Yuma County, AZ",county,2025,17,0.0
"Yuma County, AZ",county,2025,18,0.0
"Yuma County, AZ",county,2025,19,0.0
"Yuma County, AZ",county,2025,20,0.3
"Yuma County, AZ",county,2025,21,1.0
"Yuma County, AZ",county,2025,22,1.7
"Yuma County, AZ",county,2025,23,2.3
